0 0.994167 0.910833 0.0116667 0.0316667
0 0.162917 0.39375 0.0358333 0.0391667
0 0.015 0.609583 0.0283333 0.0325
0 0.24875 0.887917 0.0358333 0.0391667
0 0.868333 0.9725 0.0266667 0.03
0 0.387083 0.273333 0.0308333 0.0316667
0 0.70375 0.884583 0.0375 0.0408333
0 0.591667 0.131667 0.0416667 0.0466667
0 0.255 0.93875 0.0366667 0.0391667
0 0.225417 0.925 0.0308333 0.0316667
0 0.800833 0.90875 0.0366667 0.0408333
0 0.7025 0.02125 0.03 0.0325
0 0.662083 0.93625 0.0458333 0.0458333
0 0.0479167 0.46125 0.0408333 0.0458333
0 0.13125 0.162917 0.0258333 0.0291667
0 0.164583 0.209583 0.0275 0.0275
0 0.204167 0.207917 0.0283333 0.0291667
0 0.332917 0.259583 0.0391667 0.0391667
0 0.11375 0.364167 0.0258333 0.0266667
0 0.770417 0.753333 0.0341667 0.0333333
0 0.735833 0.933333 0.0416667 0.0416667
0 0.8425 0.427917 0.0333333 0.0341667
0 0.426667 0.76375 0.035 0.0375
0 0.287917 0.297917 0.0291667 0.0308333
0 0.424167 0.26125 0.0416667 0.0425
0 0.594167 0.91 0.0383333 0.045
0 0.454583 0.325417 0.0291667 0.0291667
0 0.465833 0.83875 0.0416667 0.0425
0 0.600417 0.740417 0.0425 0.0408333
0 0.765417 0.680417 0.0375 0.0375
0 0.809167 0.483333 0.0316667 0.035
0 0.29625 0.379583 0.0308333 0.0308333
0 0.4825 0.260417 0.0366667 0.0425
0 0.950417 0.580833 0.0325 0.035
0 0.511667 0.215 0.03 0.0333333
0 0.944167 0.865833 0.0333333 0.0366667
0 0.840417 0.525833 0.0258333 0.0266667
0 0.577083 0.675833 0.0358333 0.0366667
0 0.701667 0.8175 0.0366667 0.0383333
0 0.642083 0.0916667 0.0325 0.0366667
0 0.66125 0.725833 0.0325 0.0333333
0 0.17625 0.45375 0.0341667 0.0358333
0 0.897083 0.672917 0.0358333 0.0408333
0 0.86125 0.4975 0.0358333 0.04
0 0.825417 0.619583 0.0308333 0.0325
0 0.3375 0.471667 0.035 0.0333333
0 0.85125 0.0329167 0.0375 0.0425
0 0.270417 0.224583 0.0375 0.0391667
0 0.969167 0.42875 0.0333333 0.0358333
0 0.7575 0.469583 0.0316667 0.0325
0 0.7575 0.84375 0.035 0.0375
0 0.873333 0.59 0.03 0.03
0 0.94 0.482083 0.0316667 0.0308333
0 0.370833 0.205833 0.035 0.0366667
0 0.0195833 0.11375 0.0258333 0.0275
0 0.3825 0.364583 0.0316667 0.0325
0 0.499167 0.797917 0.035 0.0391667
0 0.149583 0.584583 0.0308333 0.0308333
0 0.916667 0.352083 0.0383333 0.0391667
0 0.664583 0.0558333 0.0291667 0.0283333
0 0.0920833 0.12375 0.0341667 0.0375
0 0.516667 0.72125 0.035 0.0358333
0 0.671667 0.59125 0.0366667 0.0391667
0 0.129167 0.595833 0.0333333 0.0366667
0 0.400833 0.0670833 0.035 0.0358333
0 0.299583 0.0970833 0.0325 0.0358333
0 0.247083 0.315833 0.0358333 0.0383333
0 0.79125 0.54125 0.0358333 0.0358333
0 0.00833333 0.348333 0.0166667 0.0333333
0 0.527083 0.657917 0.0325 0.0341667
0 0.552083 0.17125 0.0341667 0.0341667
0 0.177083 0.92125 0.0308333 0.0325
0 0.0825 0.982917 0.03 0.0308333
0 0.412917 0.188333 0.0358333 0.0366667
0 0.458333 0.200417 0.035 0.0375
0 0.576667 0.197917 0.0333333 0.0358333
0 0.709167 0.764583 0.035 0.0375
0 0.702917 0.645 0.0258333 0.0266667
0 0.964167 0.83375 0.03 0.0308333
0 0.439583 0.07 0.0275 0.0283333
0 0.05125 0.985417 0.0275 0.0258333
0 0.85 0.907083 0.0366667 0.0391667
0 0.345 0.94875 0.0333333 0.0358333
0 0.366667 0.132917 0.0333333 0.0358333
0 0.253333 0.245417 0.0283333 0.0308333
0 0.725833 0.0566667 0.0316667 0.0333333
0 0.335417 0.865 0.0358333 0.04
0 0.769167 0.0808333 0.0366667 0.0366667
0 0.214167 0.594167 0.0333333 0.0333333
0 0.754583 0.590417 0.0325 0.0325
0 0.506667 0.927083 0.035 0.0391667
0 0.559583 0.219583 0.0291667 0.0291667
0 0.398333 0.320833 0.0333333 0.035
0 0.128333 0.407917 0.0366667 0.0375
0 0.923333 0.705833 0.0383333 0.04
0 0.95625 0.96375 0.0358333 0.0375
0 0.0495833 0.025 0.0341667 0.035
0 0.638333 0.0429167 0.035 0.0375
0 0.521667 0.0225 0.0333333 0.035
0 0.0154167 0.248333 0.0308333 0.0333333
0 0.70375 0.985 0.0291667 0.0266667
0 0.124583 0.210833 0.0358333 0.0366667
0 0.71625 0.14625 0.0341667 0.0341667
0 0.05375 0.326667 0.0308333 0.0316667
0 0.6675 0.135417 0.035 0.0375
0 0.147083 0.314167 0.0325 0.0316667
0 0.73375 0.529167 0.0325 0.0366667
0 0.0916667 0.5225 0.035 0.0383333
0 0.674167 0.805 0.0316667 0.035
0 0.5025 0.100833 0.03 0.03
0 0.260833 0.134167 0.03 0.0316667
0 0.498333 0.7425 0.0266667 0.0283333
0 0.769583 0.01 0.0341667 0.02
0 0.526667 0.976667 0.0316667 0.035
0 0.100833 0.464167 0.0316667 0.0333333
0 0.109583 0.0208333 0.0291667 0.03
0 0.9875 0.79125 0.025 0.0291667
0 0.956667 0.73 0.035 0.04
0 0.25625 0.0479167 0.0308333 0.0308333
0 0.196667 0.05125 0.0283333 0.0291667
0 0.92 0.884167 0.0333333 0.0366667
0 0.941667 0.658333 0.0366667 0.04
0 0.986667 0.38 0.025 0.0283333
0 0.906667 0.403333 0.03 0.0333333
0 0.526667 0.87125 0.03 0.0325
0 0.608333 0.821667 0.0333333 0.035
0 0.567083 0.9625 0.0341667 0.0366667
0 0.872917 0.767917 0.0358333 0.0375
0 0.195417 0.271667 0.0291667 0.03
0 0.0929167 0.0670833 0.0275 0.0275
0 0.600833 0.983333 0.0333333 0.0333333
0 0.0558333 0.396667 0.03 0.0316667
0 0.209583 0.166667 0.0291667 0.0316667
0 0.403333 0.965833 0.0316667 0.0316667
0 0.07625 0.639583 0.0325 0.0341667
0 0.0895833 0.247917 0.0291667 0.0308333
0 0.09875 0.168333 0.0325 0.0333333
0 0.888333 0.854583 0.03 0.0325
0 0.756667 0.78625 0.03 0.0308333
0 0.984583 0.630417 0.0308333 0.0341667
0 0.918333 0.8025 0.035 0.0383333
0 0.904167 0.45875 0.0316667 0.0325
0 0.0695833 0.585833 0.0325 0.035
0 0.782083 0.962917 0.0308333 0.0341667
