0 0.294583 0.415833 0.0258333 0.0283333
0 0.00833333 0.8 0.0166667 0.0316667
0 0.943333 0.0816667 0.0416667 0.04
0 0.81875 0.265833 0.0375 0.045
0 0.317083 0.457083 0.0308333 0.0325
0 0.27 0.2125 0.0383333 0.0416667
0 0.378333 0.727917 0.0283333 0.0341667
0 0.524583 0.56625 0.0291667 0.0308333
0 0.575417 0.7825 0.0408333 0.0516667
0 0.0908333 0.9075 0.0416667 0.0416667
0 0.775417 0.2125 0.0425 0.0466667
0 0.826667 0.646667 0.0283333 0.0283333
0 0.247083 0.83875 0.0375 0.0391667
0 0.120833 0.5575 0.04 0.0416667
0 0.536667 0.00708333 0.0283333 0.0141667
0 0.913333 0.0683333 0.0266667 0.0283333
0 0.30375 0.746667 0.0408333 0.0433333
0 0.1775 0.740833 0.0366667 0.0383333
0 0.08375 0.790833 0.0391667 0.0433333
0 0.23875 0.257083 0.0391667 0.0391667
0 0.985833 0.314167 0.0283333 0.0316667
0 0.3775 0.0433333 0.0266667 0.025
0 0.71625 0.285 0.0341667 0.035
0 0.0329167 0.921667 0.0291667 0.0283333
0 0.4175 0.205833 0.035 0.0416667
0 0.33 0.177917 0.0383333 0.0391667
0 0.388333 0.680833 0.0366667 0.0466667
0 0.437917 0.102917 0.0291667 0.0308333
0 0.9125 0.310833 0.03 0.03
0 0.49375 0.161667 0.0358333 0.0383333
0 0.19375 0.375833 0.0358333 0.0416667
0 0.439167 0.0145833 0.0333333 0.0291667
0 0.652083 0.797917 0.0375 0.0425
0 0.889167 0.530417 0.045 0.0525
0 0.24875 0.3875 0.0391667 0.04
0 0.181667 0.49625 0.03 0.0325
0 0.612083 0.875 0.0358333 0.0383333
0 0.495833 0.394167 0.035 0.04
0 0.553333 0.362917 0.0366667 0.0375
0 0.654583 0.202917 0.0325 0.0325
0 0.482083 0.00958333 0.0325 0.0175
0 0.425 0.700417 0.0366667 0.0358333
0 0.253333 0.575 0.0366667 0.0366667
0 0.922917 0.572917 0.0408333 0.0425
0 0.0120833 0.356667 0.0241667 0.0316667
0 0.474583 0.249583 0.0358333 0.0391667
0 0.34875 0.102083 0.0341667 0.0375
0 0.02875 0.62 0.0391667 0.04
0 0.0654167 0.954167 0.0391667 0.04
0 0.217083 0.16875 0.0375 0.0375
0 0.867083 0.332083 0.0358333 0.0375
0 0.045 0.8725 0.0166667 0.0166667
0 0.152917 0.506667 0.0208333 0.02
0 0.10125 0.9925 0.0308333 0.015
0 0.375417 0.130833 0.0325 0.0333333
0 0.191667 0.67375 0.0366667 0.0391667
0 0.0908333 0.5075 0.035 0.0383333
0 0.710833 0.466667 0.0266667 0.0266667
0 0.892083 0.6125 0.0325 0.035
0 0.618333 0.6975 0.0366667 0.0383333
0 0.417917 0.400417 0.0358333 0.0391667
0 0.98625 0.462083 0.0275 0.0325
0 0.939583 0.507917 0.0358333 0.0391667
0 0.349167 0.38 0.0316667 0.0316667
0 0.475417 0.44625 0.0341667 0.0375
0 0.460833 0.83125 0.0366667 0.0391667
0 0.767083 0.574167 0.0375 0.035
0 0.604167 0.361667 0.0366667 0.0366667
0 0.456667 0.632917 0.0383333 0.0408333
0 0.61375 0.314583 0.0325 0.0358333
0 0.785417 0.627083 0.0358333 0.0391667
0 0.5325 0.632917 0.0233333 0.0258333
0 0.582917 0.544583 0.0308333 0.0341667
0 0.564583 0.28 0.0341667 0.0383333
0 0.5825 0.150417 0.0383333 0.0408333
0 0.454167 0.875833 0.0366667 0.0416667
0 0.98125 0.0854167 0.0358333 0.0358333
0 0.713333 0.409167 0.035 0.035
0 0.8625 0.0683333 0.0333333 0.0366667
0 0.435 0.495417 0.0316667 0.0341667
0 0.87 0.566667 0.0316667 0.0366667
0 0.16125 0.625833 0.0358333 0.0366667
0 0.0291667 0.7475 0.0333333 0.0333333
0 0.259583 0.633333 0.0341667 0.035
0 0.26875 0.963333 0.0308333 0.035
0 0.802917 0.407083 0.0341667 0.0358333
0 0.640417 0.254583 0.0375 0.0391667
0 0.585 0.392083 0.0316667 0.0325
0 0.932083 0.418333 0.0375 0.0416667
0 0.436667 0.0625 0.0333333 0.035
0 0.844583 0.222917 0.0341667 0.0358333
0 0.402083 0.31375 0.0325 0.0341667
0 0.316667 0.658333 0.03 0.0316667
0 0.882917 0.409583 0.0358333 0.0408333
0 0.9075 0.66625 0.035 0.0358333
0 0.0745833 0.710833 0.0341667 0.035
0 0.025 0.672917 0.0333333 0.0341667
0 0.5175 0.516667 0.0283333 0.0316667
0 0.607083 0.0379167 0.0325 0.0341667
0 0.12 0.851667 0.035 0.0366667
0 0.0933333 0.625 0.0333333 0.035
0 0.315833 0.8025 0.0316667 0.0333333
0 0.42125 0.78 0.0341667 0.0383333
0 0.708333 0.625417 0.0216667 0.0225
0 0.0979167 0.659167 0.0325 0.0316667
0 0.416667 0.120417 0.0316667 0.0341667
0 0.360833 0.899583 0.0333333 0.0341667
0 0.608333 0.741667 0.035 0.0366667
0 0.130417 0.380417 0.0308333 0.0325
0 0.482083 0.900833 0.0358333 0.0366667
0 0.127917 0.74625 0.0341667 0.0358333
0 0.288333 0.5025 0.0333333 0.035
0 0.422083 0.62 0.0325 0.0333333
0 0.936667 0.246667 0.0233333 0.025
0 0.7075 0.327083 0.0333333 0.0358333
0 0.5775 0.444583 0.0316667 0.0341667
0 0.5775 0.666667 0.0316667 0.0333333
0 0.46 0.364167 0.03 0.0316667
0 0.192917 0.834167 0.0358333 0.0366667
0 0.116667 0.429583 0.035 0.0358333
0 0.692917 0.673333 0.0308333 0.0333333
0 0.825833 0.355833 0.0366667 0.0383333
0 0.641667 0.51875 0.03 0.0308333
0 0.184167 0.98875 0.0316667 0.0208333
0 0.361667 0.4725 0.0333333 0.0366667
0 0.482917 0.568333 0.0341667 0.035
0 0.79625 0.481667 0.0291667 0.03
0 0.755417 0.65125 0.0308333 0.0325
0 0.863333 0.02 0.0316667 0.03
0 0.3525 0.54125 0.0383333 0.0375
0 0.286667 0.25625 0.0316667 0.0341667
0 0.4975 0.740833 0.0316667 0.0333333
0 0.769167 0.0204167 0.0316667 0.0325
0 0.36625 0.776667 0.0325 0.035
0 0.375 0.44 0.0316667 0.0333333
0 0.517917 0.10125 0.0325 0.0341667
0 0.321667 0.2525 0.025 0.0266667
0 0.549583 0.83125 0.0341667 0.0375
0 0.250417 0.443333 0.0308333 0.0316667
0 0.576667 0.606667 0.03 0.03
0 0.940417 0.987917 0.0308333 0.0241667
0 0.507917 0.685417 0.0308333 0.0325
0 0.2225 0.920417 0.0333333 0.0341667
0 0.635 0.449583 0.0283333 0.0291667
0 0.466667 0.177083 0.0316667 0.0325
0 0.674583 0.574583 0.0291667 0.0291667
0 0.5475 0.890833 0.0333333 0.035
0 0.36875 0.215833 0.0308333 0.0316667
0 0.232917 0.506667 0.0325 0.0333333
0 0.206667 0.590417 0.0333333 0.0341667
0 0.536667 0.325 0.0283333 0.0316667
0 0.7225 0.564167 0.025 0.025
0 0.111667 0.29375 0.0316667 0.0325
0 0.495 0.810417 0.0333333 0.0358333
0 0.752917 0.300833 0.0308333 0.0316667
