0 0.25875 0.992917 0.0275 0.0141667
0 0.114167 0.418333 0.0316667 0.0316667
0 0.166667 0.990833 0.0266667 0.0166667
0 0.89625 0.185833 0.0325 0.035
0 0.00791667 0.445417 0.0158333 0.0341667
0 0.995 0.710833 0.01 0.0316667
0 0.7175 0.963333 0.0416667 0.0466667
0 0.10875 0.182083 0.0291667 0.0275
0 0.124583 0.885833 0.0275 0.03
0 0.201667 0.251667 0.0316667 0.0333333
0 0.476667 0.614167 0.0333333 0.035
0 0.685833 0.581667 0.0283333 0.0283333
0 0.971667 0.1425 0.0383333 0.04
0 0.465417 0.8775 0.0375 0.04
0 0.622083 0.823333 0.0308333 0.0333333
0 0.150833 0.839167 0.0266667 0.0283333
0 0.832083 0.343333 0.0258333 0.0266667
0 0.5575 0.993333 0.0333333 0.0133333
0 0.7975 0.71375 0.0383333 0.0458333
0 0.404167 0.701667 0.035 0.04
0 0.284167 0.67875 0.0383333 0.0425
0 0.835 0.469167 0.025 0.0266667
0 0.154583 0.41125 0.0325 0.0341667
0 0.5075 0.442083 0.0366667 0.0425
0 0.475 0.095 0.0366667 0.0416667
0 0.67125 0.459167 0.0341667 0.04
0 0.915 0.283333 0.0383333 0.0433333
0 0.864167 0.489167 0.0283333 0.0283333
0 0.625 0.622083 0.0416667 0.0408333
0 0.555417 0.457083 0.0358333 0.0341667
0 0.14625 0.1 0.0308333 0.035
0 0.384167 0.792917 0.0366667 0.0391667
0 0.340417 0.942917 0.0408333 0.0441667
0 0.919583 0.417917 0.0358333 0.0408333
0 0.87875 0.613333 0.0375 0.045
0 0.845417 0.964167 0.0275 0.0316667
0 0.838333 0.556667 0.0266667 0.0283333
0 0.5225 0.65625 0.0333333 0.0375
0 0.15125 0.14375 0.0275 0.0258333
0 0.155833 0.201667 0.0383333 0.045
0 0.833333 0.59375 0.04 0.0458333
0 0.23625 0.66375 0.0341667 0.0375
0 0.460417 0.935833 0.0391667 0.0433333
0 0.0758333 0.908333 0.0366667 0.04
0 0.0279167 0.89625 0.0391667 0.0441667
0 0.414167 0.864583 0.035 0.0375
0 0.75375 0.651667 0.0425 0.045
0 0.0783333 0.4 0.0383333 0.0416667
0 0.386667 0.92 0.0366667 0.0383333
0 0.594167 0.390417 0.0316667 0.0341667
0 0.354583 0.0895833 0.0308333 0.0341667
0 0.192917 0.169167 0.0341667 0.035
0 0.0591667 0.257917 0.0333333 0.0341667
0 0.69875 0.557083 0.0375 0.0408333
0 0.964583 0.23 0.0358333 0.0383333
0 0.4075 0.165 0.035 0.04
0 0.382083 0.0591667 0.0275 0.0283333
0 0.6375 0.0104167 0.0316667 0.0191667
0 0.176667 0.0979167 0.0266667 0.0291667
0 0.537917 0.545417 0.0325 0.0358333
0 0.520417 0.96 0.0358333 0.0383333
0 0.884583 0.330417 0.0258333 0.0275
0 0.310833 0.0295833 0.0316667 0.0325
0 0.64625 0.717083 0.0358333 0.0391667
0 0.339167 0.760833 0.0366667 0.04
0 0.777083 0.245417 0.0341667 0.0358333
0 0.964167 0.919167 0.0366667 0.0383333
0 0.582083 0.879583 0.0325 0.0358333
0 0.599167 0.58 0.0366667 0.04
0 0.0929167 0.274167 0.0325 0.035
0 0.03375 0.521667 0.0325 0.0333333
0 0.33125 0.87 0.0358333 0.0366667
0 0.119583 0.970833 0.0358333 0.0366667
0 0.518333 0.121667 0.0316667 0.0333333
0 0.91 0.672917 0.0316667 0.0341667
0 0.925417 0.739167 0.0308333 0.0333333
0 0.05625 0.1225 0.0241667 0.025
0 0.5375 0.90875 0.035 0.0375
0 0.700417 0.265 0.0325 0.035
0 0.72 0.691667 0.0366667 0.04
0 0.683333 0.420833 0.0333333 0.035
0 0.0191667 0.968333 0.03 0.0333333
0 0.97625 0.988333 0.0258333 0.0233333
0 0.256667 0.88375 0.035 0.0375
0 0.689167 0.852083 0.03 0.0325
0 0.982083 0.6625 0.0358333 0.04
0 0.277083 0.07125 0.0341667 0.0341667
0 0.02875 0.07375 0.0358333 0.0391667
0 0.807083 0.393333 0.0341667 0.035
0 0.760833 0.279167 0.0266667 0.0283333
0 0.675 0.823333 0.0283333 0.03
0 0.432083 0.973333 0.0325 0.0333333
0 0.893333 0.855417 0.035 0.0358333
0 0.1525 0.809167 0.035 0.0366667
0 0.864583 0.377917 0.0291667 0.0308333
0 0.754583 0.450833 0.0325 0.035
0 0.109167 0.0725 0.0316667 0.0316667
0 0.984583 0.83 0.0291667 0.0333333
0 0.5975 0.702083 0.035 0.0375
0 0.640833 0.39125 0.0316667 0.0341667
0 0.903333 0.978333 0.0316667 0.0333333
0 0.840833 0.2975 0.0366667 0.0383333
0 0.774167 0.906667 0.035 0.0366667
0 0.757083 0.945417 0.0325 0.0358333
0 0.89 0.13375 0.03 0.0325
0 0.949583 0.575833 0.0341667 0.035
0 0.19125 0.714167 0.0325 0.035
0 0.887917 0.9475 0.0325 0.0333333
0 0.879167 0.217917 0.03 0.0308333
0 0.66875 0.659583 0.0341667 0.0375
0 0.310417 0.105417 0.0308333 0.0325
0 0.155833 0.0133333 0.0283333 0.0266667
0 0.879583 0.802917 0.0308333 0.0325
0 0.1525 0.261667 0.035 0.0366667
0 0.02375 0.217083 0.0291667 0.0308333
0 0.08125 0.16375 0.0291667 0.0308333
0 0.269167 0.76125 0.03 0.0325
0 0.1625 0.93875 0.03 0.0308333
0 0.8325 0.76375 0.035 0.0375
0 0.0879167 0.814167 0.0325 0.0333333
0 0.886667 0.671667 0.0316667 0.035
0 0.697917 0.75875 0.0325 0.0358333
0 0.0458333 0.0283333 0.035 0.0383333
0 0.130417 0.32125 0.0325 0.0341667
0 0.79625 0.647083 0.0341667 0.0358333
0 0.79 0.984583 0.03 0.0275
0 0.719583 0.317917 0.0341667 0.0341667
0 0.165833 0.289167 0.03 0.03
0 0.21375 0.935833 0.0291667 0.03
0 0.887917 0.549583 0.0308333 0.0325
0 0.925833 0.370833 0.03 0.0316667
0 0.575417 0.84875 0.0358333 0.0375
0 0.532917 0.813333 0.0341667 0.035
0 0.23125 0.391667 0.0258333 0.0266667
0 0.743333 0.340833 0.0316667 0.0333333
0 0.465833 0.54375 0.03 0.0308333
0 0.824167 0.865417 0.0333333 0.0341667
0 0.772083 0.58125 0.0308333 0.0325
0 0.635833 0.908333 0.0316667 0.0333333
0 0.802917 0.805833 0.0291667 0.03
0 0.874167 0.910417 0.0316667 0.0325
0 0.465417 0.0229167 0.0325 0.0325
0 0.975833 0.795 0.03 0.0333333
0 0.91375 0.504167 0.0291667 0.03
0 0.491667 0.717917 0.0333333 0.0341667
0 0.739583 0.86375 0.0325 0.0325
0 0.2875 0.26875 0.0283333 0.0291667
0 0.909167 0.5875 0.0316667 0.035
0 0.492917 0.929167 0.0358333 0.04
0 0.259583 0.275 0.0341667 0.035
0 0.6575 0.79875 0.0316667 0.0341667
0 0.665833 0.89875 0.0283333 0.0291667
0 0.43125 0.767917 0.0341667 0.0358333
0 0.614583 0.985 0.0275 0.0266667
0 0.0483333 0.9675 0.0316667 0.0333333
0 0.934583 0.799167 0.0308333 0.0333333
0 0.66625 0.3625 0.0325 0.0333333
