0 0.7325 0.0891667 0.0333333 0.0366667
0 0.625833 0.145833 0.0416667 0.045
0 0.164167 0.09 0.0316667 0.035
0 0.215833 0.432083 0.035 0.0375
0 0.343333 0.1475 0.0233333 0.0266667
0 0.0791667 0.26375 0.0333333 0.0375
0 0.37 0.240833 0.0383333 0.045
0 0.59125 0.35375 0.0325 0.0341667
0 0.76875 0.99125 0.0308333 0.0175
0 0.324583 0.449583 0.0425 0.0475
0 0.463333 0.33125 0.0416667 0.0425
0 0.635833 0.42625 0.03 0.0325
0 0.82875 0.359167 0.0325 0.0366667
0 0.145833 0.650833 0.0283333 0.0333333
0 0.397083 0.304167 0.0358333 0.0383333
0 0.01 0.372917 0.02 0.0325
0 0.0495833 0.797083 0.0358333 0.0358333
0 0.22 0.732917 0.0266667 0.0291667
0 0.31375 0.00916667 0.0341667 0.0166667
0 0.135 0.515 0.0266667 0.0283333
0 0.06 0.49625 0.0366667 0.0425
0 0.470417 0.03625 0.0375 0.0375
0 0.344583 0.338333 0.0375 0.0383333
0 0.321667 0.398333 0.0333333 0.035
0 0.950833 0.0891667 0.0316667 0.0433333
0 0.121667 0.727083 0.04 0.0475
0 0.19625 0.73375 0.0375 0.0391667
0 0.08625 0.575 0.0341667 0.0416667
0 0.79375 0.0733333 0.0441667 0.0433333
0 0.941667 0.76 0.035 0.04
0 0.0320833 0.415 0.0391667 0.0483333
0 0.817917 0.484167 0.0325 0.035
0 0.564167 0.0933333 0.0383333 0.0433333
0 0.17375 0.5975 0.0391667 0.0433333
0 0.2125 0.767917 0.0416667 0.0425
0 0.0170833 0.167083 0.0341667 0.0408333
0 0.434167 0.51375 0.035 0.0408333
0 0.07 0.854583 0.03 0.0341667
0 0.641667 0.232917 0.0366667 0.0358333
0 0.435417 0.192917 0.0408333 0.0425
0 0.0266667 0.7475 0.0383333 0.0433333
0 0.181667 0.152083 0.0366667 0.0425
0 0.16125 0.83125 0.0358333 0.0391667
0 0.757083 0.925833 0.0325 0.0333333
0 0.59375 0.602083 0.0375 0.0375
0 0.932083 0.0125 0.0358333 0.025
0 0.301667 0.282917 0.0383333 0.0441667
0 0.572083 0.549583 0.0275 0.0275
0 0.883333 0.2175 0.0366667 0.0433333
0 0.459583 0.0916667 0.0375 0.0383333
0 0.9725 0.252083 0.0333333 0.0358333
0 0.0829167 0.180417 0.0341667 0.0358333
0 0.7375 0.055 0.035 0.0416667
0 0.944583 0.212917 0.0441667 0.0491667
0 0.237917 0.095 0.0375 0.0416667
0 0.705417 0.327083 0.0308333 0.0341667
0 0.330833 0.192917 0.04 0.0441667
0 0.527083 0.398333 0.0391667 0.0416667
0 0.48875 0.558333 0.0358333 0.0383333
0 0.0133333 0.952083 0.0266667 0.0408333
0 0.434167 0.05625 0.0416667 0.0408333
0 0.55375 0.192083 0.0391667 0.0391667
0 0.578333 0.147083 0.0366667 0.0408333
0 0.27625 0.96 0.0325 0.0333333
0 0.254167 0.33125 0.035 0.0375
0 0.215417 0.0158333 0.0358333 0.03
0 0.388333 0.141667 0.0383333 0.0433333
0 0.5275 0.287083 0.0283333 0.0291667
0 0.695417 0.512083 0.0408333 0.0441667
0 0.344583 0.853333 0.0308333 0.0333333
0 0.36125 0.0129167 0.0391667 0.0258333
0 0.35 0.53375 0.035 0.0425
0 0.44125 0.242083 0.0325 0.0325
0 0.895417 0.38125 0.0425 0.0458333
0 0.406667 0.449583 0.035 0.0408333
0 0.778333 0.29625 0.0383333 0.0425
0 0.315833 0.810417 0.0333333 0.0358333
0 0.235417 0.3075 0.0258333 0.0283333
0 0.78875 0.38625 0.0308333 0.0325
0 0.0441667 0.536667 0.035 0.045
0 0.127083 0.0570833 0.0375 0.0408333
0 0.685417 0.0333333 0.0375 0.0433333
0 0.717083 0.151667 0.0358333 0.0433333
0 0.976667 0.775417 0.0366667 0.0408333
0 0.5425 0.572083 0.0316667 0.0358333
0 0.9325 0.131667 0.04 0.0416667
0 0.602917 0.265417 0.0391667 0.0375
0 0.535833 0.43875 0.035 0.0325
0 0.642917 0.587917 0.0358333 0.0375
0 0.0416667 0.300833 0.035 0.035
0 0.26375 0.015 0.0358333 0.03
0 0.92 0.96625 0.0333333 0.0375
0 0.0445833 0.22875 0.0325 0.0308333
0 0.2775 0.24875 0.04 0.0391667
0 0.9875 0.830833 0.025 0.035
0 0.482083 0.607917 0.0308333 0.0325
0 0.812917 0.277083 0.0375 0.0375
0 0.234167 0.231667 0.0366667 0.04
0 0.2525 0.855833 0.025 0.0266667
0 0.639583 0.389167 0.0358333 0.0383333
0 0.88875 0.0145833 0.0375 0.0291667
0 0.13 0.355417 0.035 0.0375
0 0.155417 0.0279167 0.0325 0.0341667
0 0.61 0.1025 0.04 0.045
0 0.246667 0.134167 0.0316667 0.0333333
0 0.08875 0.684583 0.0358333 0.0391667
0 0.8225 0.0145833 0.0383333 0.0291667
0 0.352083 0.771667 0.0358333 0.0383333
0 0.156667 0.782083 0.0316667 0.0325
0 0.0891667 0.904167 0.035 0.04
0 0.03875 0.0545833 0.0358333 0.0391667
0 0.200833 0.0691667 0.0383333 0.04
0 0.4775 0.292083 0.0383333 0.0391667
0 0.3625 0.575 0.0316667 0.0333333
0 0.646667 0.297083 0.0316667 0.0341667
0 0.901667 0.273333 0.035 0.04
0 0.39125 0.655 0.0341667 0.0383333
0 0.43625 0.629167 0.0308333 0.0316667
0 0.981667 0.958333 0.0333333 0.035
0 0.291667 0.76375 0.0316667 0.0325
0 0.109583 0.12875 0.0341667 0.0375
0 0.266667 0.6 0.035 0.0383333
0 0.799167 0.553333 0.035 0.0383333
0 0.1675 0.394583 0.0333333 0.0391667
0 0.197083 0.53375 0.0375 0.0408333
0 0.168333 0.489167 0.0366667 0.0383333
0 0.80125 0.885833 0.0358333 0.0383333
0 0.621667 0.457083 0.035 0.0358333
0 0.404167 0.690833 0.035 0.0383333
0 0.29125 0.0916667 0.0341667 0.035
0 0.865833 0.0858333 0.035 0.0416667
0 0.541667 0.47375 0.035 0.0358333
0 0.785417 0.140417 0.0358333 0.0391667
0 0.27375 0.443333 0.0341667 0.035
0 0.597917 0.483333 0.0275 0.0283333
0 0.11875 0.979583 0.0308333 0.0325
0 0.318333 0.625 0.0316667 0.0333333
0 0.112083 0.919583 0.0325 0.0325
0 0.535417 0.0254167 0.0341667 0.0358333
0 0.09 0.864583 0.0283333 0.0308333
0 0.340833 0.657917 0.0283333 0.0308333
0 0.585833 0.313333 0.0333333 0.0333333
0 0.9875 0.3175 0.025 0.0333333
0 0.17 0.25625 0.03 0.0325
0 0.492917 0.662083 0.0275 0.0291667
0 0.5125 0.160833 0.035 0.0366667
0 0.989167 0.0654167 0.0216667 0.0391667
0 0.385833 0.810417 0.0283333 0.0291667
0 0.0154167 0.585833 0.0308333 0.035
0 0.469167 0.679583 0.0266667 0.0275
0 0.22125 0.930417 0.0341667 0.0375
0 0.254583 0.69 0.0308333 0.0316667
0 0.882083 0.3325 0.0375 0.0383333
0 0.105417 0.7975 0.0325 0.0333333
0 0.7925 0.343333 0.0333333 0.035
0 0.39125 0.72875 0.0291667 0.0308333
0 0.708333 0.457083 0.0333333 0.0358333
0 0.390833 0.37875 0.0333333 0.0358333
0 0.105417 0.476667 0.0325 0.035
0 0.16125 0.890417 0.0325 0.0341667
0 0.330417 0.585 0.0308333 0.0316667
0 0.279583 0.73 0.0308333 0.0316667
0 0.34375 0.708333 0.0291667 0.0316667
0 0.455 0.745417 0.0316667 0.0341667
0 0.100833 0.54125 0.0333333 0.0358333
0 0.230417 0.495417 0.0308333 0.0308333
0 0.915833 0.429167 0.0333333 0.035
0 0.71375 0.585 0.0341667 0.035
0 0.309167 0.0508333 0.0316667 0.0333333
0 0.0175 0.875 0.0283333 0.0283333
0 0.4 0.589167 0.0333333 0.035
0 0.13375 0.288333 0.0291667 0.0316667
0 0.905 0.879167 0.035 0.0366667
0 0.852083 0.167917 0.0341667 0.0391667
0 0.266667 0.658333 0.0316667 0.0333333
0 0.192083 0.678333 0.0325 0.0333333
0 0.04 0.630833 0.0316667 0.0333333
0 0.923333 0.183333 0.0333333 0.0366667
0 0.35125 0.0766667 0.0341667 0.035
0 0.94625 0.27125 0.0325 0.0341667
0 0.827083 0.4275 0.0325 0.035
0 0.576667 0.670417 0.0283333 0.0291667
0 0.90375 0.06 0.0341667 0.0366667
