0 0.00458333 0.0616667 0.00916667 0.03
0 0.713333 0.430417 0.0333333 0.0341667
0 0.660417 0.650833 0.0425 0.0466667
0 0.642083 0.53 0.0375 0.04
0 0.991667 0.99125 0.0166667 0.0158333
0 0.80625 0.490833 0.0325 0.035
0 0.199167 0.121667 0.0283333 0.03
0 0.47875 0.00916667 0.0275 0.0183333
0 0.259167 0.980417 0.0366667 0.0341667
0 0.118333 0.0279167 0.0283333 0.0291667
0 0.685 0.342083 0.0383333 0.0425
0 0.937917 0.6425 0.0375 0.0416667
0 0.415417 0.44125 0.0375 0.0408333
0 0.277083 0.8175 0.0325 0.035
0 0.491667 0.8125 0.0366667 0.0466667
0 0.514167 0.452083 0.0366667 0.0408333
0 0.29125 0.88625 0.0308333 0.0325
0 0.285833 0.122083 0.035 0.0358333
0 0.983333 0.8425 0.0333333 0.0416667
0 0.7975 0.272083 0.0366667 0.0408333
0 0.9925 0.508333 0.015 0.035
0 0.11125 0.216667 0.0391667 0.045
0 0.75875 0.844583 0.0408333 0.0458333
0 0.870417 0.957917 0.0375 0.0425
0 0.63875 0.240833 0.0358333 0.0416667
0 0.90375 0.780417 0.0341667 0.0375
0 0.425833 0.05125 0.0383333 0.0425
0 0.988333 0.0508333 0.0233333 0.0333333
0 0.0720833 0.202083 0.0425 0.0441667
0 0.587917 0.576667 0.0308333 0.0316667
0 0.135833 0.833333 0.0316667 0.035
0 0.852083 0.147917 0.0341667 0.0375
0 0.85375 0.866667 0.0375 0.0416667
0 0.4625 0.959167 0.0416667 0.0416667
0 0.88 0.666667 0.0383333 0.0416667
0 0.21 0.824583 0.0333333 0.0341667
0 0.410833 0.81 0.0383333 0.045
0 0.241667 0.117917 0.0366667 0.0391667
0 0.774583 0.528333 0.0375 0.0433333
0 0.219583 0.07125 0.0358333 0.0408333
0 0.0479167 0.760417 0.0358333 0.0425
0 0.185833 0.101667 0.035 0.0366667
0 0.0208333 0.189167 0.03 0.0316667
0 0.8725 0.819583 0.0316667 0.0375
0 0.255417 0.674583 0.0391667 0.0475
0 0.936667 0.93875 0.0333333 0.0358333
0 0.285 0.544583 0.0416667 0.0491667
0 0.165833 0.96 0.0316667 0.0333333
0 0.9775 0.38875 0.035 0.0358333
0 0.271667 0.94 0.035 0.0366667
0 0.644583 0.458333 0.0325 0.035
0 0.8 0.719583 0.0366667 0.0408333
0 0.3575 0.01 0.035 0.02
0 0.93 0.557083 0.0316667 0.0341667
0 0.3725 0.114583 0.0333333 0.0325
0 0.852917 0.742917 0.0341667 0.0375
0 0.519167 0.739167 0.0266667 0.0283333
0 0.10125 0.87625 0.0375 0.0441667
0 0.434583 0.585417 0.0341667 0.0341667
0 0.365 0.766667 0.04 0.0416667
0 0.1925 0.749583 0.0383333 0.0441667
0 0.952083 0.692083 0.0325 0.0375
0 0.349583 0.667083 0.0341667 0.0391667
0 0.842083 0.614583 0.0325 0.0375
0 0.80625 0.208333 0.0275 0.0283333
0 0.9725 0.262083 0.0333333 0.0375
0 0.150417 0.160417 0.0408333 0.0425
0 0.772917 0.66875 0.0308333 0.0341667
0 0.667917 0.580833 0.0375 0.04
0 0.35375 0.0666667 0.0375 0.0416667
0 0.10375 0.0645833 0.0325 0.0341667
0 0.92375 0.291667 0.0358333 0.0383333
0 0.5075 0.530833 0.0366667 0.04
0 0.206667 0.91625 0.035 0.0391667
0 0.700833 0.887917 0.03 0.0341667
0 0.0120833 0.865833 0.0241667 0.0416667
0 0.7875 0.80625 0.0383333 0.0391667
0 0.766667 0.884167 0.0383333 0.0416667
0 0.72125 0.375417 0.0358333 0.0375
0 0.98 0.66875 0.0333333 0.0358333
0 0.160417 0.255833 0.0341667 0.035
0 0.185833 0.690833 0.0383333 0.0416667
0 0.0829167 0.129583 0.0375 0.0408333
0 0.299167 0.0191667 0.0366667 0.0383333
0 0.954167 0.31875 0.0316667 0.0341667
0 0.307917 0.612083 0.0375 0.0425
0 0.5425 0.856667 0.0366667 0.0366667
0 0.982083 0.737083 0.0341667 0.0375
0 0.991667 0.322083 0.0166667 0.0341667
0 0.657917 0.878333 0.0341667 0.0366667
0 0.423333 0.692083 0.0383333 0.0391667
0 0.4175 0.988333 0.0333333 0.0233333
0 0.545833 0.366667 0.035 0.0366667
0 0.922917 0.500417 0.0341667 0.0375
0 0.330417 0.577917 0.0325 0.0358333
0 0.23375 0.94625 0.0325 0.0341667
0 0.7975 0.762917 0.035 0.0358333
0 0.165833 0.580833 0.035 0.04
0 0.76625 0.345 0.0341667 0.0366667
0 0.141667 0.00791667 0.0266667 0.0158333
0 0.495417 0.6725 0.0358333 0.0366667
0 0.248333 0.88125 0.035 0.0375
0 0.23 0.639583 0.035 0.0375
0 0.4475 0.555833 0.035 0.035
0 0.395 0.725417 0.0333333 0.0341667
0 0.806667 0.442083 0.03 0.0358333
0 0.595833 0.3125 0.0333333 0.035
0 0.555417 0.508333 0.0341667 0.035
0 0.987917 0.937083 0.0241667 0.0391667
0 0.472083 0.0575 0.0341667 0.0366667
0 0.951667 0.599167 0.0366667 0.04
0 0.457083 0.739583 0.0358333 0.0375
0 0.585417 0.686667 0.0325 0.0333333
0 0.784167 0.963333 0.0216667 0.0233333
0 0.03375 0.0795833 0.0291667 0.0325
0 0.320833 0.775833 0.0366667 0.0366667
0 0.9 0.731667 0.0333333 0.035
0 0.395833 0.902083 0.035 0.0358333
0 0.136667 0.73875 0.035 0.0358333
0 0.82125 0.355 0.0291667 0.0316667
0 0.959583 0.437083 0.0341667 0.0375
0 0.0320833 0.132083 0.0358333 0.0375
0 0.332083 0.725833 0.0341667 0.0366667
0 0.548333 0.790833 0.03 0.0316667
0 0.30375 0.8125 0.0358333 0.035
0 0.0558333 0.82625 0.03 0.0325
0 0.859583 0.365 0.0325 0.0333333
0 0.750417 0.59375 0.0308333 0.0325
0 0.74125 0.2275 0.0325 0.035
0 0.22 0.180417 0.0366667 0.0408333
0 0.26125 0.22875 0.0375 0.0391667
0 0.6075 0.822083 0.0333333 0.0341667
0 0.91625 0.464583 0.0291667 0.0308333
0 0.665833 0.79875 0.0333333 0.0341667
0 0.748333 0.402083 0.0316667 0.0341667
0 0.06875 0.279583 0.0325 0.0341667
0 0.232083 0.76375 0.0341667 0.0358333
0 0.405833 0.502083 0.0366667 0.0375
0 0.508333 0.709583 0.035 0.0358333
0 0.688333 0.952917 0.0316667 0.0358333
0 0.565833 0.987917 0.0316667 0.0225
0 0.08625 0.0908333 0.0341667 0.0366667
0 0.852083 0.99 0.0308333 0.0183333
0 0.8 0.1075 0.0333333 0.0333333
0 0.6675 0.724167 0.0316667 0.035
0 0.600833 0.923333 0.03 0.03
0 0.7575 0.727083 0.0316667 0.0341667
0 0.51125 0.980417 0.0308333 0.0291667
0 0.945833 0.754583 0.0333333 0.0341667
0 0.152083 0.0891667 0.0308333 0.0316667
0 0.25375 0.727083 0.0308333 0.0341667
0 0.657083 0.938333 0.0325 0.0333333
0 0.155 0.77375 0.0366667 0.0408333
0 0.715 0.81625 0.0333333 0.0358333
0 0.908333 0.979583 0.035 0.0341667
0 0.519167 0.0133333 0.0316667 0.0266667
0 0.914167 0.425 0.0316667 0.0333333
0 0.562917 0.263333 0.0308333 0.0316667
0 0.4475 0.779583 0.0333333 0.0341667
0 0.380833 0.623333 0.0333333 0.035
0 0.0629167 0.3375 0.0341667 0.0366667
0 0.5575 0.635417 0.0283333 0.0308333
0 0.0608333 0.902917 0.035 0.0375
0 0.916667 0.350833 0.0316667 0.0333333
0 0.0641667 0.718333 0.0316667 0.0333333
0 0.31875 0.535 0.0325 0.035
0 0.0375 0.0425 0.0283333 0.03
0 0.109583 0.955417 0.0291667 0.0341667
0 0.975 0.555417 0.03 0.0308333
0 0.298333 0.687083 0.0333333 0.0358333
0 0.445 0.496667 0.0333333 0.035
