0 0.264167 0.583333 0.025 0.025
0 0.61625 0.617917 0.0325 0.0325
0 0.302917 0.464167 0.0358333 0.04
0 0.514583 0.70125 0.0225 0.0225
0 0.145 0.7275 0.0366667 0.0416667
0 0.451667 0.5725 0.0316667 0.0333333
0 0.75625 0.53 0.0325 0.0383333
0 0.766667 0.347917 0.0316667 0.0341667
0 0.109583 0.91 0.0325 0.035
0 0.955 0.865833 0.0366667 0.0383333
0 0.5175 0.180417 0.0366667 0.0375
0 0.18125 0.3175 0.0408333 0.045
0 0.371667 0.2775 0.0316667 0.0333333
0 0.214583 0.0795833 0.0341667 0.0358333
0 0.720417 0.0770833 0.0358333 0.0425
0 0.86375 0.80875 0.0391667 0.0425
0 0.33 0.798333 0.04 0.04
0 0.975417 0.38 0.0241667 0.025
0 0.579167 0.53875 0.0333333 0.0358333
0 0.420833 0.347917 0.0216667 0.0225
0 0.95 0.990417 0.025 0.0191667
0 0.920417 0.06125 0.0308333 0.0325
0 0.329167 0.0141667 0.0383333 0.0283333
0 0.992917 0.7875 0.0141667 0.0333333
0 0.789583 0.0804167 0.0225 0.0241667
0 0.40875 0.564583 0.0325 0.0341667
0 0.369583 0.454583 0.0308333 0.0308333
0 0.04 0.3575 0.0316667 0.0333333
0 0.123333 0.134167 0.04 0.0433333
0 0.77625 0.60625 0.0308333 0.0341667
0 0.12125 0.375833 0.0441667 0.0433333
0 0.984167 0.834583 0.0316667 0.0425
0 0.970833 0.218333 0.0366667 0.0416667
0 0.0266667 0.163333 0.0366667 0.0366667
0 0.477083 0.825 0.0275 0.03
0 0.332083 0.921667 0.0325 0.0333333
0 0.90125 0.271667 0.0375 0.0466667
0 0.992083 0.00958333 0.0158333 0.0191667
0 0.559167 0.104167 0.0366667 0.04
0 0.339167 0.57125 0.04 0.0408333
0 0.015 0.609583 0.03 0.0408333
0 0.268333 0.41625 0.0316667 0.0325
0 0.499583 0.06 0.0391667 0.0416667
0 0.0433333 0.7975 0.03 0.0333333
0 0.298333 0.39125 0.035 0.0408333
0 0.83 0.167917 0.0383333 0.0408333
0 0.478333 0.523333 0.04 0.0416667
0 0.158333 0.18125 0.0316667 0.0325
0 0.359167 0.207083 0.0366667 0.0391667
0 0.822917 0.106667 0.0375 0.04
0 0.266667 0.107917 0.0366667 0.0408333
0 0.0725 0.82625 0.035 0.0425
0 0.340833 0.706667 0.0333333 0.0333333
0 0.755833 0.478333 0.0383333 0.0383333
0 0.22 0.2 0.035 0.04
0 0.502083 0.272917 0.0375 0.0375
0 0.0675 0.565833 0.04 0.0416667
0 0.509167 0.622083 0.0383333 0.0375
0 0.492917 0.0154167 0.0358333 0.0308333
0 0.85 0.0170833 0.0283333 0.0291667
0 0.00791667 0.75375 0.0158333 0.0341667
0 0.218333 0.399583 0.0383333 0.0425
0 0.3225 0.245 0.035 0.0416667
0 0.252083 0.307917 0.0341667 0.0341667
0 0.696667 0.399167 0.0416667 0.04
0 0.157917 0.472917 0.0375 0.0358333
0 0.955417 0.0608333 0.0358333 0.0416667
0 0.649583 0.195417 0.0358333 0.0375
0 0.975833 0.89375 0.035 0.0375
0 0.150833 0.54125 0.03 0.0308333
0 0.222917 0.670417 0.0341667 0.0358333
0 0.483333 0.120417 0.0366667 0.0408333
0 0.651667 0.297083 0.035 0.0375
0 0.630417 0.586667 0.0391667 0.0433333
0 0.0104167 0.88375 0.0208333 0.0391667
0 0.394167 0.766667 0.0333333 0.0366667
0 0.0666667 0.655417 0.0333333 0.0358333
0 0.1225 0.755417 0.035 0.0391667
0 0.180417 0.644167 0.0308333 0.0316667
0 0.72875 0.510833 0.0358333 0.04
0 0.550417 0.605833 0.0358333 0.04
0 0.729167 0.640833 0.0383333 0.04
0 0.23875 0.8975 0.0341667 0.0366667
0 0.208333 0.84 0.03 0.03
0 0.567917 0.01875 0.0341667 0.0358333
0 0.0995833 0.195 0.0358333 0.0383333
0 0.440833 0.705833 0.0316667 0.0333333
0 0.834167 0.302917 0.0333333 0.0375
0 0.534167 0.663333 0.035 0.0366667
0 0.70625 0.03375 0.0358333 0.0375
0 0.0191667 0.697917 0.035 0.0391667
0 0.4225 0.2075 0.0333333 0.035
0 0.642083 0.645417 0.0308333 0.0325
0 0.820833 0.4175 0.0366667 0.0366667
0 0.371667 0.49375 0.0333333 0.0358333
0 0.455 0.609583 0.0333333 0.0358333
0 0.0491667 0.280833 0.035 0.0366667
0 0.682083 0.6575 0.0358333 0.0383333
0 0.377917 0.0608333 0.0375 0.0383333
0 0.432083 0.399583 0.0258333 0.0275
0 0.7475 0.321667 0.035 0.0366667
0 0.607917 0.254583 0.0341667 0.0375
0 0.935417 0.91 0.0291667 0.0333333
0 0.248333 0.8375 0.035 0.0366667
0 0.23625 0.527083 0.0358333 0.0375
0 0.0483333 0.675417 0.0366667 0.0391667
0 0.172083 0.422917 0.0358333 0.0391667
0 0.634583 0.5125 0.0358333 0.0383333
0 0.629167 0.123333 0.035 0.0366667
0 0.8275 0.970417 0.0316667 0.0341667
0 0.670833 0.59 0.035 0.0366667
0 0.119167 0.826667 0.03 0.0316667
0 0.314167 0.0545833 0.0283333 0.0275
0 0.3975 0.844167 0.035 0.035
0 0.18125 0.557917 0.0375 0.0425
0 0.785417 0.170417 0.0358333 0.0375
0 0.7575 0.0120833 0.0366667 0.0241667
0 0.61125 0.18125 0.0341667 0.0375
0 0.17125 0.362083 0.0358333 0.0391667
0 0.792083 0.269167 0.0308333 0.0333333
0 0.161667 0.679583 0.035 0.0358333
0 0.66875 0.244583 0.0391667 0.0408333
0 0.43875 0.650833 0.0275 0.0266667
0 0.945833 0.79875 0.035 0.0391667
0 0.390833 0.943333 0.03 0.03
0 0.709583 0.12875 0.0358333 0.0375
0 0.595417 0.74125 0.0325 0.0325
0 0.310833 0.954167 0.0333333 0.035
0 0.559583 0.200417 0.0358333 0.0375
0 0.76125 0.204583 0.0358333 0.0391667
0 0.57 0.660833 0.035 0.0366667
0 0.926667 0.37125 0.0333333 0.0341667
0 0.414583 0.446667 0.0275 0.0266667
0 0.590417 0.397083 0.0308333 0.0341667
0 0.81625 0.23125 0.0325 0.0358333
0 0.35625 0.88375 0.0308333 0.0325
0 0.805833 0.0366667 0.03 0.0316667
0 0.482917 0.719583 0.0241667 0.0241667
0 0.407083 0.29625 0.0258333 0.0275
0 0.475417 0.349167 0.0325 0.0333333
0 0.921667 0.973333 0.0316667 0.0333333
0 0.103333 0.520417 0.035 0.0375
0 0.857917 0.942083 0.0325 0.0325
0 0.754167 0.988333 0.0383333 0.0233333
0 0.87875 0.201667 0.0341667 0.035
0 0.183333 0.742083 0.0333333 0.0358333
0 0.1075 0.64 0.035 0.0366667
0 0.555833 0.502083 0.03 0.0325
0 0.27 0.158333 0.035 0.0366667
0 0.370417 0.674583 0.0308333 0.0325
0 0.565833 0.444583 0.03 0.0325
0 0.796667 0.558333 0.0333333 0.0333333
0 0.0670833 0.753333 0.0325 0.0333333
0 0.524583 0.519583 0.0308333 0.0325
0 0.243333 0.719167 0.0333333 0.0333333
0 0.788333 0.3875 0.0316667 0.03
0 0.866667 0.436667 0.0316667 0.0333333
0 0.375 0.604583 0.0316667 0.0325
0 0.616667 0.0616667 0.0333333 0.0366667
0 0.08625 0.980417 0.0341667 0.0341667
0 0.382917 0.138333 0.0325 0.035
0 0.686667 0.34625 0.03 0.0308333
0 0.261667 0.241667 0.0333333 0.035
0 0.8325 0.875833 0.0333333 0.035
0 0.372083 0.386667 0.0225 0.0233333
0 0.945 0.183333 0.0333333 0.0366667
0 0.82 0.4975 0.0316667 0.0316667
0 0.193333 0.6125 0.035 0.035
0 0.3 0.421667 0.0316667 0.0333333
0 0.31 0.630417 0.0316667 0.0325
0 0.86625 0.36 0.0325 0.035
0 0.5175 0.807083 0.0316667 0.0325
0 0.7525 0.903333 0.0283333 0.0283333
0 0.705417 0.618333 0.0308333 0.0316667
0 0.459583 0.433333 0.0275 0.0266667
0 0.930833 0.735417 0.0333333 0.0358333
0 0.589167 0.4425 0.025 0.0266667
0 0.9525 0.130833 0.0316667 0.0316667
0 0.722917 0.191667 0.0341667 0.035
0 0.271667 0.81 0.0333333 0.0333333
