0 0.974167 0.158333 0.0383333 0.045
0 0.652917 0.25 0.0325 0.035
0 0.0516667 0.73375 0.03 0.0308333
0 0.564167 0.70375 0.045 0.0475
0 0.84875 0.877083 0.0391667 0.0475
0 0.0716667 0.12875 0.0316667 0.0325
0 0.11625 0.880417 0.0325 0.0341667
0 0.78 0.824167 0.035 0.0366667
0 0.586667 0.780833 0.025 0.025
0 0.272083 0.694583 0.0341667 0.0358333
0 0.989167 0.993333 0.0216667 0.0133333
0 0.99375 0.41125 0.0125 0.0358333
0 0.480833 0.345 0.0266667 0.0283333
0 0.74875 0.255833 0.0408333 0.0433333
0 0.697083 0.399167 0.0341667 0.0366667
0 0.1125 0.70375 0.04 0.0458333
0 0.610417 0.735 0.0375 0.0416667
0 0.9425 0.00916667 0.0316667 0.0166667
0 0.907083 0.528333 0.0408333 0.0433333
0 0.33625 0.615 0.0358333 0.0433333
0 0.443333 0.514167 0.04 0.045
0 0.43875 0.283333 0.0241667 0.0283333
0 0.422917 0.60625 0.0408333 0.0408333
0 0.07125 0.244167 0.0341667 0.0366667
0 0.557083 0.380833 0.0308333 0.03
0 0.1825 0.830833 0.0283333 0.0283333
0 0.865833 0.510833 0.0383333 0.045
0 0.912083 0.42875 0.0308333 0.0358333
0 0.601667 0.97375 0.0333333 0.0391667
0 0.535 0.265833 0.035 0.0383333
0 0.742083 0.55125 0.0391667 0.0391667
0 0.766667 0.78125 0.0283333 0.0275
0 0.4625 0.569167 0.0333333 0.035
0 0.914167 0.750833 0.035 0.0366667
0 0.623333 0.765 0.0233333 0.0233333
0 0.37 0.908333 0.0383333 0.0416667
0 0.549167 0.635417 0.035 0.0375
0 0.348333 0.0175 0.03 0.0316667
0 0.607083 0.51125 0.0291667 0.0308333
0 0.454583 0.88125 0.0358333 0.0408333
0 0.605833 0.55875 0.0366667 0.0375
0 0.0129167 0.79 0.0258333 0.04
0 0.31375 0.812083 0.0341667 0.0358333
0 0.626667 0.81375 0.0316667 0.0325
0 0.405 0.4625 0.0366667 0.0383333
0 0.83875 0.56875 0.0341667 0.0358333
0 0.32125 0.49875 0.0358333 0.0391667
0 0.0125 0.212917 0.025 0.0375
0 0.9725 0.839583 0.035 0.0391667
0 0.0675 0.834583 0.0383333 0.0425
0 0.142083 0.68375 0.0375 0.0391667
0 0.525 0.71125 0.035 0.0391667
0 0.1725 0.90125 0.0366667 0.0391667
0 0.11375 0.935417 0.0275 0.0291667
0 0.82875 0.354583 0.0325 0.0325
0 0.251667 0.651667 0.0333333 0.035
0 0.240417 0.949583 0.0358333 0.0375
0 0.56 0.174167 0.0333333 0.035
0 0.232083 0.874583 0.0275 0.0275
0 0.460417 0.41625 0.0325 0.0341667
0 0.14375 0.0325 0.0341667 0.0366667
0 0.776667 0.434583 0.0283333 0.0308333
0 0.4375 0.825417 0.035 0.0358333
0 0.0104167 0.7475 0.0208333 0.0383333
0 0.84125 0.684167 0.0341667 0.0416667
0 0.195 0.683333 0.0366667 0.0383333
0 0.953333 0.477083 0.0383333 0.0375
0 0.49125 0.404583 0.0308333 0.0308333
0 0.555417 0.50625 0.0325 0.0341667
0 0.673333 0.710417 0.0366667 0.0391667
0 0.725417 0.187083 0.0291667 0.0325
0 0.74125 0.73125 0.0375 0.0375
0 0.956667 0.604583 0.0333333 0.0325
0 0.67125 0.652917 0.0325 0.0341667
0 0.0295833 0.187083 0.0308333 0.0308333
0 0.766667 0.139583 0.0316667 0.0341667
0 0.0941667 0.167083 0.0366667 0.0375
0 0.32125 0.555833 0.0341667 0.035
0 0.992083 0.51625 0.0158333 0.0325
0 0.589583 0.297083 0.0375 0.0391667
0 0.139583 0.965417 0.0358333 0.0375
0 0.776667 0.6175 0.035 0.0366667
0 0.7075 0.07375 0.0316667 0.0325
0 0.980833 0.0416667 0.035 0.04
0 0.814583 0.696667 0.0291667 0.0316667
0 0.94625 0.883333 0.0358333 0.04
0 0.94375 0.07875 0.0341667 0.0358333
0 0.588333 0.837083 0.035 0.0391667
0 0.478333 0.486667 0.0333333 0.0333333
0 0.75375 0.504583 0.0325 0.0325
0 0.270833 0.595417 0.035 0.0375
0 0.933333 0.388333 0.0366667 0.0383333
0 0.356667 0.674167 0.035 0.04
0 0.229167 0.827917 0.0333333 0.0341667
0 0.885417 0.380417 0.0358333 0.0358333
0 0.53875 0.865833 0.0258333 0.0266667
0 0.848333 0.734583 0.035 0.0375
0 0.10125 0.0104167 0.0325 0.0191667
0 0.885833 0.175417 0.0333333 0.0341667
0 0.0483333 0.335833 0.035 0.0366667
0 0.655417 0.67875 0.0308333 0.0341667
0 0.460833 0.726667 0.03 0.0316667
0 0.499583 0.67375 0.0341667 0.0341667
0 0.595 0.36375 0.0283333 0.0291667
0 0.524167 0.5525 0.0316667 0.035
0 0.415 0.974167 0.0316667 0.035
0 0.192917 0.147083 0.0341667 0.0358333
0 0.29875 0.41125 0.0275 0.0291667
0 0.16375 0.772083 0.0341667 0.0341667
0 0.722083 0.682083 0.0291667 0.0308333
0 0.04625 0.903333 0.0341667 0.0383333
0 0.235 0.516667 0.0283333 0.03
0 0.712083 0.58875 0.0275 0.0308333
0 0.709583 0.835 0.0291667 0.0316667
0 0.40625 0.497083 0.0308333 0.0325
0 0.5 0.807917 0.0333333 0.0341667
0 0.11 0.755417 0.0333333 0.0341667
0 0.465417 0.75 0.0258333 0.0266667
0 0.41625 0.380833 0.0308333 0.0316667
0 0.1175 0.100417 0.035 0.0358333
0 0.7075 0.718333 0.0333333 0.035
0 0.90625 0.2425 0.0358333 0.0383333
0 0.101667 0.797917 0.0316667 0.0341667
0 0.145 0.194583 0.0333333 0.0341667
0 0.833333 0.286667 0.0283333 0.03
0 0.0341667 0.0141667 0.0366667 0.0283333
0 0.679583 0.61375 0.0275 0.0291667
0 0.115 0.82625 0.0333333 0.0341667
0 0.112083 0.639167 0.0325 0.0316667
0 0.801667 0.892917 0.03 0.0308333
0 0.87375 0.652083 0.0308333 0.0308333
0 0.890833 0.71125 0.0283333 0.0291667
0 0.241667 0.717083 0.0316667 0.0325
0 0.632917 0.374167 0.0258333 0.0266667
0 0.663333 0.542083 0.0333333 0.0341667
0 0.984167 0.698333 0.03 0.035
0 0.865417 0.615833 0.0325 0.035
0 0.211667 0.0916667 0.0333333 0.0333333
0 0.965 0.795833 0.035 0.0366667
0 0.892917 0.895 0.0358333 0.0383333
0 0.54 0.42 0.0316667 0.0316667
0 0.366667 0.960833 0.03 0.0333333
0 0.332917 0.729583 0.0325 0.0341667
0 0.877083 0.12125 0.0308333 0.0325
0 0.733333 0.365833 0.03 0.0316667
0 0.6075 0.645833 0.025 0.0266667
0 0.675833 0.455417 0.03 0.0308333
0 0.89875 0.297083 0.0325 0.0358333
0 0.669167 0.813333 0.0283333 0.03
0 0.41625 0.419167 0.0308333 0.0316667
0 0.22625 0.0395833 0.0325 0.0325
0 0.92625 0.695833 0.0341667 0.035
0 0.95125 0.2175 0.0341667 0.0366667
0 0.571667 0.609167 0.0333333 0.0333333
0 0.0979167 0.0554167 0.0325 0.0341667
0 0.916667 0.794167 0.0366667 0.0366667
0 0.932083 0.63375 0.0308333 0.0325
0 0.7925 0.954167 0.03 0.0333333
0 0.283333 0.0295833 0.0316667 0.0325
0 0.81875 0.638333 0.0275 0.0283333
0 0.58 0.232083 0.0283333 0.0308333
0 0.83875 0.957917 0.0325 0.0341667
0 0.8175 0.797917 0.0333333 0.0341667
0 0.988333 0.64 0.0233333 0.0316667
0 0.780833 0.362083 0.0283333 0.0291667
0 0.856667 0.8075 0.0316667 0.0333333
0 0.829167 0.182083 0.0316667 0.0341667
0 0.747083 0.650833 0.0325 0.0333333
0 0.835417 0.594583 0.0325 0.0358333
0 0.94625 0.54625 0.0308333 0.0341667
0 0.473333 0.945417 0.0316667 0.0308333
0 0.744167 0.981667 0.0316667 0.0316667
0 0.07375 0.710833 0.0325 0.035
0 0.922083 0.940833 0.0325 0.0333333
0 0.0825 0.943333 0.0316667 0.0333333
0 0.649167 0.9825 0.025 0.0266667
0 0.78375 0.107083 0.0291667 0.0308333
0 0.924583 0.60625 0.0308333 0.0341667
0 0.875833 0.9775 0.0316667 0.0316667
0 0.632917 0.914167 0.0308333 0.0316667
