0 0.0841667 0.0120833 0.04 0.0241667
0 0.329167 0.44875 0.0333333 0.0325
0 0.984167 0.992917 0.0316667 0.0141667
0 0.440833 0.296667 0.04 0.0466667
0 0.184583 0.0116667 0.0375 0.0233333
0 0.265833 0.257083 0.035 0.0391667
0 0.309583 0.300833 0.0375 0.04
0 0.878333 0.757917 0.0416667 0.0508333
0 0.0558333 0.309167 0.04 0.0383333
0 0.185 0.460833 0.0316667 0.035
0 0.106667 0.315417 0.03 0.0325
0 0.5125 0.571667 0.04 0.0466667
0 0.214167 0.385417 0.0316667 0.0325
0 0.189167 0.212083 0.0333333 0.0358333
0 0.245833 0.129583 0.03 0.0308333
0 0.425 0.57 0.03 0.0333333
0 0.0858333 0.74125 0.0433333 0.0475
0 0.99375 0.713333 0.0125 0.0316667
0 0.244583 0.165833 0.0341667 0.0366667
0 0.5125 0.164583 0.04 0.0425
0 0.986667 0.924167 0.025 0.04
0 0.45625 0.197083 0.0308333 0.0341667
0 0.0104167 0.89125 0.0208333 0.0375
0 0.00833333 0.640833 0.0166667 0.0416667
0 0.870833 0.106667 0.0366667 0.0383333
0 0.34375 0.2525 0.0341667 0.0383333
0 0.218333 0.11375 0.0216667 0.0225
0 0.205417 0.93375 0.0358333 0.0391667
0 0.07625 0.495 0.0391667 0.045
0 0.278333 0.552083 0.0266667 0.0291667
0 0.870833 0.819583 0.04 0.0408333
0 0.622917 0.965833 0.0308333 0.0333333
0 0.994583 0.0279167 0.0108333 0.0308333
0 0.93625 0.804167 0.0391667 0.0416667
0 0.114583 0.190833 0.0341667 0.0383333
0 0.1575 0.174167 0.0383333 0.0433333
0 0.0641667 0.0466667 0.0416667 0.0416667
0 0.185 0.277083 0.035 0.0341667
0 0.575 0.298333 0.03 0.0333333
0 0.9175 0.25125 0.0366667 0.0425
0 0.20125 0.158333 0.0291667 0.0316667
0 0.61125 0.392917 0.0325 0.0341667
0 0.465833 0.508333 0.0283333 0.03
0 0.0141667 0.41125 0.0283333 0.0375
0 0.436667 0.619583 0.0383333 0.0391667
0 0.522083 0.203333 0.0358333 0.0366667
0 0.0595833 0.165833 0.0358333 0.035
0 0.00916667 0.23375 0.0166667 0.0291667
0 0.259167 0.286667 0.0283333 0.03
0 0.395833 0.131667 0.035 0.0366667
0 0.96625 0.900833 0.0358333 0.0416667
0 0.969167 0.0575 0.0333333 0.0366667
0 0.03125 0.33375 0.0291667 0.0325
0 0.182083 0.730833 0.0291667 0.0316667
0 0.50375 0.08625 0.0308333 0.0341667
0 0.340417 0.79 0.0391667 0.0416667
0 0.630833 0.1225 0.0333333 0.0366667
0 0.0608333 0.982083 0.0333333 0.0341667
0 0.230833 0.679583 0.035 0.0341667
0 0.782917 0.392917 0.0341667 0.0358333
0 0.0245833 0.08625 0.0341667 0.0391667
0 0.17625 0.0541667 0.0225 0.0233333
0 0.827917 0.150417 0.0341667 0.0358333
0 0.355833 0.07375 0.0316667 0.0341667
0 0.8875 0.02 0.035 0.035
0 0.226667 0.504167 0.0383333 0.0416667
0 0.805417 0.819583 0.0375 0.0408333
0 0.414167 0.102917 0.0366667 0.0375
0 0.83875 0.95625 0.0325 0.0358333
0 0.735417 0.787917 0.0325 0.0341667
0 0.21625 0.08375 0.0341667 0.0375
0 0.0658333 0.378333 0.035 0.0383333
0 0.407083 0.0670833 0.0341667 0.0358333
0 0.732917 0.045 0.0291667 0.0316667
0 0.00875 0.51375 0.0175 0.0325
0 0.26625 0.0816667 0.0325 0.035
0 0.0466667 0.819583 0.0283333 0.0308333
0 0.661667 0.913333 0.0316667 0.035
0 0.555833 0.0125 0.0333333 0.025
0 0.709167 0.0766667 0.0283333 0.03
0 0.865 0.228333 0.0366667 0.04
0 0.81 0.754583 0.0283333 0.0275
0 0.504583 0.962917 0.0358333 0.0358333
0 0.53 0.254583 0.035 0.0375
0 0.731667 0.902917 0.0266667 0.0275
0 0.85875 0.875 0.0341667 0.0366667
0 0.12625 0.255833 0.0341667 0.0333333
0 0.0541667 0.454583 0.035 0.0375
0 0.573333 0.07 0.0366667 0.04
0 0.567083 0.955417 0.0275 0.0308333
0 0.0920833 0.0675 0.0275 0.0283333
0 0.428333 0.712083 0.0383333 0.0391667
0 0.358333 0.484167 0.0316667 0.0333333
0 0.307083 0.699167 0.0275 0.03
0 0.65625 0.0208333 0.0375 0.04
0 0.767083 0.455833 0.0358333 0.0366667
0 0.50125 0.025 0.0375 0.04
0 0.871667 0.307917 0.0366667 0.0425
0 0.269583 0.21625 0.0358333 0.0358333
0 0.3075 0.52 0.03 0.03
0 0.958333 0.677917 0.0316667 0.0341667
0 0.429167 0.0229167 0.0316667 0.0325
0 0.265417 0.0133333 0.0325 0.0266667
0 0.744583 0.192917 0.0358333 0.0391667
0 0.525833 0.927083 0.035 0.0358333
0 0.752083 0.360833 0.0275 0.0316667
0 0.652917 0.20375 0.0358333 0.0358333
0 0.422083 0.335833 0.0325 0.035
0 0.135833 0.784167 0.035 0.0383333
0 0.335417 0.0441667 0.0325 0.035
0 0.91 0.863333 0.0333333 0.035
0 0.227917 0.247083 0.0325 0.0341667
0 0.29 0.37875 0.0283333 0.0308333
0 0.487083 0.39625 0.0308333 0.0325
0 0.832083 0.0504167 0.0358333 0.0375
0 0.355 0.137917 0.0333333 0.0358333
0 0.095 0.370417 0.03 0.0308333
0 0.768333 0.94375 0.0316667 0.0325
0 0.0958333 0.90125 0.035 0.0358333
0 0.527917 0.36375 0.0325 0.0341667
0 0.5425 0.457917 0.025 0.0258333
0 0.59 0.0220833 0.035 0.0375
0 0.612917 0.284167 0.0325 0.0333333
0 0.211667 0.415417 0.035 0.0391667
0 0.167083 0.5925 0.0275 0.03
0 0.336667 0.68 0.035 0.0383333
0 0.550417 0.278333 0.0308333 0.0316667
0 0.169167 0.364167 0.03 0.0316667
0 0.06875 0.615 0.0291667 0.0333333
0 0.674167 0.989167 0.0283333 0.02
0 0.70875 0.119583 0.0308333 0.0308333
0 0.0229167 0.0358333 0.0341667 0.0383333
0 0.2525 0.441667 0.035 0.0383333
0 0.34875 0.634583 0.0375 0.0408333
0 0.123333 0.42875 0.0333333 0.0341667
0 0.78625 0.239583 0.0358333 0.0358333
0 0.117083 0.347917 0.0308333 0.0341667
0 0.160417 0.395417 0.0308333 0.0325
0 0.79875 0.177917 0.0308333 0.0325
0 0.956667 0.854167 0.0333333 0.0333333
0 0.26875 0.345 0.0341667 0.0366667
0 0.140417 0.329167 0.0291667 0.03
0 0.191667 0.790417 0.0333333 0.0341667
0 0.381667 0.240833 0.0316667 0.0333333
0 0.0804167 0.26125 0.0325 0.0325
0 0.137083 0.882083 0.0325 0.0341667
0 0.0220833 0.716667 0.0325 0.035
0 0.130833 0.107917 0.0283333 0.0291667
0 0.939583 0.897083 0.0325 0.0341667
0 0.356667 0.1975 0.0316667 0.0333333
0 0.891667 0.706667 0.035 0.0383333
0 0.214583 0.33 0.0291667 0.0316667
0 0.30375 0.417083 0.0291667 0.0308333
0 0.260417 0.8225 0.0358333 0.0383333
0 0.05625 0.217917 0.0325 0.0358333
0 0.690417 0.435 0.0275 0.0283333
0 0.53 0.49625 0.03 0.0308333
0 0.730833 0.151667 0.035 0.0383333
0 0.605417 0.1075 0.0325 0.035
0 0.543333 0.61625 0.0233333 0.0241667
0 0.63375 0.362917 0.0308333 0.0325
0 0.93125 0.0975 0.0308333 0.0316667
0 0.275833 0.636667 0.035 0.0366667
0 0.937083 0.964167 0.0275 0.0316667
0 0.912083 0.902083 0.0325 0.0341667
0 0.970833 0.15875 0.0283333 0.0291667
0 0.38875 0.365417 0.0291667 0.0291667
0 0.490417 0.285 0.0308333 0.0316667
0 0.1875 0.675417 0.0333333 0.0358333
0 0.302917 0.167083 0.0308333 0.0308333
0 0.350833 0.366667 0.0316667 0.0333333
0 0.490833 0.225833 0.0316667 0.0333333
0 0.434583 0.46 0.0291667 0.03
0 0.05 0.532083 0.0316667 0.0341667
0 0.231667 0.895417 0.03 0.0308333
0 0.731667 0.865417 0.0316667 0.0325
0 0.459583 0.138333 0.0325 0.035
0 0.441667 0.421667 0.0333333 0.0333333
0 0.389167 0.489583 0.0283333 0.0291667
0 0.545833 0.09125 0.0333333 0.0358333
0 0.64875 0.468333 0.0308333 0.03
0 0.91875 0.765833 0.0291667 0.03
0 0.102083 0.57125 0.0325 0.0358333
0 0.291667 0.74125 0.0333333 0.0358333
0 0.847917 0.925 0.0258333 0.0266667
0 0.692917 0.187917 0.0291667 0.0291667
0 0.306667 0.6 0.03 0.0316667
0 0.897083 0.152917 0.0325 0.0341667
0 0.0879167 0.705833 0.0341667 0.0383333
0 0.0454167 0.771667 0.0341667 0.035
0 0.015 0.56125 0.03 0.0325
