0 0.665833 0.29625 0.0383333 0.0441667
0 0.994583 0.712917 0.0108333 0.0291667
0 0.630833 0.492083 0.03 0.0325
0 0.709167 0.00958333 0.035 0.0191667
0 0.920833 0.38625 0.0416667 0.0425
0 0.99125 0.308333 0.0175 0.03
0 0.948333 0.3775 0.0333333 0.0333333
0 0.59375 0.454583 0.0358333 0.0408333
0 0.607917 0.358333 0.0408333 0.045
0 0.0579167 0.669583 0.0325 0.0341667
0 0.65125 0.6225 0.0408333 0.04
0 0.595 0.732917 0.0316667 0.0325
0 0.446667 0.1625 0.03 0.0316667
0 0.624583 0.789167 0.0391667 0.04
0 0.942917 0.211667 0.0391667 0.0433333
0 0.9475 0.761667 0.0333333 0.035
0 0.723333 0.529583 0.0383333 0.0408333
0 0.367083 0.957083 0.0308333 0.0341667
0 0.254167 0.686667 0.0233333 0.025
0 0.825833 0.634167 0.035 0.0383333
0 0.90625 0.0191667 0.0341667 0.0366667
0 0.147083 0.599583 0.0358333 0.0375
0 0.03125 0.582917 0.0425 0.0458333
0 0.572083 0.2275 0.0358333 0.0333333
0 0.654583 0.38625 0.0391667 0.0425
0 0.442083 0.2275 0.0425 0.045
0 0.0770833 0.543333 0.0408333 0.0416667
0 0.918333 0.910833 0.0266667 0.025
0 0.308333 0.424167 0.0433333 0.0433333
0 0.513333 0.25125 0.0383333 0.0458333
0 0.775 0.67375 0.0416667 0.0425
0 0.477917 0.64625 0.0391667 0.0425
0 0.0883333 0.0141667 0.0316667 0.0266667
0 0.38125 0.234167 0.0375 0.0383333
0 0.579167 0.33375 0.0366667 0.0391667
0 0.81375 0.01125 0.0341667 0.0225
0 0.970417 0.290417 0.0275 0.0291667
0 0.47 0.43 0.035 0.0383333
0 0.842917 0.60625 0.0341667 0.0391667
0 0.245833 0.919583 0.0366667 0.0425
0 0.53 0.314583 0.0283333 0.0308333
0 0.939583 0.132917 0.0391667 0.0391667
0 0.925833 0.478333 0.0366667 0.0416667
0 0.871667 0.57125 0.0383333 0.0425
0 0.884583 0.305833 0.0391667 0.045
0 0.620833 0.29625 0.0266667 0.0308333
0 0.11875 0.98125 0.0341667 0.0358333
0 0.359167 0.662083 0.035 0.0375
0 0.8725 0.696667 0.0316667 0.035
0 0.47125 0.8325 0.0391667 0.0383333
0 0.643333 0.20375 0.0416667 0.0408333
0 0.266667 0.4 0.0283333 0.03
0 0.327083 0.765833 0.0391667 0.0416667
0 0.889583 0.22625 0.0341667 0.0375
0 0.165417 0.75125 0.0358333 0.0358333
0 0.545417 0.89125 0.0275 0.0275
0 0.389167 0.739167 0.0383333 0.0416667
0 0.6375 0.521667 0.03 0.03
0 0.131667 0.546667 0.035 0.0366667
0 0.44 0.9525 0.0333333 0.0333333
0 0.0916667 0.455 0.0266667 0.0266667
0 0.905417 0.429167 0.0308333 0.0333333
0 0.480833 0.46125 0.0333333 0.0325
0 0.11625 0.938333 0.0375 0.0383333
0 0.910833 0.592917 0.035 0.0358333
0 0.385833 0.871667 0.035 0.0366667
0 0.675 0.155 0.0366667 0.0383333
0 0.212917 0.915 0.0291667 0.0333333
0 0.8275 0.45375 0.0366667 0.0408333
0 0.78125 0.84625 0.0391667 0.0425
0 0.37 0.500833 0.02 0.02
0 0.715417 0.84375 0.0358333 0.0375
0 0.615833 0.83375 0.0366667 0.0408333
0 0.503333 0.194583 0.04 0.0425
0 0.6225 0.0983333 0.0416667 0.0433333
0 0.875 0.142917 0.0316667 0.0325
0 0.0454167 0.899167 0.0258333 0.0266667
0 0.421667 0.26625 0.0333333 0.0358333
0 0.33625 0.8525 0.0341667 0.0383333
0 0.96375 0.0254167 0.0291667 0.0308333
0 0.30375 0.344167 0.0341667 0.0383333
0 0.371667 0.612917 0.0316667 0.0341667
0 0.34375 0.45875 0.0341667 0.0358333
0 0.53875 0.411667 0.0308333 0.0333333
0 0.919583 0.82625 0.0291667 0.0308333
0 0.470417 0.778333 0.0391667 0.0416667
0 0.685417 0.7925 0.0308333 0.0333333
0 0.574583 0.54125 0.0408333 0.0425
0 0.733333 0.954167 0.0333333 0.0366667
0 0.690833 0.570417 0.03 0.0308333
0 0.687917 0.3425 0.0291667 0.0316667
0 0.745833 0.435833 0.0333333 0.0366667
0 0.41125 0.3225 0.0275 0.03
0 0.802083 0.04 0.0325 0.0333333
0 0.757917 0.480417 0.0308333 0.0325
0 0.450833 0.901667 0.025 0.0266667
0 0.747917 0.215417 0.0341667 0.0391667
0 0.723333 0.660417 0.035 0.0358333
0 0.01375 0.624583 0.0275 0.0408333
0 0.305833 0.94125 0.035 0.0375
0 0.183333 0.867917 0.0316667 0.0325
0 0.499583 0.502083 0.0325 0.0375
0 0.614167 0.95 0.035 0.0383333
0 0.5325 0.7475 0.035 0.0366667
0 0.85625 0.104167 0.0308333 0.0316667
0 0.532083 0.817083 0.0358333 0.0358333
0 0.54875 0.13625 0.0375 0.0408333
0 0.44375 0.722917 0.0341667 0.0358333
0 0.816667 0.154167 0.0333333 0.0366667
0 0.6375 0.03375 0.0316667 0.0325
0 0.732917 0.33875 0.0358333 0.0375
0 0.582083 0.156667 0.0375 0.0383333
0 0.530417 0.372083 0.0358333 0.0375
0 0.88875 0.518333 0.0375 0.04
0 0.682917 0.0683333 0.0358333 0.04
0 0.0170833 0.827083 0.0341667 0.0391667
0 0.85125 0.19 0.0341667 0.035
0 0.983333 0.587083 0.0316667 0.0375
0 0.770417 0.0141667 0.0341667 0.025
0 0.250417 0.987917 0.0275 0.0225
0 0.223333 0.775 0.0366667 0.0366667
0 0.465 0.30875 0.035 0.0358333
0 0.339167 0.907917 0.0316667 0.0341667
0 0.887083 0.915833 0.0341667 0.035
0 0.65125 0.23875 0.0325 0.0308333
0 0.0254167 0.180833 0.0308333 0.0333333
0 0.84875 0.0441667 0.0308333 0.0333333
0 0.780833 0.74125 0.035 0.0358333
0 0.55875 0.713333 0.0341667 0.0333333
0 0.895833 0.0620833 0.0333333 0.0358333
0 0.510833 0.99125 0.03 0.0175
0 0.290833 0.735417 0.0316667 0.0325
0 0.137917 0.685833 0.0358333 0.0366667
0 0.945 0.247083 0.0333333 0.0358333
0 0.402917 0.796667 0.0275 0.0283333
0 0.801667 0.26625 0.0333333 0.0358333
0 0.202917 0.804167 0.0325 0.035
0 0.415 0.497917 0.03 0.0308333
0 0.309583 0.484167 0.0291667 0.03
0 0.065 0.85125 0.0333333 0.0358333
0 0.122917 0.779583 0.0358333 0.0391667
0 0.4325 0.609583 0.0266667 0.0258333
0 0.791667 0.457083 0.035 0.0375
0 0.305 0.621667 0.03 0.0333333
0 0.472917 0.120833 0.0358333 0.0383333
0 0.5475 0.99 0.025 0.0183333
0 0.722083 0.159583 0.0308333 0.0341667
0 0.185417 0.970417 0.0325 0.0341667
0 0.56 0.792917 0.035 0.0341667
0 0.9825 0.80875 0.0316667 0.0341667
0 0.0125 0.0316667 0.025 0.0333333
0 0.950833 0.702917 0.03 0.0325
0 0.387083 0.397917 0.0308333 0.0325
0 0.615 0.23125 0.0266667 0.0275
0 0.0558333 0.634167 0.0366667 0.04
0 0.910417 0.768333 0.0325 0.035
0 0.25625 0.452083 0.0325 0.0341667
0 0.525 0.655833 0.0316667 0.0333333
0 0.3175 0.813333 0.0316667 0.0316667
0 0.0616667 0.721667 0.035 0.0383333
0 0.586667 0.630417 0.0333333 0.0358333
0 0.296667 0.666667 0.0333333 0.035
0 0.40875 0.676667 0.0258333 0.0266667
0 0.16 0.650833 0.0316667 0.0333333
0 0.0120833 0.719167 0.0241667 0.04
0 0.7825 0.209167 0.0333333 0.035
0 0.937083 0.289167 0.0341667 0.0366667
0 0.362083 0.374583 0.0325 0.0341667
0 0.0420833 0.131667 0.0325 0.035
0 0.237917 0.602917 0.0341667 0.0358333
0 0.695417 0.502917 0.0325 0.0341667
0 0.1025 0.744583 0.03 0.0325
0 0.629583 0.675833 0.0291667 0.03
0 0.694583 0.241667 0.0325 0.035
0 0.129583 0.05875 0.0275 0.0291667
0 0.445833 0.3825 0.0333333 0.0366667
0 0.189167 0.0641667 0.0283333 0.0283333
0 0.15375 0.718333 0.0341667 0.0366667
0 0.48375 0.360833 0.0291667 0.0316667
0 0.235 0.50875 0.0333333 0.0358333
0 0.0879167 0.09 0.0325 0.0333333
0 0.900833 0.671667 0.0333333 0.0333333
0 0.209167 0.414583 0.03 0.0308333
