0 0.844167 0.976667 0.0316667 0.0333333
0 0.955833 0.8425 0.03 0.0316667
0 0.350833 0.87625 0.035 0.0358333
0 0.936667 0.101667 0.0416667 0.05
0 0.1175 0.683333 0.0316667 0.0333333
0 0.6075 0.0883333 0.035 0.04
0 0.587917 0.62625 0.0375 0.0408333
0 0.435 0.379583 0.0283333 0.0308333
0 0.0270833 0.230833 0.0291667 0.0316667
0 0.3525 0.0416667 0.0266667 0.0283333
0 0.312083 0.69375 0.0375 0.0391667
0 0.41625 0.267083 0.0275 0.0275
0 0.253333 0.234583 0.04 0.0391667
0 0.311667 0.364167 0.0383333 0.0416667
0 0.643333 0.86375 0.04 0.0441667
0 0.11375 0.716667 0.0391667 0.045
0 0.445 0.294583 0.035 0.0391667
0 0.204583 0.325 0.0308333 0.0333333
0 0.79625 0.634583 0.0291667 0.0325
0 0.514167 0.75 0.0333333 0.035
0 0.765833 0.735833 0.04 0.0466667
0 0.225 0.667083 0.035 0.0341667
0 0.12375 0.510417 0.0291667 0.0308333
0 0.4125 0.821667 0.03 0.0333333
0 0.707917 0.63125 0.0308333 0.0325
0 0.9 0.9925 0.03 0.015
0 0.445417 0.17875 0.0375 0.0441667
0 0.709167 0.0891667 0.0433333 0.045
0 0.587917 0.935 0.0391667 0.04
0 0.684167 0.725 0.035 0.035
0 0.410833 0.0333333 0.04 0.0416667
0 0.990417 0.770417 0.0191667 0.0291667
0 0.26 0.0720833 0.0416667 0.0425
0 0.986667 0.0445833 0.0266667 0.0391667
0 0.0533333 0.672083 0.0366667 0.0425
0 0.822083 0.611667 0.0358333 0.04
0 0.395833 0.99 0.03 0.0183333
0 0.46625 0.315 0.0308333 0.0333333
0 0.0116667 0.411667 0.0233333 0.035
0 0.674167 0.194167 0.03 0.0333333
0 0.71625 0.0154167 0.0341667 0.0308333
0 0.22375 0.986667 0.0358333 0.0266667
0 0.677917 0.311667 0.0375 0.0383333
0 0.9025 0.919167 0.0366667 0.0416667
0 0.382083 0.5375 0.0341667 0.0366667
0 0.519167 0.0120833 0.0283333 0.0241667
0 0.74 0.0508333 0.0333333 0.035
0 0.301667 0.2275 0.03 0.0316667
0 0.36625 0.314167 0.0358333 0.0383333
0 0.267917 0.406667 0.0325 0.035
0 0.15625 0.66 0.0341667 0.0366667
0 0.12625 0.626667 0.0375 0.0383333
0 0.272917 0.18 0.0308333 0.0333333
0 0.852083 0.887083 0.0375 0.0408333
0 0.491667 0.46125 0.0333333 0.0358333
0 0.534167 0.902917 0.0366667 0.0425
0 0.68375 0.2375 0.0325 0.035
0 0.414167 0.92375 0.035 0.0375
0 0.6025 0.9725 0.0316667 0.0333333
0 0.858333 0.950833 0.0333333 0.035
0 0.484167 0.942917 0.0333333 0.0341667
0 0.777083 0.949583 0.0325 0.0391667
0 0.715417 0.837917 0.0358333 0.0408333
0 0.315417 0.150833 0.0358333 0.0366667
0 0.8525 0.799583 0.0333333 0.0341667
0 0.979167 0.4475 0.0316667 0.035
0 0.234167 0.100417 0.0366667 0.0391667
0 0.809167 0.975 0.035 0.04
0 0.522917 0.41875 0.0375 0.0425
0 0.0175 0.29625 0.0316667 0.0341667
0 0.3675 0.212917 0.035 0.0391667
0 0.617917 0.136667 0.0358333 0.0383333
0 0.659583 0.146667 0.0341667 0.0366667
0 0.680833 0.835833 0.0383333 0.0433333
0 0.191667 0.41125 0.025 0.0258333
0 0.454167 0.462083 0.03 0.0325
0 0.44625 0.10625 0.0291667 0.0308333
0 0.25 0.372917 0.0316667 0.0325
0 0.121667 0.19875 0.035 0.0391667
0 0.17125 0.459167 0.0308333 0.0333333
0 0.912083 0.0333333 0.0375 0.0416667
0 0.879167 0.0825 0.04 0.04
0 0.383333 0.163333 0.0333333 0.035
0 0.292917 0.544167 0.0325 0.0333333
0 0.312083 0.90875 0.0308333 0.0325
0 0.579583 0.196667 0.0358333 0.0383333
0 0.180833 0.235833 0.035 0.0366667
0 0.47125 0.235417 0.0275 0.0291667
0 0.312083 0.985 0.0341667 0.03
0 0.6575 0.764583 0.035 0.0375
0 0.338333 0.433333 0.0333333 0.035
0 0.57625 0.0545833 0.0325 0.0358333
0 0.0225 0.530417 0.0266667 0.0275
0 0.204583 0.0204167 0.0341667 0.0358333
0 0.592917 0.39125 0.0291667 0.0308333
0 0.105417 0.53625 0.0325 0.0358333
0 0.8425 0.12 0.0383333 0.04
0 0.56375 0.315833 0.0308333 0.0316667
0 0.154167 0.355833 0.0266667 0.03
0 0.588333 0.797083 0.0333333 0.0341667
0 0.91875 0.857917 0.0325 0.0341667
0 0.327917 0.487083 0.0275 0.0275
0 0.316667 0.2925 0.0316667 0.0316667
0 0.2225 0.40875 0.03 0.0308333
0 0.98875 0.50875 0.0225 0.0291667
0 0.264583 0.595833 0.0291667 0.0316667
0 0.615417 0.218333 0.0325 0.035
0 0.776667 0.907083 0.0316667 0.0341667
0 0.015 0.374583 0.03 0.0325
0 0.14875 0.0829167 0.0358333 0.0375
0 0.772083 0.23 0.0275 0.03
0 0.394583 0.120417 0.0341667 0.0341667
0 0.945417 0.62875 0.0308333 0.0341667
0 0.79375 0.694583 0.0308333 0.0308333
0 0.480417 0.347917 0.0308333 0.0341667
0 0.68125 0.9675 0.0325 0.0333333
0 0.375833 0.379167 0.025 0.0266667
0 0.305417 0.0129167 0.0325 0.0241667
0 0.259167 0.499583 0.0316667 0.0325
0 0.776667 0.820833 0.0333333 0.0366667
0 0.0354167 0.0258333 0.0308333 0.0333333
0 0.813333 0.149167 0.035 0.0366667
0 0.09 0.42 0.0333333 0.035
0 0.124583 0.28625 0.0341667 0.0375
0 0.831667 0.852917 0.0333333 0.0341667
0 0.65875 0.0845833 0.0358333 0.0358333
0 0.857917 0.04625 0.0358333 0.0358333
0 0.50375 0.065 0.0325 0.0316667
0 0.628333 0.31875 0.03 0.0308333
0 0.677083 0.03125 0.0341667 0.0358333
0 0.714583 0.250833 0.0325 0.035
0 0.0483333 0.603333 0.0333333 0.0366667
0 0.779167 0.0133333 0.03 0.0266667
0 0.509583 0.13375 0.0308333 0.0325
0 0.495833 0.204583 0.0316667 0.0325
0 0.23125 0.54625 0.0341667 0.0341667
0 0.7575 0.60375 0.03 0.0308333
0 0.922917 0.820833 0.0308333 0.0333333
0 0.0758333 0.0795833 0.03 0.0341667
0 0.777917 0.05125 0.0291667 0.0308333
0 0.0991667 0.100417 0.0316667 0.0341667
0 0.0991667 0.27875 0.03 0.0308333
0 0.0508333 0.507917 0.0333333 0.0358333
0 0.0191667 0.4625 0.03 0.0316667
0 0.935417 0.709167 0.0325 0.0333333
0 0.01625 0.0995833 0.0308333 0.0325
0 0.979583 0.90875 0.0341667 0.0358333
0 0.83625 0.719583 0.0308333 0.0325
