0 0.0195833 0.769167 0.0341667 0.0416667
0 0.657083 0.960417 0.0325 0.0375
0 0.298333 0.209167 0.0383333 0.0433333
0 0.09125 0.970417 0.0291667 0.0308333
0 0.430833 0.114167 0.035 0.0383333
0 0.495417 0.11125 0.0408333 0.0491667
0 0.628333 0.135833 0.0416667 0.0483333
0 0.97 0.494583 0.0366667 0.0408333
0 0.127083 0.82875 0.0291667 0.0308333
0 0.961667 0.76625 0.0383333 0.0391667
0 0.37875 0.61875 0.0391667 0.0441667
0 0.138333 0.424167 0.0283333 0.03
0 0.72125 0.07 0.0308333 0.035
0 0.02125 0.368333 0.0375 0.0433333
0 0.811667 0.909167 0.0383333 0.0416667
0 0.0583333 0.417917 0.0366667 0.0458333
0 0.290417 0.376667 0.0358333 0.0383333
0 0.5275 0.154167 0.04 0.0433333
0 0.493333 0.23375 0.0316667 0.0341667
0 0.459167 0.186667 0.0383333 0.0433333
0 0.58125 0.5925 0.0375 0.0416667
0 0.450417 0.493333 0.0358333 0.04
0 0.804167 0.548333 0.04 0.0383333
0 0.0608333 0.5075 0.0366667 0.04
0 0.02 0.875417 0.0383333 0.0491667
0 0.89625 0.820833 0.0341667 0.035
0 0.697917 0.18625 0.0308333 0.0341667
0 0.583333 0.245417 0.0316667 0.0358333
0 0.345 0.3525 0.035 0.0366667
0 0.3575 0.469167 0.035 0.0366667
0 0.400833 0.31125 0.0366667 0.0408333
0 0.500417 0.374167 0.0391667 0.0416667
0 0.272917 0.898333 0.0425 0.0483333
0 0.639583 0.600417 0.0358333 0.0391667
0 0.796667 0.812083 0.035 0.0475
0 0.733333 0.227917 0.0366667 0.0391667
0 0.870833 0.48125 0.0333333 0.0391667
0 0.23375 0.4 0.0391667 0.0433333
0 0.73625 0.543333 0.0341667 0.0333333
0 0.687083 0.961667 0.0358333 0.04
0 0.397083 0.77625 0.0408333 0.0425
0 0.2825 0.15375 0.0333333 0.0341667
0 0.1875 0.833333 0.03 0.0316667
0 0.517917 0.247083 0.0358333 0.0391667
0 0.344583 0.854583 0.0341667 0.0375
0 0.6 0.294167 0.0383333 0.0466667
0 0.144583 0.45875 0.0291667 0.0308333
0 0.436667 0.790833 0.0266667 0.0283333
0 0.1525 0.880417 0.0383333 0.0408333
0 0.195833 0.746667 0.035 0.0366667
0 0.415833 0.493333 0.0333333 0.0366667
0 0.490417 0.82125 0.0408333 0.0458333
0 0.347083 0.267917 0.0375 0.0391667
0 0.490833 0.0316667 0.0383333 0.0433333
0 0.250417 0.347083 0.0358333 0.0391667
0 0.228333 0.51 0.035 0.04
0 0.634167 0.0975 0.0383333 0.0416667
0 0.675833 0.25125 0.0383333 0.0441667
0 0.355417 0.0875 0.0341667 0.035
0 0.505417 0.597083 0.0325 0.0341667
0 0.520833 0.632917 0.035 0.0358333
0 0.589167 0.18625 0.0366667 0.0408333
0 0.802917 0.51 0.0325 0.0366667
0 0.434167 0.284167 0.035 0.0383333
0 0.382917 0.398333 0.0358333 0.0383333
0 0.192917 0.49 0.0325 0.0366667
0 0.144167 0.513333 0.0316667 0.0316667
0 0.500417 0.42375 0.0358333 0.0408333
0 0.77875 0.600833 0.0358333 0.0366667
0 0.633333 0.319583 0.0316667 0.0341667
0 0.3725 0.961667 0.035 0.035
0 0.11375 0.909583 0.0375 0.0408333
0 0.527917 0.884583 0.0375 0.0408333
0 0.725833 0.887083 0.0316667 0.0375
0 0.411667 0.91 0.0366667 0.04
0 0.944583 0.450417 0.0291667 0.0358333
0 0.482917 0.31875 0.0308333 0.0341667
0 0.0316667 0.68 0.0316667 0.0333333
0 0.878333 0.550417 0.0366667 0.0408333
0 0.208333 0.907083 0.035 0.0391667
0 0.547083 0.390833 0.0358333 0.0416667
0 0.20125 0.5825 0.0341667 0.0366667
0 0.217083 0.839583 0.0325 0.0358333
0 0.39125 0.19125 0.0358333 0.0391667
0 0.3275 0.172917 0.0333333 0.0341667
0 0.32125 0.94375 0.0358333 0.0408333
0 0.0145833 0.08875 0.0291667 0.0358333
0 0.75625 0.727917 0.0275 0.0291667
0 0.30875 0.535417 0.0325 0.0341667
0 0.483333 0.94625 0.035 0.0375
0 0.40125 0.6925 0.0341667 0.0366667
0 0.634583 0.8025 0.0375 0.0416667
0 0.330417 0.7675 0.0325 0.0366667
0 0.409583 0.0945833 0.0358333 0.0375
0 0.266667 0.960417 0.03 0.0325
0 0.395833 0.818333 0.0366667 0.0366667
0 0.324167 0.617083 0.0366667 0.0391667
0 0.462083 0.882083 0.0341667 0.0391667
0 0.509583 0.755833 0.0325 0.035
0 0.3275 0.7075 0.0333333 0.0366667
0 0.62625 0.76375 0.0375 0.0391667
0 0.27125 0.270417 0.0325 0.0341667
0 0.645417 0.72875 0.0375 0.0391667
0 0.629167 0.939583 0.0383333 0.0441667
0 0.5525 0.31375 0.035 0.0375
0 0.86 0.753333 0.0366667 0.04
0 0.971667 0.6 0.0316667 0.035
0 0.562917 0.709167 0.0341667 0.0366667
0 0.6075 0.454583 0.0383333 0.0425
0 0.132083 0.389583 0.0325 0.0341667
0 0.3675 0.739583 0.0366667 0.0391667
0 0.775833 0.765417 0.0283333 0.0308333
0 0.55125 0.57 0.0291667 0.03
0 0.467083 0.990833 0.0325 0.0183333
0 0.0954167 0.85125 0.0341667 0.0375
0 0.732917 0.801667 0.0358333 0.0383333
0 0.72375 0.630417 0.0341667 0.0358333
0 0.300417 0.437917 0.0341667 0.0358333
0 0.0629167 0.78375 0.0308333 0.0325
0 0.985833 0.535417 0.0283333 0.0375
0 0.845 0.521667 0.035 0.04
0 0.1475 0.657917 0.025 0.0275
0 0.0775 0.5925 0.0283333 0.03
0 0.479583 0.719583 0.0341667 0.0375
0 0.81625 0.407083 0.0341667 0.0341667
0 0.809583 0.957917 0.0341667 0.0358333
0 0.792083 0.680833 0.0341667 0.035
0 0.689167 0.8375 0.035 0.0366667
0 0.202083 0.644583 0.0308333 0.0341667
0 0.263333 0.648333 0.0333333 0.0333333
0 0.73 0.356667 0.0366667 0.04
0 0.57 0.82625 0.035 0.0375
0 0.1225 0.981667 0.0316667 0.0333333
0 0.122083 0.659583 0.0291667 0.0291667
0 0.675417 0.535417 0.0341667 0.0358333
0 0.794583 0.870833 0.0275 0.0283333
0 0.532083 0.985 0.0308333 0.03
0 0.0679167 0.875417 0.0325 0.0325
0 0.700417 0.7175 0.0291667 0.0316667
0 0.420417 0.954167 0.0341667 0.0366667
0 0.573333 0.4275 0.0366667 0.04
0 0.667917 0.64125 0.0358333 0.0408333
0 0.674583 0.869583 0.0325 0.0341667
0 0.809167 0.63875 0.0333333 0.0358333
0 0.546667 0.77375 0.0316667 0.0325
0 0.218333 0.606667 0.0316667 0.0333333
0 0.035 0.960417 0.0333333 0.0375
0 0.591667 0.655417 0.0316667 0.0341667
0 0.262917 0.837917 0.0308333 0.0325
0 0.184583 0.98375 0.0341667 0.0325
0 0.905417 0.417083 0.0358333 0.0391667
0 0.130833 0.731667 0.03 0.0316667
0 0.844167 0.7925 0.0316667 0.035
0 0.890833 0.633333 0.0366667 0.0383333
0 0.536667 0.06 0.0283333 0.0283333
0 0.677083 0.902917 0.0325 0.0358333
0 0.337083 0.664583 0.0341667 0.0358333
0 0.890417 0.590417 0.0308333 0.0308333
0 0.956667 0.642917 0.0333333 0.0341667
0 0.7 0.40875 0.035 0.0375
0 0.599583 0.872917 0.0358333 0.0358333
0 0.918333 0.7475 0.0333333 0.035
0 0.572917 0.945417 0.0341667 0.0358333
0 0.757917 0.443333 0.0341667 0.0383333
