0 0.04875 0.495417 0.0391667 0.0508333
0 0.352083 0.312917 0.0391667 0.0425
0 0.739167 0.4075 0.0366667 0.0366667
0 0.0804167 0.140833 0.0358333 0.04
0 0.299167 0.1 0.0383333 0.0416667
0 0.20125 0.420417 0.0425 0.0441667
0 0.255833 0.726667 0.0416667 0.0416667
0 0.53625 0.592083 0.0375 0.0425
0 0.305 0.770833 0.0333333 0.035
0 0.0379167 0.92125 0.0341667 0.0391667
0 0.0383333 0.659583 0.0416667 0.0441667
0 0.766667 0.878333 0.0383333 0.0416667
0 0.385417 0.49 0.0375 0.0416667
0 0.638333 0.304583 0.04 0.0475
0 0.992917 0.111667 0.0141667 0.03
0 0.67375 0.873333 0.0391667 0.04
0 0.37125 0.63875 0.0408333 0.0391667
0 0.509167 0.264583 0.0316667 0.0341667
0 0.187083 0.375 0.0325 0.035
0 0.4675 0.305 0.0366667 0.0383333
0 0.9625 0.00708333 0.0266667 0.0141667
0 0.159167 0.78375 0.0366667 0.0391667
0 0.617083 0.222083 0.0325 0.0341667
0 0.392083 0.695 0.0375 0.0416667
0 0.994583 0.566667 0.0108333 0.0283333
0 0.0120833 0.802917 0.0241667 0.0408333
0 0.985417 0.204583 0.0291667 0.0408333
0 0.04125 0.600417 0.0425 0.0425
0 0.210833 0.51375 0.04 0.0441667
0 0.896667 0.5925 0.03 0.0316667
0 0.332917 0.530417 0.0325 0.0341667
0 0.54125 0.299167 0.0375 0.0366667
0 0.13 0.0391667 0.0366667 0.0383333
0 0.155417 0.544167 0.0358333 0.0416667
0 0.4125 0.16625 0.0316667 0.0325
0 0.4025 0.0908333 0.0333333 0.035
0 0.479167 0.54375 0.035 0.0358333
0 0.914167 0.785417 0.035 0.0408333
0 0.859167 0.825833 0.0383333 0.04
0 0.72625 0.227083 0.0408333 0.0425
0 0.382083 0.394167 0.0325 0.0333333
0 0.0170833 0.6775 0.0341667 0.035
0 0.695 0.0204167 0.0316667 0.0325
0 0.48625 0.442917 0.0375 0.0408333
0 0.0916667 0.403333 0.0383333 0.0433333
0 0.337083 0.434583 0.0341667 0.0358333
0 0.204167 0.282083 0.035 0.0375
0 0.232083 0.644583 0.0325 0.0341667
0 0.33125 0.237917 0.0358333 0.0358333
0 0.346667 0.150417 0.03 0.0308333
0 0.900833 0.117083 0.035 0.0375
0 0.434167 0.405417 0.035 0.0375
0 0.152083 0.08 0.0358333 0.0383333
0 0.227083 0.0325 0.0375 0.04
0 0.529583 0.159583 0.0358333 0.0358333
0 0.0916667 0.821667 0.0416667 0.0416667
0 0.649167 0.967083 0.035 0.0358333
0 0.91 0.980833 0.0333333 0.035
0 0.99 0.791667 0.02 0.0316667
0 0.579583 0.3325 0.0341667 0.0366667
0 0.318333 0.411667 0.03 0.0333333
0 0.59875 0.262083 0.0375 0.0391667
0 0.745833 0.853333 0.0366667 0.0433333
0 0.3075 0.32625 0.0333333 0.0358333
0 0.45 0.274583 0.03 0.0325
0 0.01 0.862917 0.02 0.0358333
0 0.0954167 0.250417 0.0375 0.0358333
0 0.23625 0.1 0.0358333 0.035
0 0.785 0.02 0.035 0.0366667
0 0.47125 0.196667 0.0358333 0.0383333
0 0.900833 0.692917 0.0316667 0.0358333
0 0.176667 0.0108333 0.0316667 0.02
0 0.982083 0.61625 0.0358333 0.0358333
0 0.619167 0.425833 0.03 0.0316667
0 0.0625 0.547083 0.0366667 0.0408333
0 0.0479167 0.11125 0.0358333 0.0391667
0 0.265 0.252083 0.0366667 0.0391667
0 0.93625 0.84125 0.0341667 0.0375
0 0.988333 0.86625 0.0233333 0.0325
0 0.284583 0.64625 0.0325 0.0341667
0 0.224167 0.223333 0.0316667 0.0316667
0 0.133333 0.861667 0.0366667 0.0383333
0 0.82875 0.04875 0.0341667 0.0375
0 0.845 0.295833 0.035 0.0383333
0 0.152917 0.61375 0.0341667 0.0358333
0 0.767083 0.133333 0.0341667 0.0333333
0 0.685 0.0791667 0.0333333 0.035
0 0.200417 0.633333 0.0358333 0.0383333
0 0.0941667 0.761667 0.0366667 0.0383333
0 0.344167 0.757917 0.0333333 0.0341667
0 0.74375 0.307917 0.0308333 0.0325
0 0.142083 0.28625 0.0341667 0.0358333
0 0.485833 0.61375 0.035 0.0375
0 0.270417 0.524167 0.0275 0.0283333
0 0.414583 0.585 0.0325 0.0316667
0 0.434167 0.48875 0.0333333 0.0375
0 0.8425 0.214583 0.0333333 0.0358333
0 0.271667 0.39 0.0333333 0.0366667
0 0.672917 0.3575 0.0291667 0.03
0 0.142083 0.467917 0.0358333 0.0375
0 0.72125 0.97875 0.0341667 0.0341667
0 0.352083 0.55 0.0325 0.0333333
0 0.186667 0.817917 0.0366667 0.0375
0 0.634583 0.263333 0.0308333 0.0316667
0 0.28875 0.597917 0.0325 0.0341667
0 0.530417 0.39625 0.0325 0.0341667
0 0.403333 0.36375 0.0333333 0.0341667
0 0.945833 0.237917 0.035 0.0391667
0 0.492917 0.5 0.0308333 0.03
0 0.0104167 0.949167 0.0208333 0.035
0 0.44625 0.66 0.0325 0.0366667
0 0.545417 0.528333 0.0291667 0.0283333
0 0.18375 0.555 0.0308333 0.035
0 0.915 0.21875 0.0316667 0.0341667
0 0.256667 0.6725 0.0316667 0.0333333
0 0.808333 0.892083 0.035 0.0375
0 0.41875 0.0575 0.0325 0.0333333
0 0.547083 0.461667 0.0325 0.0366667
0 0.0895833 0.467917 0.0358333 0.0375
0 0.104167 0.60875 0.0283333 0.0291667
0 0.229167 0.8275 0.03 0.03
0 0.81875 0.848333 0.0341667 0.0366667
0 0.0675 0.872083 0.03 0.0308333
0 0.952083 0.630417 0.0358333 0.0375
0 0.935833 0.0333333 0.0316667 0.035
0 0.152083 0.213333 0.0308333 0.0333333
0 0.944583 0.91125 0.0325 0.0341667
0 0.817083 0.14 0.0325 0.0316667
0 0.660417 0.2225 0.0341667 0.0333333
0 0.0266667 0.00958333 0.0316667 0.0191667
0 0.985833 0.664583 0.0283333 0.0358333
0 0.2575 0.144167 0.0316667 0.0333333
0 0.872917 0.7525 0.0325 0.0333333
0 0.744583 0.947917 0.0308333 0.0325
0 0.254167 0.566667 0.025 0.025
0 0.305833 0.356667 0.0333333 0.035
0 0.479167 0.362917 0.0316667 0.0308333
0 0.951667 0.11 0.03 0.03
0 0.512917 0.345 0.0308333 0.0316667
0 0.40125 0.2925 0.0325 0.035
0 0.382917 0.0179167 0.0291667 0.0291667
0 0.247083 0.75875 0.0308333 0.0341667
0 0.142917 0.72125 0.0275 0.0291667
0 0.0366667 0.36125 0.0283333 0.0275
0 0.266667 0.801667 0.03 0.03
0 0.85625 0.08625 0.0341667 0.0341667
0 0.150833 0.666667 0.0333333 0.035
0 0.53375 0.0158333 0.0308333 0.03
0 0.813333 0.955 0.0333333 0.035
0 0.53625 0.2175 0.0325 0.0333333
0 0.982083 0.16375 0.0308333 0.0325
0 0.775417 0.78125 0.0325 0.0325
0 0.63625 0.182083 0.0325 0.0325
0 0.799167 0.255417 0.0283333 0.0291667
0 0.904167 0.661667 0.0333333 0.035
0 0.975833 0.975833 0.0283333 0.0316667
0 0.265833 0.47 0.03 0.0316667
0 0.774167 0.822083 0.0333333 0.0358333
0 0.0179167 0.0958333 0.0308333 0.035
