0 0.953333 0.0833333 0.0366667 0.0416667
0 0.454167 0.754583 0.025 0.0275
0 0.46 0.574167 0.04 0.0466667
0 0.398333 0.840417 0.0433333 0.0491667
0 0.172917 0.512917 0.0391667 0.0441667
0 0.375417 0.938333 0.0391667 0.0366667
0 0.97625 0.385417 0.0258333 0.0291667
0 0.56875 0.299583 0.0375 0.0391667
0 0.0970833 0.840417 0.0391667 0.0458333
0 0.0254167 0.774167 0.0425 0.045
0 0.987083 0.553333 0.0258333 0.0316667
0 0.01375 0.146667 0.0275 0.035
0 0.005 0.168333 0.01 0.0316667
0 0.617083 0.223333 0.0375 0.0366667
0 0.90125 0.127917 0.0341667 0.0375
0 0.9775 0.170833 0.04 0.04
0 0.987083 0.0404167 0.0258333 0.0308333
0 0.244583 0.515 0.0391667 0.0433333
0 0.725417 0.602083 0.0375 0.0391667
0 0.430417 0.95 0.0391667 0.0433333
0 0.460417 0.900417 0.0308333 0.0308333
0 0.641667 0.786667 0.0383333 0.0416667
0 0.53875 0.902917 0.0291667 0.0325
0 0.70375 0.663333 0.0341667 0.0366667
0 0.360417 0.577917 0.0375 0.0408333
0 0.1875 0.712917 0.04 0.0408333
0 0.0075 0.665833 0.015 0.0283333
0 0.435417 0.247083 0.0375 0.0408333
0 0.532917 0.59125 0.0358333 0.0458333
0 0.1725 0.970833 0.035 0.035
0 0.348333 0.650417 0.04 0.0441667
0 0.01375 0.57 0.0275 0.035
0 0.865 0.587083 0.03 0.0341667
0 0.248333 0.990417 0.03 0.0191667
0 0.467083 0.8675 0.0341667 0.035
0 0.45375 0.297917 0.0358333 0.0375
0 0.547083 0.07 0.0325 0.0333333
0 0.01625 0.0466667 0.0325 0.035
0 0.601667 0.42875 0.035 0.0391667
0 0.39875 0.880417 0.0408333 0.0408333
0 0.658333 0.191667 0.03 0.0316667
0 0.326667 0.604167 0.035 0.0383333
0 0.840833 0.835833 0.0433333 0.045
0 0.724583 0.68625 0.0358333 0.0391667
0 0.698333 0.965 0.0366667 0.0383333
0 0.29 0.690417 0.0366667 0.0391667
0 0.886667 0.946667 0.0333333 0.0366667
0 0.183333 0.430833 0.0316667 0.035
0 0.714167 0.349583 0.04 0.0408333
0 0.142083 0.707917 0.0308333 0.0325
0 0.0766667 0.887083 0.035 0.0375
0 0.675833 0.1125 0.0366667 0.0366667
0 0.919583 0.966667 0.0341667 0.0366667
0 0.550833 0.11125 0.0283333 0.0291667
0 0.475417 0.64625 0.0358333 0.0408333
0 0.430833 0.508333 0.0383333 0.0416667
0 0.979583 0.819583 0.0408333 0.0441667
0 0.297083 0.745417 0.0358333 0.0408333
0 0.985833 0.735417 0.0283333 0.0325
0 0.717083 0.930833 0.0308333 0.035
0 0.8525 0.47 0.0366667 0.045
0 0.562083 0.144583 0.0341667 0.0358333
0 0.67 0.414583 0.04 0.0408333
0 0.489167 0.929167 0.0383333 0.04
0 0.14375 0.820417 0.0341667 0.0375
0 0.194167 0.947083 0.035 0.0341667
0 0.366667 0.48875 0.0416667 0.0425
0 0.79 0.485417 0.0316667 0.0341667
0 0.0804167 0.5025 0.0341667 0.0383333
0 0.794167 0.796667 0.0283333 0.0333333
0 0.61875 0.130833 0.0358333 0.0366667
0 0.399167 0.622083 0.04 0.0441667
0 0.226667 0.755417 0.035 0.0375
0 0.184167 0.85125 0.035 0.0375
0 0.312083 0.875 0.0358333 0.04
0 0.274583 0.84375 0.0358333 0.0391667
0 0.20875 0.583333 0.0341667 0.0366667
0 0.685417 0.739167 0.0358333 0.04
0 0.654167 0.28625 0.0383333 0.0391667
0 0.736667 0.856667 0.0366667 0.0433333
0 0.81 0.09 0.035 0.035
0 0.224167 0.66 0.0266667 0.0283333
0 0.489583 0.358333 0.0375 0.0383333
0 0.782917 0.200417 0.0275 0.0308333
0 0.66875 0.83875 0.0375 0.0408333
0 0.470417 0.46875 0.0358333 0.0375
0 0.621667 0.944583 0.0333333 0.0341667
0 0.202083 0.0479167 0.0358333 0.0341667
0 0.755417 0.0104167 0.0375 0.0208333
0 0.840833 0.724167 0.0333333 0.035
0 0.94375 0.355 0.0358333 0.0366667
0 0.849167 0.3075 0.0366667 0.0383333
0 0.49125 0.741667 0.0308333 0.0366667
0 0.78875 0.673333 0.0325 0.035
0 0.292917 0.404167 0.0358333 0.0383333
0 0.279167 0.7875 0.035 0.0366667
0 0.787917 0.987083 0.0275 0.0258333
0 0.815 0.35125 0.0333333 0.0358333
0 0.915417 0.690833 0.0375 0.0433333
0 0.925833 0.612083 0.035 0.0375
0 0.714167 0.715 0.0316667 0.0333333
0 0.48625 0.234167 0.0341667 0.035
0 0.627083 0.6325 0.0325 0.035
0 0.73875 0.16875 0.0325 0.0358333
0 0.79875 0.604583 0.0275 0.0291667
0 0.243333 0.88125 0.035 0.0375
0 0.360417 0.7675 0.0375 0.0383333
0 0.420417 0.678333 0.0341667 0.04
0 0.254167 0.724583 0.035 0.0375
0 0.41 0.452083 0.03 0.0308333
0 0.955 0.307083 0.035 0.0358333
0 0.505833 0.199167 0.0333333 0.035
0 0.745 0.279583 0.0366667 0.0391667
0 0.632083 0.6775 0.0341667 0.0366667
0 0.617917 0.3175 0.0341667 0.0366667
0 0.8025 0.752083 0.035 0.0391667
0 0.76875 0.830833 0.0358333 0.0383333
0 0.9225 0.04125 0.0333333 0.0358333
0 0.979167 0.653333 0.0266667 0.03
0 0.874583 0.512083 0.0325 0.0341667
0 0.388333 0.381667 0.03 0.03
0 0.49125 0.29 0.0341667 0.0383333
0 0.644167 0.463333 0.0333333 0.0333333
0 0.641667 0.534583 0.035 0.0375
0 0.902083 0.25 0.0341667 0.0366667
0 0.8975 0.370833 0.035 0.0366667
0 0.154583 0.646667 0.0341667 0.035
0 0.59625 0.485417 0.0325 0.0341667
0 0.874583 0.170417 0.0358333 0.0375
0 0.932083 0.204167 0.0358333 0.0366667
0 0.698333 0.470833 0.0383333 0.0383333
0 0.0258333 0.73125 0.0316667 0.0341667
0 0.9075 0.325833 0.0333333 0.0333333
0 0.207083 0.645417 0.0258333 0.0275
0 0.350417 0.5375 0.0375 0.04
0 0.0275 0.015 0.0366667 0.03
0 0.417917 0.545 0.0341667 0.0366667
0 0.105833 0.551667 0.035 0.035
0 0.575833 0.527083 0.035 0.0375
0 0.207917 0.788333 0.0291667 0.03
0 0.2925 0.452917 0.035 0.0358333
0 0.555833 0.71125 0.035 0.0358333
0 0.390833 0.800833 0.0366667 0.04
0 0.765 0.403333 0.0333333 0.0366667
0 0.816667 0.245 0.0333333 0.035
0 0.789583 0.0375 0.0291667 0.03
0 0.600417 0.691667 0.0291667 0.0316667
0 0.648333 0.715417 0.0316667 0.0325
0 0.774583 0.455417 0.0358333 0.0391667
0 0.552083 0.633333 0.0308333 0.0316667
0 0.766667 0.90125 0.035 0.0358333
0 0.84875 0.962083 0.0341667 0.0375
0 0.697083 0.80125 0.0341667 0.0341667
0 0.962083 0.869167 0.0308333 0.0333333
0 0.05625 0.125417 0.0308333 0.0325
0 0.603333 0.735417 0.0333333 0.0358333
0 0.866667 0.392083 0.0333333 0.0341667
0 0.932083 0.5225 0.0358333 0.04
0 0.679583 0.512083 0.0341667 0.0358333
0 0.71 0.0166667 0.0316667 0.0316667
0 0.122083 0.45 0.0275 0.03
0 0.448333 0.37 0.0333333 0.035
0 0.8025 0.932917 0.035 0.0375
0 0.137083 0.751667 0.0291667 0.03
0 0.0833333 0.965 0.0316667 0.0333333
0 0.56875 0.596667 0.0291667 0.0283333
0 0.640417 0.583333 0.0308333 0.0316667
0 0.344583 0.844167 0.0341667 0.0366667
0 0.10375 0.0583333 0.0341667 0.035
0 0.955833 0.45125 0.0316667 0.0341667
0 0.2075 0.678333 0.03 0.0316667
0 0.825417 0.546667 0.0358333 0.0416667
0 0.98 0.209583 0.0316667 0.0325
0 0.971667 0.25125 0.0316667 0.0358333
0 0.654167 0.0158333 0.0333333 0.0316667
0 0.647917 0.892083 0.0325 0.0325
0 0.581667 0.232917 0.0283333 0.0291667
0 0.44375 0.832083 0.0358333 0.0358333
0 0.887083 0.825 0.0308333 0.035
0 0.614583 0.833333 0.0341667 0.035
0 0.847917 0.89375 0.0308333 0.0325
0 0.138333 0.622083 0.03 0.0308333
0 0.332917 0.9725 0.0308333 0.0333333
0 0.579583 0.982917 0.0291667 0.0308333
0 0.912917 0.762917 0.0341667 0.0358333
