0 0.580833 0.923333 0.045 0.05
0 0.783333 0.172917 0.0283333 0.0291667
0 0.453333 0.47625 0.0416667 0.0508333
0 0.4125 0.302917 0.035 0.0375
0 0.0425 0.05375 0.0416667 0.0425
0 0.629167 0.980833 0.0366667 0.0383333
0 0.37375 0.992917 0.0291667 0.0141667
0 0.56875 0.17875 0.0341667 0.0358333
0 0.175 0.0875 0.0366667 0.0433333
0 0.47125 0.288333 0.0308333 0.0333333
0 0.292083 0.21125 0.0408333 0.0458333
0 0.864583 0.813333 0.0275 0.03
0 0.890833 0.990833 0.0316667 0.0183333
0 0.257083 0.161667 0.0425 0.0433333
0 0.842083 0.557917 0.0341667 0.0391667
0 0.9575 0.0129167 0.025 0.0258333
0 0.40875 0.44625 0.0308333 0.0325
0 0.924583 0.00875 0.0358333 0.0175
0 0.0391667 0.32 0.0333333 0.035
0 0.840417 0.764583 0.0308333 0.0341667
0 0.621667 0.881667 0.0416667 0.0433333
0 0.6375 0.207083 0.0383333 0.0441667
0 0.483333 0.91 0.0416667 0.045
0 0.97625 0.728333 0.0291667 0.03
0 0.850417 0.127917 0.0358333 0.0408333
0 0.67375 0.2925 0.0358333 0.0383333
0 0.221667 0.123333 0.0383333 0.04
0 0.365833 0.03375 0.035 0.0375
0 0.347083 0.128333 0.0241667 0.025
0 0.854167 0.990833 0.0233333 0.0183333
0 0.76375 0.0554167 0.0375 0.0425
0 0.444583 0.01125 0.0325 0.0225
0 0.0583333 0.513333 0.0366667 0.0416667
0 0.0766667 0.10625 0.03 0.0325
0 0.342917 0.233333 0.0358333 0.0383333
0 0.957083 0.494167 0.0275 0.0283333
0 0.736667 0.972083 0.0333333 0.0375
0 0.382083 0.09375 0.0208333 0.0208333
0 0.81625 0.655833 0.0275 0.03
0 0.164167 0.695 0.035 0.0366667
0 0.88 0.482917 0.0366667 0.0375
0 0.0370833 0.250833 0.0408333 0.0416667
0 0.376667 0.184167 0.0366667 0.04
0 0.325833 0.9525 0.03 0.0316667
0 0.50625 0.95625 0.0341667 0.0375
0 0.607917 0.325833 0.0358333 0.0383333
0 0.93375 0.633333 0.0341667 0.0366667
0 0.679583 0.897917 0.0391667 0.0425
0 0.2525 0.489583 0.0316667 0.0325
0 0.889583 0.73125 0.0325 0.0341667
0 0.38 0.499583 0.0366667 0.0391667
0 0.0854167 0.747083 0.0358333 0.0408333
0 0.618333 0.112917 0.0383333 0.0408333
0 0.185 0.317917 0.0366667 0.0391667
0 0.757083 0.257083 0.0308333 0.0325
0 0.852917 0.0479167 0.0358333 0.0425
0 0.676667 0.219167 0.0366667 0.04
0 0.304583 0.129583 0.0341667 0.0358333
0 0.613333 0.688333 0.0366667 0.04
0 0.944583 0.743333 0.0391667 0.04
0 0.33125 0.0429167 0.0275 0.0275
0 0.877083 0.85625 0.0375 0.0391667
0 0.639167 0.173333 0.035 0.0383333
0 0.404167 0.9875 0.0316667 0.025
0 0.702917 0.627083 0.0341667 0.0375
0 0.495833 0.234167 0.0316667 0.0333333
0 0.444583 0.309167 0.0291667 0.03
0 0.491667 0.74 0.035 0.0383333
0 0.148333 0.0533333 0.0316667 0.0333333
0 0.48625 0.84375 0.0341667 0.0375
0 0.07625 0.34625 0.0358333 0.0375
0 0.98875 0.850417 0.0208333 0.0341667
0 0.566667 0.12125 0.0333333 0.0358333
0 0.25625 0.315417 0.0358333 0.0375
0 0.4225 0.3675 0.0383333 0.04
0 0.15375 0.659167 0.0308333 0.0316667
0 0.0633333 0.86 0.04 0.045
0 0.834583 0.83 0.0375 0.04
0 0.664583 0.0316667 0.0341667 0.0366667
0 0.22 0.575 0.03 0.0316667
0 0.66625 0.0933333 0.0291667 0.0316667
0 0.143333 0.171667 0.0366667 0.0383333
0 0.91625 0.0845833 0.0358333 0.0375
0 0.540417 0.1675 0.0291667 0.0316667
0 0.66625 0.252917 0.0358333 0.0358333
0 0.39875 0.578333 0.0341667 0.0333333
0 0.939583 0.884167 0.0391667 0.0416667
0 0.481667 0.171667 0.0316667 0.035
0 0.0958333 0.404583 0.0383333 0.0391667
0 0.01375 0.705833 0.0275 0.0383333
0 0.505417 0.259167 0.0341667 0.0383333
0 0.135417 0.802917 0.0258333 0.0258333
0 0.814167 0.974583 0.03 0.0341667
0 0.587917 0.98875 0.0308333 0.0208333
0 0.798333 0.512083 0.035 0.0358333
0 0.925833 0.686667 0.0333333 0.035
0 0.22875 0.238333 0.0308333 0.0316667
0 0.0695833 0.700417 0.0341667 0.0391667
0 0.260833 0.568333 0.0333333 0.035
0 0.0525 0.163333 0.0316667 0.035
0 0.02375 0.389167 0.0308333 0.0333333
0 0.52125 0.122083 0.0275 0.0291667
0 0.654583 0.85625 0.0375 0.0408333
0 0.114167 0.0583333 0.035 0.0366667
0 0.25625 0.111667 0.0308333 0.0316667
0 0.592917 0.0133333 0.0308333 0.0266667
0 0.300833 0.0158333 0.0333333 0.0316667
0 0.86375 0.59 0.0308333 0.0316667
0 0.304583 0.618333 0.0341667 0.035
0 0.48875 0.373333 0.0308333 0.0316667
0 0.4275 0.04 0.0316667 0.0333333
0 0.919167 0.819167 0.0316667 0.0316667
0 0.055 0.6025 0.035 0.0366667
0 0.451667 0.423333 0.0366667 0.0383333
0 0.169167 0.435 0.0333333 0.035
0 0.619583 0.0545833 0.0325 0.0341667
0 0.540833 0.01 0.0316667 0.0183333
0 0.798333 0.7275 0.0316667 0.0333333
0 0.31625 0.44875 0.0325 0.0341667
0 0.975 0.686667 0.03 0.035
0 0.837083 0.905833 0.0275 0.03
0 0.662917 0.765 0.0325 0.035
0 0.889167 0.9375 0.0316667 0.035
0 0.7825 0.6475 0.0333333 0.0366667
0 0.159167 0.571667 0.0316667 0.0333333
0 0.983333 0.445833 0.0333333 0.0366667
0 0.952083 0.83375 0.0325 0.0341667
0 0.797917 0.86625 0.0325 0.0341667
0 0.741667 0.188333 0.0283333 0.03
0 0.224167 0.0404167 0.0316667 0.0341667
0 0.11875 0.625 0.0325 0.035
0 0.85125 0.787083 0.0341667 0.0341667
0 0.785417 0.0904167 0.0341667 0.0375
0 0.35875 0.33125 0.0341667 0.0358333
0 0.141667 0.28625 0.035 0.0391667
0 0.188333 0.502083 0.0233333 0.0241667
0 0.19375 0.212083 0.0358333 0.0391667
0 0.541667 0.295417 0.03 0.0325
0 0.151667 0.0179167 0.0283333 0.0291667
0 0.53375 0.08125 0.0308333 0.0341667
0 0.678333 0.942917 0.03 0.0308333
0 0.379583 0.3975 0.0341667 0.0366667
0 0.832917 0.169167 0.0325 0.0333333
0 0.787917 0.807917 0.0325 0.0341667
0 0.775 0.0166667 0.0333333 0.0333333
0 0.591667 0.7925 0.0333333 0.0366667
0 0.905417 0.767917 0.0325 0.0358333
0 0.0104167 0.1375 0.0208333 0.0266667
0 0.689583 0.0533333 0.0308333 0.0316667
0 0.430417 0.9525 0.0341667 0.0366667
0 0.482917 0.50625 0.0308333 0.0325
0 0.2575 0.42125 0.0333333 0.0341667
0 0.134583 0.758333 0.0341667 0.0366667
0 0.675833 0.7075 0.0316667 0.0316667
0 0.837083 0.726667 0.0341667 0.035
0 0.934167 0.585833 0.0316667 0.0333333
0 0.18 0.604583 0.0316667 0.0341667
0 0.212083 0.466667 0.0325 0.0333333
0 0.22125 0.541667 0.0325 0.0333333
0 0.695833 0.12625 0.0316667 0.0325
0 0.73125 0.742917 0.0291667 0.0308333
0 0.862917 0.917917 0.0291667 0.0325
0 0.585 0.0508333 0.0316667 0.0333333
0 0.28125 0.275417 0.0341667 0.0341667
0 0.0216667 0.015 0.03 0.03
0 0.347917 0.421667 0.0308333 0.0333333
0 0.987083 0.787083 0.0241667 0.0258333
0 0.40125 0.147917 0.0325 0.0341667
0 0.35125 0.271667 0.0325 0.0316667
0 0.989167 0.0125 0.0216667 0.025
0 0.587083 0.382917 0.0325 0.0341667
0 0.98375 0.55875 0.0275 0.0291667
0 0.654583 0.80875 0.0308333 0.0325
0 0.77 0.9075 0.03 0.0316667
0 0.0204167 0.819167 0.0308333 0.0333333
0 0.120417 0.361667 0.0325 0.035
0 0.153333 0.391667 0.0333333 0.0366667
0 0.71375 0.844167 0.0308333 0.0333333
0 0.268333 0.375833 0.03 0.0316667
0 0.397083 0.273333 0.0308333 0.0316667
0 0.0445833 0.667917 0.0291667 0.0308333
0 0.580833 0.740417 0.0316667 0.0341667
0 0.55875 0.887917 0.0325 0.0358333
