0 0.0366667 0.8825 0.0416667 0.045
0 0.614167 0.0104167 0.0316667 0.0191667
0 0.784167 0.259583 0.03 0.0341667
0 0.881667 0.258333 0.03 0.0333333
0 0.815 0.0533333 0.04 0.0416667
0 0.376667 0.645417 0.0383333 0.0441667
0 0.77125 0.89875 0.0358333 0.0375
0 0.0295833 0.9425 0.0391667 0.0383333
0 0.0325 0.75875 0.0366667 0.0358333
0 0.315833 0.749583 0.0266667 0.0291667
0 0.266667 0.992917 0.0233333 0.0141667
0 0.197083 0.850833 0.0291667 0.03
0 0.99125 0.418333 0.0175 0.0233333
0 0.46375 0.51 0.0341667 0.035
0 0.944583 0.416667 0.0225 0.0233333
0 0.79 0.53625 0.0316667 0.0325
0 0.944167 0.258333 0.03 0.0333333
0 0.641667 0.75 0.04 0.0416667
0 0.144583 0.365833 0.0375 0.0416667
0 0.850833 0.174583 0.025 0.0241667
0 0.636667 0.412917 0.03 0.0341667
0 0.507083 0.160417 0.0291667 0.0325
0 0.00583333 0.57 0.0116667 0.0216667
0 0.269583 0.632917 0.0308333 0.0308333
0 0.434167 0.615417 0.03 0.0308333
0 0.645833 0.0658333 0.0383333 0.0466667
0 0.98625 0.289583 0.0275 0.0358333
0 0.01 0.6425 0.02 0.0366667
0 0.73 0.495 0.0183333 0.0183333
0 0.0225 0.430833 0.0383333 0.045
0 0.0920833 0.0333333 0.0341667 0.0383333
0 0.49625 0.0204167 0.0375 0.0408333
0 0.43125 0.0608333 0.0425 0.0433333
0 0.0470833 0.502917 0.0325 0.0375
0 0.994167 0.15375 0.0116667 0.0241667
0 0.52625 0.462083 0.0375 0.0425
0 0.9175 0.687917 0.0333333 0.0358333
0 0.0958333 0.665417 0.0283333 0.0308333
0 0.33625 0.684583 0.0375 0.0408333
0 0.26125 0.200417 0.0341667 0.0391667
0 0.674583 0.00666667 0.0275 0.0116667
0 0.646667 0.310417 0.0316667 0.0325
0 0.1975 0.379583 0.0433333 0.0441667
0 0.391667 0.388333 0.0383333 0.045
0 0.714167 0.285 0.0316667 0.0316667
0 0.3625 0.491667 0.0383333 0.0433333
0 0.855 0.224167 0.0366667 0.04
0 0.87375 0.164583 0.0258333 0.0275
0 0.717917 0.535417 0.0341667 0.0358333
0 0.4325 0.876667 0.0383333 0.04
0 0.277917 0.392083 0.0375 0.0408333
0 0.65125 0.65375 0.0375 0.0391667
0 0.507083 0.240417 0.0341667 0.0325
0 0.762083 0.592917 0.0308333 0.0325
0 0.258333 0.876667 0.0333333 0.0333333
0 0.311667 0.636667 0.0283333 0.0316667
0 0.201667 0.311667 0.035 0.0366667
0 0.432917 0.70125 0.0358333 0.0391667
0 0.299167 0.89625 0.0233333 0.0241667
0 0.0158333 0.738333 0.03 0.0316667
0 0.518333 0.427083 0.025 0.0258333
0 0.125833 0.495 0.035 0.035
0 0.120417 0.796667 0.0308333 0.0316667
0 0.83375 0.364583 0.0358333 0.0375
0 0.79125 0.17625 0.0325 0.0358333
0 0.372917 0.2625 0.0375 0.0416667
0 0.624167 0.453333 0.035 0.035
0 0.7025 0.815 0.0333333 0.035
0 0.148333 0.985 0.0333333 0.0283333
0 0.465417 0.56625 0.0308333 0.0308333
0 0.57875 0.3125 0.0258333 0.0266667
0 0.767917 0.424167 0.0341667 0.035
0 0.905 0.24375 0.0366667 0.0408333
0 0.58125 0.441667 0.0325 0.0333333
0 0.0225 0.9925 0.0266667 0.015
0 0.127083 0.283333 0.0358333 0.0366667
0 0.4775 0.685833 0.0316667 0.0333333
0 0.785 0.0120833 0.0283333 0.0241667
0 0.26875 0.699583 0.0341667 0.0358333
0 0.71375 0.308333 0.0291667 0.03
0 0.76625 0.0483333 0.0341667 0.035
0 0.217083 0.592917 0.0358333 0.0375
0 0.719583 0.0954167 0.0358333 0.0391667
0 0.721667 0.378333 0.0366667 0.04
0 0.552083 0.989583 0.0208333 0.0208333
0 0.1275 0.54375 0.03 0.0341667
0 0.374167 0.985417 0.0283333 0.0275
0 0.102083 0.405833 0.0325 0.035
0 0.0566667 0.32875 0.0333333 0.0341667
0 0.768333 0.689583 0.03 0.0325
0 0.125833 0.7325 0.03 0.03
0 0.614583 0.69 0.0341667 0.0366667
0 0.539583 0.0920833 0.0291667 0.0325
0 0.964583 0.605417 0.0325 0.0358333
0 0.419583 0.83 0.0258333 0.0266667
0 0.300833 0.462083 0.03 0.0308333
0 0.8 0.29375 0.0333333 0.0358333
0 0.507917 0.6075 0.0341667 0.0366667
0 0.629167 0.5 0.03 0.0316667
0 0.421667 0.563333 0.0366667 0.0366667
0 0.440833 0.400833 0.0283333 0.03
0 0.258333 0.57625 0.035 0.0358333
0 0.596667 0.903333 0.0316667 0.0316667
0 0.589583 0.218333 0.0325 0.035
0 0.62875 0.185 0.0325 0.0333333
0 0.555417 0.0533333 0.0325 0.0333333
0 0.04 0.543333 0.025 0.025
0 0.430833 0.765417 0.0316667 0.0341667
0 0.259167 0.48375 0.035 0.0408333
0 0.435833 0.292917 0.035 0.0358333
0 0.707917 0.631667 0.0341667 0.0366667
0 0.928333 0.379167 0.02 0.0216667
0 0.63625 0.120417 0.0291667 0.0291667
0 0.415417 0.23875 0.0325 0.0341667
0 0.424167 0.499583 0.0366667 0.0375
0 0.0475 0.810833 0.03 0.03
0 0.895 0.547083 0.025 0.0258333
0 0.295833 0.136667 0.035 0.0383333
0 0.07625 0.93125 0.0275 0.0275
0 0.04375 0.394583 0.0258333 0.0275
0 0.977917 0.190417 0.0291667 0.0308333
0 0.634583 0.965833 0.0275 0.0316667
0 0.105 0.642083 0.025 0.0258333
0 0.412083 0.337083 0.0325 0.0325
0 0.7575 0.25125 0.0316667 0.0325
0 0.254167 0.262083 0.0383333 0.0391667
0 0.158333 0.83375 0.0316667 0.0325
0 0.7125 0.02 0.0316667 0.035
0 0.555417 0.869583 0.0308333 0.0325
0 0.40375 0.11875 0.0291667 0.0325
0 0.16625 0.914167 0.0325 0.0333333
0 0.200833 0.981667 0.0283333 0.03
0 0.467083 0.6325 0.0308333 0.0316667
0 0.900833 0.09625 0.0316667 0.0325
0 0.22875 0.496667 0.0308333 0.0366667
0 0.529583 0.382083 0.0325 0.0325
0 0.199167 0.76625 0.0283333 0.0308333
0 0.0404167 0.5875 0.0308333 0.0333333
0 0.569583 0.172083 0.0325 0.0341667
0 0.442083 0.142917 0.0291667 0.0308333
0 0.155417 0.327083 0.0358333 0.0375
0 0.766667 0.465417 0.0266667 0.0275
0 0.564167 0.585417 0.0316667 0.0325
0 0.852917 0.437083 0.0325 0.0341667
0 0.720833 0.60125 0.0283333 0.0308333
0 0.166667 0.485 0.0316667 0.0333333
0 0.88875 0.61625 0.0275 0.0291667
0 0.877917 0.673333 0.0291667 0.0316667
0 0.515417 0.712083 0.0291667 0.0308333
0 0.84 0.554167 0.0316667 0.0316667
0 0.600833 0.380833 0.0333333 0.035
0 0.67875 0.2825 0.0291667 0.03
0 0.309583 0.960417 0.0275 0.0275
0 0.759167 0.1425 0.0316667 0.0333333
0 0.434583 0.196667 0.0308333 0.0316667
0 0.527917 0.66875 0.0291667 0.0308333
0 0.455833 0.939167 0.0316667 0.0316667
0 0.565 0.497083 0.03 0.0308333
0 0.940417 0.293333 0.0308333 0.0333333
0 0.705417 0.20875 0.0325 0.0341667
0 0.507917 0.812083 0.0291667 0.0308333
0 0.52375 0.2775 0.0308333 0.0316667
0 0.116667 0.91375 0.03 0.0308333
0 0.6425 0.55125 0.0283333 0.0291667
0 0.754583 0.64 0.0308333 0.0316667
0 0.984167 0.0141667 0.0266667 0.0266667
0 0.115833 0.695833 0.0316667 0.0333333
0 0.951667 0.65875 0.03 0.0325
0 0.68625 0.045 0.0275 0.03
0 0.823333 0.109583 0.03 0.0308333
0 0.467917 0.170417 0.0308333 0.0325
0 0.115417 0.46125 0.0325 0.0341667
0 0.626667 0.279583 0.0283333 0.0291667
0 0.436667 0.965417 0.0266667 0.0258333
0 0.535833 0.94625 0.0316667 0.0325
0 0.352917 0.145417 0.0308333 0.0325
0 0.283333 0.669167 0.0316667 0.0333333
0 0.589167 0.797917 0.0283333 0.0291667
0 0.982083 0.0945833 0.0291667 0.0308333
0 0.352917 0.904167 0.0291667 0.03
0 0.298333 0.275 0.03 0.0316667
0 0.259167 0.348333 0.0333333 0.035
0 0.01625 0.682083 0.0325 0.0341667
0 0.165 0.588333 0.0333333 0.035
0 0.647917 0.589167 0.0275 0.0283333
0 0.20625 0.521667 0.0325 0.035
0 0.37625 0.17125 0.0341667 0.0358333
0 0.3525 0.297917 0.0316667 0.0341667
0 0.536667 0.0266667 0.03 0.0316667
0 0.469583 0.234583 0.0325 0.0341667
0 0.2375 0.4125 0.0316667 0.0333333
0 0.470833 0.09 0.0333333 0.035
0 0.371667 0.335417 0.0316667 0.0341667
