0 0.005 0.293333 0.01 0.0316667
0 0.355417 0.991667 0.0325 0.0166667
0 0.095 0.0904167 0.04 0.0441667
0 0.444583 0.54625 0.0358333 0.0375
0 0.592083 0.8625 0.0308333 0.035
0 0.574583 0.0766667 0.0275 0.03
0 0.63375 0.27875 0.0175 0.0175
0 0.149583 0.528333 0.0258333 0.0266667
0 0.0279167 0.184583 0.0425 0.0458333
0 0.55625 0.699167 0.0358333 0.0383333
0 0.3025 0.765417 0.035 0.0391667
0 0.449583 0.137917 0.0375 0.0391667
0 0.132083 0.00833333 0.0275 0.0166667
0 0.721667 0.3825 0.0383333 0.0416667
0 0.414583 0.76125 0.0358333 0.0425
0 0.193333 0.257917 0.0333333 0.0375
0 0.0620833 0.1225 0.0408333 0.0466667
0 0.594583 0.551667 0.0375 0.0416667
0 0.915833 0.656667 0.0383333 0.04
0 0.602083 0.6225 0.0291667 0.0333333
0 0.152917 0.413333 0.0391667 0.0383333
0 0.912083 0.580833 0.0408333 0.0433333
0 0.763333 0.441667 0.04 0.0433333
0 0.667917 0.724167 0.0358333 0.0383333
0 0.025 0.474583 0.0266667 0.0275
0 0.209583 0.44125 0.0325 0.0341667
0 0.61 0.787917 0.0316667 0.0325
0 0.788333 0.79625 0.0383333 0.0391667
0 0.549167 0.100417 0.0366667 0.0425
0 0.365 0.0595833 0.03 0.0308333
0 0.0433333 0.232083 0.03 0.0325
0 0.950417 0.49875 0.0341667 0.0341667
0 0.0208333 0.0229167 0.0316667 0.0341667
0 0.869167 0.729167 0.0333333 0.035
0 0.357917 0.839167 0.0308333 0.0333333
0 0.557917 0.98625 0.0341667 0.0275
0 0.864167 0.675833 0.0383333 0.0416667
0 0.984583 0.38625 0.0308333 0.0391667
0 0.3075 0.26375 0.0316667 0.0325
0 0.01 0.152917 0.02 0.0341667
0 0.215 0.212917 0.0333333 0.0341667
0 0.717083 0.792917 0.0408333 0.0408333
0 0.2075 0.352917 0.0333333 0.0358333
0 0.85125 0.581667 0.0358333 0.04
0 0.11375 0.14125 0.0341667 0.0408333
0 0.174583 0.947083 0.0341667 0.0358333
0 0.431667 0.0791667 0.0366667 0.0383333
0 0.19875 0.904167 0.0341667 0.0366667
0 0.0191667 0.332083 0.03 0.0325
0 0.739167 0.85625 0.035 0.0391667
0 0.42 0.243333 0.0266667 0.0283333
0 0.793333 0.664167 0.035 0.035
0 0.500417 0.0458333 0.0291667 0.0316667
0 0.745 0.520417 0.0366667 0.0391667
0 0.708333 0.483333 0.0366667 0.0383333
0 0.390833 0.885 0.0266667 0.0266667
0 0.492083 0.714583 0.0358333 0.0375
0 0.565 0.8975 0.0383333 0.0433333
0 0.0320833 0.0541667 0.0341667 0.035
0 0.0145833 0.61 0.0291667 0.0383333
0 0.644167 0.854167 0.0333333 0.0366667
0 0.4575 0.688333 0.03 0.03
0 0.8225 0.4625 0.0366667 0.0383333
0 0.802917 0.854583 0.0375 0.0375
0 0.49125 0.932083 0.0341667 0.0375
0 0.8975 0.384583 0.035 0.0358333
0 0.493333 0.79875 0.035 0.0358333
0 0.357083 0.382917 0.0325 0.0358333
0 0.884583 0.29875 0.0358333 0.0358333
0 0.451667 0.21875 0.0333333 0.0341667
0 0.0108333 0.373333 0.0216667 0.0316667
0 0.4025 0.15125 0.035 0.0375
0 0.61875 0.659583 0.0358333 0.0408333
0 0.82875 0.730833 0.0341667 0.0366667
0 0.359167 0.76125 0.0333333 0.0325
0 0.227083 0.13375 0.0375 0.0375
0 0.38625 0.107917 0.0358333 0.0408333
0 0.04 0.302917 0.0283333 0.0308333
0 0.161667 0.0358333 0.0333333 0.0366667
0 0.6875 0.620833 0.035 0.0366667
0 0.805833 0.585 0.035 0.0383333
0 0.676667 0.987917 0.035 0.0241667
0 0.35625 0.26625 0.0341667 0.0358333
0 0.83125 0.390833 0.0308333 0.0333333
0 0.55875 0.60625 0.0325 0.0341667
0 0.629167 0.608333 0.0366667 0.0383333
0 0.240417 0.22125 0.0291667 0.0275
0 0.495417 0.1725 0.0358333 0.0416667
0 0.746667 0.95875 0.0283333 0.0308333
0 0.280417 0.209583 0.0308333 0.0325
0 0.83125 0.90625 0.0358333 0.0358333
0 0.86375 0.959583 0.0325 0.0325
0 0.86375 0.849583 0.0341667 0.0358333
0 0.740417 0.6275 0.0325 0.035
0 0.08125 0.91375 0.0308333 0.0308333
0 0.05625 0.407083 0.0308333 0.0325
0 0.13 0.183333 0.0283333 0.03
0 0.940417 0.38 0.0341667 0.035
0 0.9625 0.564167 0.0316667 0.0333333
0 0.0920833 0.0145833 0.0291667 0.0291667
0 0.2325 0.3975 0.0266667 0.0266667
0 0.08625 0.295833 0.0341667 0.035
0 0.679583 0.841667 0.0341667 0.035
0 0.899583 0.244583 0.0325 0.0325
0 0.316667 0.320417 0.0266667 0.0291667
0 0.115833 0.244167 0.035 0.0383333
0 0.2125 0.292083 0.0316667 0.0341667
0 0.717917 0.956667 0.0325 0.035
0 0.320417 0.165 0.0325 0.0333333
0 0.344583 0.2175 0.0275 0.0283333
0 0.629167 0.937083 0.0316667 0.0341667
0 0.288333 0.38875 0.025 0.0275
0 0.9475 0.7575 0.0316667 0.035
0 0.7475 0.815417 0.0333333 0.0341667
0 0.195 0.155833 0.0333333 0.035
0 0.168333 0.236667 0.0333333 0.035
0 0.325 0.0295833 0.0316667 0.0341667
0 0.482917 0.111667 0.0375 0.04
0 0.065 0.536667 0.0333333 0.0333333
0 0.613333 0.0595833 0.03 0.0325
0 0.0758333 0.232917 0.0333333 0.0358333
0 0.57125 0.797917 0.0308333 0.0308333
