0 0.992083 0.0545833 0.0158333 0.0358333
0 0.171667 0.159167 0.0416667 0.0433333
0 0.55 0.0220833 0.03 0.0325
0 0.305 0.85875 0.0333333 0.0358333
0 0.8175 0.990417 0.0316667 0.0175
0 0.664583 0.785833 0.0325 0.0333333
0 0.372083 0.677917 0.0375 0.0391667
0 0.609583 0.545833 0.0358333 0.04
0 0.7875 0.377083 0.0316667 0.0358333
0 0.384583 0.38125 0.0275 0.0275
0 0.175 0.49125 0.0366667 0.0408333
0 0.01125 0.951667 0.0225 0.0433333
0 0.0958333 0.417917 0.0333333 0.0375
0 0.277083 0.55375 0.0391667 0.0408333
0 0.345 0.950417 0.0366667 0.0375
0 0.483333 0.751667 0.0316667 0.0383333
0 0.449167 0.889167 0.035 0.04
0 0.442083 0.267083 0.0391667 0.0458333
0 0.6225 0.154167 0.0333333 0.035
0 0.3575 0.576667 0.0333333 0.0366667
0 0.315 0.00916667 0.0366667 0.0183333
0 0.337083 0.343333 0.0375 0.0433333
0 0.4925 0.330417 0.0266667 0.0275
0 0.327917 0.725 0.0375 0.04
0 0.897083 0.00875 0.0325 0.0175
0 0.534167 0.737917 0.0383333 0.0441667
0 0.34625 0.410833 0.0375 0.0366667
0 0.895833 0.632083 0.0366667 0.0408333
0 0.937917 0.216667 0.0358333 0.035
0 0.406667 0.449167 0.0316667 0.035
0 0.7125 0.284167 0.0433333 0.045
0 0.0216667 0.416667 0.0316667 0.0333333
0 0.01 0.739583 0.02 0.0358333
0 0.138333 0.34125 0.0366667 0.0391667
0 0.12625 0.0829167 0.0391667 0.0391667
0 0.1925 0.30125 0.035 0.0408333
0 0.265417 0.849583 0.0441667 0.0441667
0 0.640833 0.56875 0.0433333 0.0475
0 0.49625 0.417083 0.0375 0.0425
0 0.485417 0.448333 0.0308333 0.0333333
0 0.765 0.363333 0.0366667 0.0433333
0 0.7075 0.385417 0.0383333 0.0408333
0 0.824167 0.267917 0.04 0.0458333
0 0.331667 0.563333 0.035 0.0383333
0 0.715 0.33375 0.0333333 0.0358333
0 0.325 0.82375 0.0383333 0.0441667
0 0.31625 0.17875 0.0358333 0.0358333
0 0.579167 0.55 0.0333333 0.0366667
0 0.01375 0.333333 0.0275 0.0366667
0 0.39625 0.00875 0.0325 0.0158333
0 0.9925 0.365417 0.015 0.0358333
0 0.0983333 0.498333 0.0366667 0.0383333
0 0.278333 0.4625 0.0316667 0.0316667
0 0.788333 0.0616667 0.0316667 0.0316667
0 0.882083 0.158333 0.0391667 0.0416667
0 0.0316667 0.605 0.0366667 0.04
0 0.117917 0.679167 0.0358333 0.0383333
0 0.616667 0.66625 0.0383333 0.0441667
0 0.839167 0.59125 0.0366667 0.0391667
0 0.865 0.0741667 0.0316667 0.0333333
0 0.737083 0.474583 0.0358333 0.0391667
0 0.194583 0.665833 0.0358333 0.04
0 0.935417 0.465417 0.0358333 0.0408333
0 0.44375 0.555417 0.0358333 0.0408333
0 0.655833 0.469583 0.0383333 0.0408333
0 0.612917 0.817917 0.0341667 0.0358333
0 0.438333 0.639583 0.035 0.0408333
0 0.282917 0.410417 0.0358333 0.0375
0 0.113333 0.172083 0.0383333 0.0391667
0 0.836667 0.33625 0.035 0.0358333
0 0.75125 0.525833 0.0325 0.035
0 0.04 0.450833 0.0366667 0.0383333
0 0.525833 0.509167 0.0383333 0.0433333
0 0.594583 0.777917 0.0391667 0.0408333
0 0.948333 0.125833 0.035 0.0366667
0 0.2225 0.688333 0.0333333 0.0366667
0 0.0583333 0.11875 0.035 0.0358333
0 0.858333 0.04 0.0333333 0.035
0 0.0533333 0.555833 0.035 0.0383333
0 0.940833 0.97125 0.0333333 0.0375
0 0.44375 0.3225 0.0275 0.0283333
0 0.19125 0.570417 0.0325 0.0375
0 0.60125 0.3475 0.0341667 0.0366667
0 0.16875 0.754583 0.0358333 0.0391667
0 0.897917 0.122917 0.0325 0.0341667
0 0.590833 0.0670833 0.0383333 0.0441667
0 0.454583 0.0633333 0.0358333 0.04
0 0.314583 0.277917 0.0325 0.0375
0 0.280833 0.0416667 0.0333333 0.0366667
0 0.0479167 0.198333 0.0325 0.035
0 0.331667 0.774583 0.0333333 0.0358333
0 0.437083 0.178333 0.0391667 0.0416667
0 0.554167 0.149167 0.0266667 0.0283333
0 0.34375 0.496667 0.0358333 0.04
0 0.122917 0.985417 0.0325 0.0275
0 0.23625 0.2225 0.0325 0.0333333
0 0.970833 0.0295833 0.0316667 0.0391667
0 0.389583 0.474583 0.0308333 0.0325
0 0.6375 0.388333 0.0316667 0.0333333
0 0.0779167 0.805833 0.0358333 0.04
0 0.70875 0.4325 0.0375 0.0383333
0 0.555417 0.787083 0.0358333 0.0391667
0 0.879167 0.38375 0.0283333 0.0291667
0 0.384583 0.322917 0.0325 0.0358333
0 0.425417 0.349167 0.0241667 0.025
0 0.930417 0.280833 0.0358333 0.0383333
0 0.146667 0.81 0.0366667 0.0416667
0 0.689583 0.219167 0.0358333 0.0366667
0 0.687083 0.649583 0.0341667 0.0375
0 0.527917 0.285833 0.0341667 0.0333333
0 0.51125 0.08125 0.0341667 0.0358333
0 0.805 0.488333 0.0366667 0.0383333
0 0.797083 0.218333 0.0341667 0.0366667
0 0.427083 0.960833 0.0341667 0.035
0 0.426667 0.398333 0.0316667 0.0333333
0 0.75625 0.29875 0.0358333 0.0425
0 0.124583 0.296667 0.0358333 0.0383333
0 0.3375 0.918333 0.0366667 0.0433333
0 0.589583 0.109583 0.0391667 0.0458333
0 0.495417 0.197917 0.0391667 0.0408333
0 0.383333 0.215833 0.0316667 0.0333333
0 0.565833 0.39375 0.035 0.0375
0 0.57625 0.205417 0.0325 0.0341667
0 0.659167 0.31625 0.0366667 0.0391667
0 0.977917 0.297083 0.0308333 0.0341667
0 0.04625 0.675 0.0358333 0.0383333
0 0.66875 0.104583 0.0375 0.0375
0 0.0604167 0.75625 0.0358333 0.0391667
0 0.645833 0.354167 0.035 0.035
0 0.270833 0.358333 0.0283333 0.03
0 0.507917 0.338333 0.0225 0.0233333
0 0.21875 0.72875 0.0308333 0.0341667
0 0.404167 0.11125 0.035 0.0375
0 0.0216667 0.272083 0.0316667 0.0358333
0 0.9425 0.420833 0.0316667 0.0333333
0 0.0991667 0.892917 0.0383333 0.0408333
0 0.252083 0.90875 0.0358333 0.0375
0 0.305 0.59 0.03 0.0333333
0 0.727917 0.143333 0.0358333 0.0383333
0 0.522917 0.819583 0.0325 0.0358333
0 0.578333 0.674583 0.0383333 0.0408333
0 0.749167 0.70375 0.035 0.0391667
0 0.0545833 0.851667 0.0341667 0.0366667
0 0.596667 0.282917 0.03 0.0325
0 0.680833 0.0425 0.04 0.0416667
0 0.27 0.26 0.03 0.03
0 0.2475 0.96 0.03 0.0333333
0 0.154583 0.439583 0.0325 0.0341667
0 0.617083 0.199583 0.0358333 0.0375
0 0.980417 0.560833 0.0325 0.0333333
0 0.807083 0.127083 0.0341667 0.0358333
0 0.128333 0.403333 0.0283333 0.03
0 0.890833 0.28875 0.0366667 0.0391667
0 0.115 0.727917 0.0366667 0.0375
0 0.768333 0.157917 0.0333333 0.0358333
0 0.173333 0.9825 0.035 0.035
0 0.667083 0.672083 0.0341667 0.0375
0 0.744167 0.442083 0.0366667 0.0425
0 0.7075 0.554583 0.0383333 0.0391667
0 0.695417 0.48625 0.0358333 0.0358333
0 0.242917 0.785417 0.0358333 0.0408333
0 0.67875 0.139583 0.0358333 0.0408333
0 0.486667 0.502083 0.0333333 0.0341667
0 0.13125 0.54875 0.0308333 0.0325
0 0.177917 0.839167 0.0341667 0.0383333
0 0.970417 0.206667 0.0291667 0.03
0 0.9875 0.504167 0.025 0.035
0 0.201667 0.9425 0.035 0.0366667
0 0.987917 0.137083 0.0225 0.0375
0 0.718333 0.59125 0.0333333 0.0358333
0 0.522917 0.44125 0.0308333 0.0325
0 0.835833 0.41875 0.0333333 0.0358333
0 0.36625 0.0470833 0.0308333 0.0325
0 0.783333 0.530417 0.0333333 0.0341667
0 0.1275 0.230833 0.03 0.0316667
0 0.955 0.339167 0.0333333 0.035
0 0.6775 0.193333 0.0316667 0.035
0 0.58625 0.443333 0.0308333 0.0333333
0 0.733333 0.0891667 0.035 0.0383333
0 0.283333 0.699583 0.0366667 0.0391667
0 0.985833 0.982917 0.0283333 0.0308333
0 0.985417 0.905833 0.0275 0.0333333
0 0.9425 0.0604167 0.035 0.0391667
0 0.77375 0.617083 0.0358333 0.0391667
0 0.32625 0.67625 0.0325 0.0341667
0 0.37375 0.8825 0.0308333 0.0333333
0 0.867917 0.52375 0.0358333 0.0358333
0 0.909583 0.3875 0.0291667 0.0316667
0 0.153333 0.90125 0.035 0.0375
0 0.49625 0.88 0.0325 0.035
