0 0.877083 0.9375 0.0375 0.0383333
0 0.583333 0.59125 0.035 0.0391667
0 0.566667 0.51875 0.045 0.0458333
0 0.00958333 0.48625 0.0191667 0.0275
0 0.414583 0.5025 0.0325 0.035
0 0.8875 0.7525 0.0433333 0.0466667
0 0.52125 0.16375 0.0425 0.0508333
0 0.234167 0.740833 0.0433333 0.0516667
0 0.821667 0.643333 0.0316667 0.0333333
0 0.285417 0.193333 0.0275 0.0333333
0 0.721667 0.305833 0.0433333 0.0466667
0 0.260833 0.782917 0.045 0.0441667
0 0.70375 0.782083 0.0325 0.0358333
0 0.960833 0.437083 0.0316667 0.0341667
0 0.532083 0.66875 0.0325 0.0358333
0 0.359167 0.929583 0.0383333 0.0425
0 0.844583 0.589167 0.0308333 0.0333333
0 0.51 0.476667 0.0416667 0.05
0 0.218333 0.864583 0.03 0.0325
0 0.149167 0.892083 0.0416667 0.0425
0 0.82375 0.4275 0.0241667 0.0266667
0 0.37 0.774583 0.0433333 0.0508333
0 0.797917 0.770833 0.0308333 0.0333333
0 0.78375 0.541667 0.0358333 0.0416667
0 0.3925 0.89625 0.0383333 0.0475
0 0.471667 0.935417 0.0366667 0.0391667
0 0.199583 0.950417 0.0375 0.0425
0 0.355 0.246667 0.0383333 0.0416667
0 0.0445833 0.0266667 0.0325 0.0333333
0 0.896667 0.415417 0.0283333 0.0308333
0 0.550417 0.448333 0.0391667 0.0433333
0 0.470833 0.01 0.035 0.02
0 0.762917 0.99 0.0325 0.0183333
0 0.75125 0.675 0.0341667 0.0383333
0 0.925833 0.267083 0.0333333 0.0341667
0 0.741667 0.94875 0.0366667 0.0391667
0 0.0479167 0.820417 0.0408333 0.0408333
0 0.775833 0.0120833 0.0333333 0.0241667
0 0.656667 0.47 0.0333333 0.0383333
0 0.257083 0.299583 0.0341667 0.0358333
0 0.537083 0.0795833 0.0408333 0.0525
0 0.88875 0.882917 0.0325 0.0341667
0 0.753333 0.61625 0.0333333 0.0358333
0 0.143333 0.321667 0.035 0.0383333
0 0.85625 0.507917 0.0408333 0.0441667
0 0.476667 0.647917 0.04 0.0441667
0 0.00833333 0.139583 0.0166667 0.0358333
0 0.0666667 0.0975 0.0316667 0.035
0 0.714167 0.910833 0.04 0.045
0 0.640417 0.595833 0.0391667 0.0483333
0 0.586667 0.94 0.0283333 0.0316667
0 0.772083 0.655 0.0358333 0.0366667
0 0.611667 0.978333 0.035 0.0366667
0 0.273333 0.617083 0.0366667 0.0408333
0 0.556667 0.735833 0.04 0.0433333
0 0.279167 0.939167 0.0383333 0.0433333
0 0.61875 0.4525 0.0375 0.0416667
0 0.100833 0.0616667 0.0333333 0.035
0 0.0254167 0.220417 0.0375 0.0408333
0 0.0654167 0.257917 0.0425 0.0458333
0 0.692917 0.517083 0.0408333 0.0441667
0 0.225833 0.219167 0.0333333 0.0366667
0 0.127083 0.18 0.0358333 0.0433333
0 0.08125 0.930833 0.0308333 0.035
0 0.500833 0.715 0.035 0.0366667
0 0.493333 0.807083 0.0366667 0.0391667
0 0.21625 0.0158333 0.0358333 0.0316667
0 0.95375 0.85 0.0308333 0.0316667
0 0.771667 0.92875 0.0333333 0.0341667
0 0.630417 0.91 0.0341667 0.0366667
0 0.11875 0.444167 0.0291667 0.0333333
0 0.66875 0.69875 0.0291667 0.0325
0 0.0825 0.87375 0.04 0.0441667
0 0.04875 0.310417 0.0391667 0.0458333
0 0.714167 0.560833 0.0333333 0.0383333
0 0.453333 0.174167 0.0333333 0.0366667
0 0.0566667 0.382917 0.0366667 0.0408333
0 0.8925 0.602917 0.0333333 0.0358333
0 0.803333 0.865417 0.0283333 0.0325
0 0.127917 0.290833 0.0375 0.04
0 0.434583 0.0670833 0.0358333 0.0391667
0 0.15875 0.8425 0.0325 0.035
0 0.402083 0.67375 0.0341667 0.0358333
0 0.36875 0.172917 0.0358333 0.0375
0 0.855833 0.775 0.0383333 0.0416667
0 0.0229167 0.8725 0.0375 0.0416667
0 0.72 0.607917 0.04 0.0441667
0 0.946667 0.7375 0.0316667 0.0333333
0 0.5575 0.978333 0.0366667 0.0366667
0 0.773333 0.43 0.0383333 0.0416667
0 0.66625 0.739583 0.0408333 0.0441667
0 0.26625 0.0425 0.0375 0.0433333
0 0.926667 0.809167 0.035 0.0383333
0 0.82375 0.695417 0.0358333 0.0408333
0 0.99125 0.615833 0.0175 0.0333333
0 0.466667 0.214583 0.04 0.0425
0 0.23625 0.905 0.0325 0.035
0 0.905417 0.94125 0.0341667 0.0375
0 0.935833 0.37 0.035 0.0383333
0 0.902917 0.982083 0.0341667 0.0325
0 0.389167 0.943333 0.03 0.0316667
0 0.520417 0.527917 0.0341667 0.0375
0 0.468333 0.905833 0.0366667 0.04
0 0.789583 0.197083 0.0375 0.0375
0 0.967917 0.5125 0.0325 0.0333333
0 0.694583 0.420833 0.0275 0.0316667
0 0.32125 0.0695833 0.0341667 0.0375
0 0.339583 0.10375 0.0308333 0.0341667
0 0.119583 0.935 0.0325 0.035
0 0.19625 0.776667 0.0341667 0.0366667
0 0.319583 0.195833 0.0375 0.04
0 0.987917 0.330833 0.0241667 0.0366667
0 0.987917 0.59 0.0241667 0.0316667
0 0.659583 0.56375 0.0291667 0.0308333
0 0.237917 0.185417 0.0358333 0.0408333
0 0.375 0.11375 0.035 0.0375
0 0.767917 0.71375 0.0341667 0.0358333
0 0.73 0.46875 0.035 0.0441667
0 0.169583 0.145417 0.0358333 0.0391667
0 0.824583 0.306667 0.0375 0.04
0 0.519583 0.849167 0.0325 0.035
0 0.87375 0.28 0.0375 0.04
0 0.0875 0.444167 0.035 0.0366667
0 0.14875 0.775833 0.0308333 0.0316667
0 0.3575 0.716667 0.0333333 0.035
0 0.520417 0.9475 0.0358333 0.04
0 0.54875 0.6375 0.0325 0.035
0 0.178333 0.986667 0.0366667 0.025
0 0.88125 0.677917 0.0325 0.0375
0 0.73875 0.746667 0.0358333 0.0383333
0 0.664167 0.424167 0.0383333 0.0416667
0 0.155417 0.410417 0.0341667 0.0358333
0 0.492083 0.880833 0.0358333 0.0383333
0 0.434583 0.757083 0.0358333 0.0375
0 0.9475 0.889167 0.0333333 0.035
0 0.46875 0.69 0.0358333 0.0366667
0 0.265833 0.682083 0.0333333 0.0358333
0 0.310833 0.989583 0.0333333 0.0208333
0 0.947917 0.20375 0.0341667 0.0375
0 0.654583 0.98125 0.0358333 0.0375
0 0.53375 0.782083 0.0341667 0.0375
0 0.322917 0.613333 0.0325 0.035
0 0.794583 0.809583 0.0358333 0.0391667
0 0.595417 0.722083 0.0358333 0.0391667
0 0.681667 0.645833 0.0333333 0.0366667
0 0.234167 0.141667 0.035 0.0383333
0 0.47 0.142083 0.0333333 0.0358333
0 0.626667 0.395417 0.0333333 0.0358333
0 0.43375 0.95625 0.0325 0.0341667
0 0.969167 0.785833 0.0283333 0.0283333
0 0.845833 0.360417 0.0333333 0.0358333
0 0.165417 0.254167 0.0358333 0.0383333
0 0.962917 0.6675 0.0308333 0.035
0 0.307083 0.29125 0.0325 0.0358333
0 0.62 0.837083 0.0333333 0.0358333
0 0.569583 0.0229167 0.0341667 0.0358333
0 0.74625 0.805417 0.0308333 0.0325
0 0.244583 0.0958333 0.0358333 0.0383333
0 0.404583 0.811667 0.0341667 0.0366667
0 0.416667 0.0154167 0.0333333 0.0308333
0 0.245417 0.874583 0.0308333 0.0325
0 0.98125 0.255417 0.0325 0.0325
0 0.452083 0.549583 0.0341667 0.0358333
0 0.260417 0.26875 0.0325 0.0325
0 0.931667 0.617083 0.0316667 0.0341667
