0 0.399167 0.139583 0.0283333 0.0308333
0 0.0254167 0.376667 0.0458333 0.05
0 0.725 0.62625 0.03 0.0325
0 0.225417 0.648333 0.0358333 0.0383333
0 0.204167 0.534167 0.0366667 0.0433333
0 0.339583 0.189583 0.0325 0.0358333
0 0.35 0.32 0.0333333 0.0366667
0 0.3025 0.8675 0.03 0.0333333
0 0.13875 0.887083 0.0391667 0.0475
0 0.147083 0.537917 0.0375 0.0391667
0 0.0941667 0.585833 0.04 0.045
0 0.659167 0.570417 0.04 0.0441667
0 0.467083 0.544167 0.0325 0.0366667
0 0.867083 0.863333 0.0425 0.045
0 0.105833 0.67125 0.0383333 0.0475
0 0.23375 0.858333 0.0408333 0.0433333
0 0.60125 0.540417 0.0308333 0.0325
0 0.30125 0.615 0.0375 0.0433333
0 0.41625 0.425833 0.0341667 0.0366667
0 0.48125 0.232083 0.0341667 0.0358333
0 0.428333 0.610417 0.0383333 0.0441667
0 0.319583 0.524167 0.0391667 0.0466667
0 0.541667 0.435 0.04 0.0416667
0 0.675417 0.602917 0.0325 0.0341667
0 0.520833 0.584167 0.04 0.0466667
0 0.09125 0.4675 0.0358333 0.0383333
0 0.0354167 0.500833 0.0308333 0.0333333
0 0.255 0.76625 0.0416667 0.0425
0 0.5925 0.622083 0.0366667 0.0358333
0 0.624167 0.977917 0.0333333 0.0375
0 0.31875 0.6525 0.0358333 0.04
0 0.278333 0.57625 0.0366667 0.0375
0 0.677917 0.362083 0.0358333 0.0408333
0 0.055 0.0716667 0.0366667 0.04
0 0.372083 0.295417 0.0358333 0.0375
0 0.371667 0.624583 0.0366667 0.0391667
0 0.402083 0.802083 0.0358333 0.0358333
0 0.525 0.543333 0.035 0.0383333
0 0.34 0.603333 0.0266667 0.0283333
0 0.192083 0.787917 0.0358333 0.0391667
0 0.5175 0.0825 0.0266667 0.03
0 0.01875 0.777083 0.0325 0.0325
0 0.232083 0.03125 0.0391667 0.0458333
0 0.209583 0.402917 0.0341667 0.0358333
0 0.3175 0.80875 0.035 0.0391667
0 0.335417 0.08625 0.0308333 0.0325
0 0.64125 0.73625 0.0358333 0.0375
0 0.440417 0.720417 0.0341667 0.0358333
0 0.172083 0.723333 0.0358333 0.0383333
0 0.508333 0.684583 0.0333333 0.0341667
0 0.75875 0.92875 0.0375 0.0391667
0 0.566667 0.581667 0.0366667 0.04
0 0.095 0.936667 0.0333333 0.0366667
0 0.64875 0.675417 0.0375 0.0408333
0 0.383333 0.75125 0.0366667 0.0408333
0 0.0108333 0.613333 0.0216667 0.0433333
0 0.07875 0.63125 0.0358333 0.0408333
0 0.0583333 0.305 0.035 0.0383333
0 0.0104167 0.75375 0.0208333 0.0358333
0 0.371667 0.411667 0.0383333 0.0416667
0 0.500417 0.627917 0.0325 0.0358333
0 0.1375 0.412083 0.0333333 0.0391667
0 0.302917 0.982917 0.0308333 0.0325
0 0.252083 0.715 0.0358333 0.0366667
0 0.20125 0.724583 0.0358333 0.0408333
0 0.251667 0.560417 0.0383333 0.0391667
0 0.32125 0.7625 0.0375 0.0416667
0 0.545833 0.640833 0.035 0.0366667
0 0.187917 0.91 0.0325 0.035
0 0.0475 0.65875 0.0383333 0.0408333
0 0.329167 0.26375 0.035 0.0375
0 0.115833 0.339583 0.0366667 0.0408333
0 0.19125 0.107083 0.0391667 0.0408333
0 0.140417 0.746667 0.0341667 0.04
0 0.202083 0.585 0.0358333 0.0383333
0 0.981667 0.8675 0.035 0.0383333
0 0.338333 0.38875 0.0366667 0.0408333
0 0.36875 0.483333 0.0358333 0.0366667
0 0.189167 0.8725 0.035 0.0366667
0 0.482917 0.173333 0.0341667 0.0366667
0 0.245 0.440833 0.0333333 0.035
0 0.502083 0.400417 0.0325 0.0358333
0 0.395833 0.0141667 0.0333333 0.0266667
0 0.365 0.836667 0.035 0.0366667
0 0.10625 0.075 0.0341667 0.0366667
0 0.181667 0.990417 0.0333333 0.0191667
0 0.446667 0.765833 0.0333333 0.035
0 0.16875 0.612083 0.0375 0.0391667
0 0.0966667 0.83 0.0366667 0.0383333
0 0.05375 0.575 0.0358333 0.04
0 0.275 0.917917 0.0333333 0.0358333
0 0.513333 0.257917 0.0316667 0.0341667
0 0.216667 0.46875 0.0333333 0.0358333
0 0.625417 0.434167 0.0358333 0.0383333
0 0.118333 0.95625 0.0266667 0.0308333
0 0.0533333 0.42375 0.0333333 0.0358333
0 0.925833 0.864167 0.035 0.0383333
0 0.28875 0.4775 0.0358333 0.0383333
0 0.26625 0.634167 0.0325 0.0333333
0 0.135 0.810417 0.035 0.0358333
0 0.40875 0.321667 0.0341667 0.0366667
0 0.420833 0.532917 0.0366667 0.0358333
0 0.360417 0.67875 0.0341667 0.0358333
0 0.294583 0.10625 0.0341667 0.0358333
0 0.8525 0.974583 0.0333333 0.0375
0 0.0970833 0.887083 0.0358333 0.0391667
0 0.693333 0.483333 0.0266667 0.0283333
0 0.06 0.74625 0.0333333 0.0358333
0 0.322083 0.34875 0.0358333 0.0391667
0 0.290833 0.324583 0.0316667 0.0341667
0 0.874583 0.925833 0.0325 0.035
0 0.11375 0.915417 0.0308333 0.0325
0 0.640833 0.513333 0.0333333 0.035
0 0.324583 0.722083 0.0358333 0.0375
0 0.515 0.734167 0.03 0.03
0 0.205833 0.217917 0.0366667 0.0425
0 0.2175 0.94625 0.0333333 0.0358333
0 0.0845833 0.983333 0.0341667 0.0333333
0 0.0558333 0.86 0.0333333 0.0366667
0 0.4175 0.287083 0.0333333 0.0358333
0 0.719167 0.564167 0.0333333 0.035
0 0.257917 0.971667 0.0341667 0.035
0 0.0279167 0.164583 0.0341667 0.0358333
0 0.41125 0.0845833 0.0341667 0.0358333
0 0.1525 0.92625 0.0316667 0.0325
0 0.570417 0.32375 0.0325 0.0341667
0 0.127083 0.16875 0.0341667 0.0358333
0 0.335 0.133333 0.0333333 0.0366667
0 0.270833 0.35375 0.0333333 0.0358333
0 0.459583 0.62 0.0341667 0.035
0 0.212917 0.3675 0.0325 0.035
0 0.1025 0.2575 0.0333333 0.0366667
0 0.713333 0.433333 0.0283333 0.03
0 0.759583 0.549167 0.0325 0.0333333
