0 0.70875 0.539583 0.0241667 0.0258333
0 0.389167 0.55875 0.04 0.0458333
0 0.984583 0.89 0.0308333 0.0383333
0 0.905417 0.7975 0.0275 0.0283333
0 0.805 0.877917 0.0366667 0.0375
0 0.242083 0.707917 0.0391667 0.0475
0 0.69375 0.402917 0.0391667 0.0458333
0 0.643333 0.852917 0.02 0.0208333
0 0.904583 0.269583 0.0375 0.0475
0 0.918333 0.40625 0.025 0.0275
0 0.511667 0.61375 0.0333333 0.0375
0 0.946667 0.940833 0.04 0.04
0 0.484167 0.815417 0.035 0.0375
0 0.53625 0.52625 0.0358333 0.0425
0 0.609167 0.658333 0.0333333 0.035
0 0.902083 0.595 0.0375 0.0366667
0 0.865417 0.701667 0.0391667 0.04
0 0.13 0.8025 0.0333333 0.0333333
0 0.427917 0.469583 0.0375 0.0375
0 0.504167 0.408333 0.0366667 0.0416667
0 0.431667 0.717917 0.04 0.0408333
0 0.494583 0.679167 0.0408333 0.04
0 0.97 0.745 0.025 0.0283333
0 0.627917 0.93625 0.0391667 0.0458333
0 0.67 0.495833 0.0383333 0.04
0 0.0629167 0.862917 0.0408333 0.0408333
0 0.661667 0.687917 0.035 0.0341667
0 0.734167 0.592917 0.035 0.0375
0 0.617083 0.704583 0.0408333 0.0425
0 0.919167 0.325 0.0283333 0.03
0 0.247917 0.675833 0.0275 0.0316667
0 0.683333 0.931667 0.035 0.0366667
0 0.564583 0.25625 0.0391667 0.0441667
0 0.952083 0.257917 0.0275 0.0291667
0 0.562083 0.759583 0.0358333 0.0425
0 0.71875 0.910417 0.0241667 0.0241667
0 0.489583 0.318333 0.0358333 0.0383333
0 0.438333 0.7725 0.035 0.035
0 0.37375 0.622083 0.0425 0.0425
0 0.58875 0.397083 0.0391667 0.0408333
0 0.841667 0.810833 0.0333333 0.0366667
0 0.11375 0.7025 0.0375 0.0416667
0 0.520833 0.78125 0.0233333 0.0225
0 0.851667 0.33625 0.0366667 0.0358333
0 0.970417 0.827083 0.0358333 0.0358333
0 0.968333 0.525 0.0316667 0.0333333
0 0.73875 0.7 0.0325 0.035
0 0.910833 0.146667 0.035 0.035
0 0.810417 0.525417 0.0358333 0.0391667
0 0.969167 0.125 0.0333333 0.035
0 0.644583 0.420833 0.0391667 0.0416667
0 0.85875 0.641667 0.0375 0.0433333
0 0.752083 0.475833 0.0308333 0.0316667
0 0.482917 0.744583 0.0341667 0.0408333
0 0.675417 0.612917 0.0358333 0.0375
0 0.770417 0.61875 0.0341667 0.0341667
0 0.256667 0.7775 0.03 0.0316667
0 0.902083 0.465833 0.0291667 0.03
0 0.342917 0.66 0.0291667 0.03
0 0.558333 0.4575 0.0283333 0.0316667
0 0.165833 0.947917 0.0216667 0.0208333
0 0.640417 0.194583 0.0325 0.0375
0 0.549583 0.639167 0.0358333 0.0416667
0 0.234583 0.89625 0.0341667 0.0375
0 0.49875 0.8975 0.0308333 0.0333333
0 0.845417 0.222917 0.0358333 0.0358333
0 0.947917 0.695833 0.0358333 0.0366667
0 0.0775 0.637083 0.03 0.0325
0 0.570417 0.87375 0.0375 0.0391667
0 0.0345833 0.935833 0.0341667 0.0366667
0 0.614583 0.990833 0.0308333 0.0183333
0 0.59375 0.607083 0.0341667 0.0358333
0 0.810417 0.0875 0.0308333 0.0316667
0 0.429167 0.96625 0.0366667 0.0358333
0 0.640833 0.765417 0.0216667 0.0225
0 0.830833 0.442083 0.0316667 0.0341667
0 0.526667 0.829167 0.03 0.03
0 0.715417 0.729167 0.0341667 0.035
0 0.30875 0.729167 0.0241667 0.0233333
0 0.630417 0.624583 0.0275 0.0308333
0 0.578333 0.484583 0.0266667 0.0291667
0 0.44 0.860833 0.0316667 0.0316667
0 0.64 0.295833 0.03 0.0316667
0 0.497917 0.47 0.0358333 0.04
0 0.8725 0.865833 0.0366667 0.0383333
0 0.549167 0.705 0.0316667 0.0316667
0 0.428333 0.662083 0.0316667 0.0341667
0 0.683333 0.3 0.0283333 0.0283333
0 0.109583 0.879167 0.0325 0.0316667
0 0.939167 0.77875 0.0316667 0.0325
0 0.460417 0.599583 0.0308333 0.0308333
0 0.45875 0.922083 0.0241667 0.0258333
0 0.989583 0.30375 0.0208333 0.0241667
0 0.792917 0.95625 0.0225 0.0241667
0 0.742083 0.527917 0.0308333 0.0325
0 0.149167 0.989167 0.0283333 0.0216667
0 0.908333 0.36625 0.0333333 0.0341667
0 0.27125 0.618333 0.0341667 0.035
0 0.39875 0.9375 0.0325 0.0333333
0 0.769167 0.90125 0.025 0.0241667
0 0.450833 0.540833 0.0283333 0.0283333
0 0.82 0.712917 0.0316667 0.0341667
0 0.565 0.949167 0.0316667 0.0333333
0 0.686667 0.76625 0.0283333 0.0308333
0 0.37875 0.80125 0.0341667 0.0341667
0 0.797083 0.326667 0.0275 0.0283333
0 0.90125 0.682917 0.0358333 0.0375
0 0.310417 0.634583 0.0341667 0.0375
0 0.732083 0.4075 0.0325 0.0333333
0 0.92625 0.0466667 0.0325 0.0333333
0 0.765417 0.287083 0.0275 0.0275
0 0.03 0.89125 0.0333333 0.0358333
0 0.782917 0.81125 0.0308333 0.0308333
0 0.468333 0.89 0.03 0.03
0 0.200417 0.9425 0.0325 0.0316667
0 0.394583 0.898333 0.0341667 0.0366667
0 0.0716667 0.75125 0.0316667 0.0325
0 0.645833 0.543333 0.0316667 0.03
0 0.393333 0.9825 0.0316667 0.0333333
0 0.125 0.835833 0.0316667 0.0316667
0 0.689167 0.334583 0.0266667 0.0275
0 0.0204167 0.8325 0.0275 0.0283333
0 0.739167 0.795833 0.0316667 0.0316667
0 0.960417 0.475833 0.0308333 0.0333333
0 0.8675 0.9175 0.0316667 0.0333333
0 0.615417 0.269167 0.0291667 0.0316667
0 0.5 0.965 0.0266667 0.03
0 0.308333 0.839167 0.03 0.0316667
0 0.7825 0.74125 0.0283333 0.0308333
0 0.774583 0.855833 0.0275 0.0283333
0 0.960833 0.567917 0.0283333 0.0291667
0 0.35625 0.82625 0.0275 0.0275
0 0.867083 0.116667 0.0291667 0.03
0 0.0354167 0.760833 0.0291667 0.03
0 0.0820833 0.97625 0.0291667 0.0341667
0 0.984583 0.190417 0.0258333 0.0275
0 0.897083 0.0745833 0.0291667 0.0308333
0 0.331667 0.414167 0.0316667 0.0316667
0 0.88125 0.800833 0.0258333 0.0266667
