0 0.89125 0.82375 0.0225 0.0225
0 0.540833 0.86 0.0366667 0.0366667
0 0.615833 0.00708333 0.0283333 0.0141667
0 0.610417 0.11 0.0225 0.0216667
0 0.644167 0.989583 0.025 0.0208333
0 0.271667 0.11 0.0366667 0.045
0 0.990417 0.576667 0.0175 0.0333333
0 0.85625 0.683333 0.0408333 0.0433333
0 0.469167 0.465 0.035 0.0366667
0 0.769583 0.7175 0.0391667 0.0466667
0 0.0883333 0.269167 0.03 0.0316667
0 0.72125 0.8625 0.0425 0.0433333
0 0.190833 0.307083 0.035 0.0375
0 0.735417 0.164167 0.0425 0.0433333
0 0.860417 0.84625 0.0408333 0.0408333
0 0.575417 0.0125 0.0325 0.0233333
0 0.975 0.917083 0.0283333 0.0291667
0 0.405 0.0729167 0.0383333 0.0441667
0 0.589167 0.18375 0.0316667 0.0308333
0 0.842917 0.07875 0.0358333 0.0408333
0 0.99125 0.0166667 0.0175 0.0333333
0 0.290833 0.215417 0.04 0.0408333
0 0.822917 0.568333 0.0408333 0.0416667
0 0.347083 0.22 0.0391667 0.04
0 0.422917 0.41 0.0341667 0.0366667
0 0.819167 0.0966667 0.035 0.0366667
0 0.9525 0.64875 0.04 0.0375
0 0.0691667 0.0370833 0.0383333 0.0375
0 0.585417 0.0545833 0.0358333 0.0375
0 0.692917 0.14 0.0358333 0.045
0 0.63125 0.270833 0.0358333 0.0383333
0 0.52625 0.434167 0.0358333 0.04
0 0.229583 0.57 0.0358333 0.0366667
0 0.720833 0.992083 0.03 0.0158333
0 0.910833 0.524583 0.0333333 0.0341667
0 0.620417 0.935833 0.0358333 0.0383333
0 0.7 0.266667 0.0283333 0.03
0 0.438333 0.84375 0.0316667 0.0325
0 0.167917 0.07 0.0258333 0.0283333
0 0.4775 0.905417 0.0366667 0.0391667
0 0.166667 0.02125 0.0366667 0.0408333
0 0.272917 0.389583 0.0325 0.0341667
0 0.922083 0.4575 0.0325 0.0366667
0 0.666667 0.0129167 0.0316667 0.0258333
0 0.18 0.200833 0.0316667 0.0333333
0 0.957917 0.1125 0.0308333 0.0333333
0 0.501667 0.484167 0.035 0.0366667
0 0.908333 0.184167 0.0366667 0.0383333
0 0.394167 0.43625 0.0316667 0.0325
0 0.895417 0.744167 0.0375 0.0383333
0 0.275833 0.0216667 0.0383333 0.04
0 0.58625 0.26375 0.0341667 0.0375
0 0.937917 0.0404167 0.0375 0.0375
0 0.792083 0.13875 0.0358333 0.0375
0 0.9375 0.01 0.035 0.02
0 0.06375 0.706667 0.0358333 0.04
0 0.149167 0.570833 0.0283333 0.0316667
0 0.199583 0.375417 0.0241667 0.0241667
0 0.491667 0.364583 0.0316667 0.0308333
0 0.894167 0.963333 0.0283333 0.0316667
0 0.3175 0.0804167 0.0333333 0.0358333
0 0.598333 0.789583 0.0366667 0.0391667
0 0.774583 0.210417 0.0341667 0.0358333
0 0.435417 0.245 0.0358333 0.0366667
0 0.967083 0.579167 0.0341667 0.035
0 0.065 0.162083 0.0416667 0.0408333
0 0.86875 0.895833 0.0325 0.035
0 0.902917 0.640833 0.0358333 0.0383333
0 0.859583 0.0229167 0.0375 0.0391667
0 0.7625 0.657083 0.0383333 0.0375
0 0.489167 0.990417 0.0283333 0.0175
0 0.32875 0.1425 0.0291667 0.03
0 0.8525 0.624583 0.0383333 0.0375
0 0.54125 0.151667 0.0341667 0.0366667
0 0.239167 0.641667 0.0283333 0.03
0 0.525 0.955833 0.0316667 0.0366667
0 0.564583 0.747917 0.0341667 0.0358333
0 0.88375 0.137917 0.0341667 0.0358333
0 0.0425 0.455 0.03 0.03
0 0.622083 0.06125 0.0358333 0.0391667
0 0.67375 0.859167 0.0325 0.0333333
0 0.762917 0.961667 0.0308333 0.0333333
0 0.96625 0.897083 0.0291667 0.0325
0 0.352083 0.0320833 0.0358333 0.0391667
0 0.0191667 0.0804167 0.0366667 0.0408333
0 0.717917 0.905 0.0325 0.0333333
0 0.434167 0.502917 0.035 0.0358333
0 0.506667 0.869167 0.035 0.0366667
0 0.518333 0.235 0.035 0.035
0 0.278333 0.44375 0.0316667 0.0325
0 0.242917 0.270833 0.0275 0.0283333
0 0.780417 0.848333 0.0291667 0.03
0 0.71375 0.9625 0.0275 0.0316667
0 0.402083 0.33375 0.0291667 0.0291667
0 0.370417 0.4875 0.0291667 0.03
0 0.266667 0.5025 0.0316667 0.0316667
0 0.0616667 0.38125 0.035 0.0375
0 0.6825 0.232083 0.03 0.0325
0 0.191667 0.640833 0.0333333 0.0333333
0 0.986667 0.5175 0.0266667 0.035
0 0.5675 0.1 0.0333333 0.035
0 0.33875 0.450833 0.0291667 0.0316667
0 0.443333 0.193333 0.0333333 0.0366667
0 0.530417 0.0133333 0.0341667 0.025
0 0.664167 0.902083 0.0333333 0.0341667
0 0.550417 0.815833 0.0325 0.0333333
0 0.113333 0.480417 0.035 0.0358333
0 0.0341667 0.627083 0.0233333 0.0241667
0 0.989167 0.397083 0.0216667 0.0275
0 0.26125 0.560833 0.0308333 0.0316667
0 0.813333 0.982083 0.03 0.0308333
0 0.109167 0.438333 0.03 0.03
0 0.241667 0.364583 0.03 0.0291667
0 0.13875 0.637917 0.0291667 0.0291667
0 0.427083 0.924167 0.0308333 0.0316667
0 0.7 0.9325 0.0333333 0.035
0 0.896667 0.0866667 0.0333333 0.0333333
0 0.847917 0.777917 0.0308333 0.0325
0 0.71125 0.809167 0.0341667 0.0333333
0 0.36375 0.368333 0.0325 0.0333333
0 0.34375 0.54625 0.0308333 0.0308333
0 0.277917 0.642917 0.0291667 0.0291667
0 0.673333 0.98625 0.0283333 0.0258333
0 0.1425 0.355 0.03 0.0316667
0 0.100417 0.807917 0.0275 0.0275
0 0.794167 0.0258333 0.0316667 0.0333333
0 0.220417 0.403333 0.0308333 0.0316667
0 0.986667 0.725417 0.0266667 0.0358333
0 0.834583 0.934167 0.0325 0.0333333
0 0.299583 0.306667 0.0308333 0.0316667
0 0.7125 0.0891667 0.0316667 0.03
0 0.485 0.113333 0.0316667 0.0316667
0 0.635833 0.184583 0.03 0.0325
0 0.0375 0.822917 0.025 0.0258333
0 0.6275 0.71 0.03 0.0316667
0 0.774583 0.5675 0.0308333 0.0316667
0 0.5375 0.330833 0.0283333 0.0283333
0 0.54875 0.399583 0.0291667 0.0291667
0 0.0483333 0.574167 0.0316667 0.0333333
