0 0.02125 0.82 0.0391667 0.04
0 0.961667 0.00791667 0.03 0.0158333
0 0.671667 0.669583 0.0283333 0.0325
0 0.27625 0.147917 0.0341667 0.0358333
0 0.56125 0.09125 0.0258333 0.0258333
0 0.876667 0.4925 0.04 0.05
0 0.942917 0.775833 0.0308333 0.0333333
0 0.01 0.395417 0.0183333 0.0358333
0 0.25 0.90375 0.0316667 0.0325
0 0.629167 0.0316667 0.035 0.0383333
0 0.587083 0.390833 0.0308333 0.0316667
0 0.355 0.26625 0.0316667 0.0341667
0 0.237917 0.47875 0.0325 0.0358333
0 0.607917 0.0833333 0.0341667 0.0366667
0 0.74125 0.0720833 0.0275 0.0291667
0 0.9625 0.384167 0.0433333 0.0466667
0 0.26625 0.629167 0.0341667 0.0366667
0 0.804167 0.37 0.0366667 0.0416667
0 0.548333 0.656667 0.04 0.045
0 0.649583 0.355833 0.0325 0.035
0 0.475 0.650417 0.0383333 0.0408333
0 0.00458333 0.51875 0.00916667 0.0291667
0 0.84625 0.32625 0.0291667 0.0291667
0 0.165417 0.930833 0.0358333 0.04
0 0.840417 0.89625 0.0291667 0.0325
0 0.366667 0.636667 0.0466667 0.0466667
0 0.0670833 0.83875 0.0308333 0.0325
0 0.0225 0.650833 0.0316667 0.0333333
0 0.442083 0.665 0.0391667 0.0466667
0 0.259167 0.24 0.0366667 0.0383333
0 0.87 0.608333 0.0316667 0.035
0 0.514167 0.528333 0.0333333 0.035
0 0.6425 0.203333 0.04 0.05
0 0.102917 0.787917 0.0291667 0.0325
0 0.892083 0.0845833 0.0408333 0.0458333
0 0.227083 0.97875 0.0275 0.0291667
0 0.627083 0.114167 0.0375 0.0416667
0 0.932083 0.2825 0.0375 0.0416667
0 0.575 0.979583 0.0383333 0.0408333
0 0.795 0.424167 0.03 0.0316667
0 0.102917 0.737083 0.0241667 0.0241667
0 0.112083 0.582083 0.0375 0.0391667
0 0.278333 0.499583 0.0233333 0.0241667
0 0.506667 0.977917 0.0333333 0.0325
0 0.337917 0.669167 0.0325 0.0366667
0 0.939167 0.0433333 0.04 0.0433333
0 0.95125 0.3325 0.0391667 0.0416667
0 0.682917 0.135 0.0425 0.0416667
0 0.590833 0.537083 0.04 0.0425
0 0.680417 0.75125 0.0391667 0.0425
0 0.335833 0.52375 0.0316667 0.0341667
0 0.862917 0.445 0.0375 0.0383333
0 0.69125 0.225833 0.0375 0.04
0 0.772083 0.33 0.0341667 0.0366667
0 0.76875 0.201667 0.0391667 0.0416667
0 0.695833 0.287083 0.0416667 0.0441667
0 0.647083 0.28 0.0391667 0.0416667
0 0.377083 0.269583 0.0275 0.0275
0 0.628333 0.661667 0.0383333 0.0383333
0 0.559167 0.725833 0.0283333 0.0283333
0 0.59625 0.769583 0.0375 0.0375
0 0.213333 0.389583 0.0316667 0.0325
0 0.03875 0.475833 0.0341667 0.0366667
0 0.0104167 0.568333 0.0208333 0.025
0 0.909167 0.160833 0.0333333 0.035
0 0.527917 0.600417 0.0308333 0.0341667
0 0.93 0.647083 0.035 0.0375
0 0.7325 0.258333 0.0333333 0.0383333
0 0.927083 0.52875 0.0375 0.0408333
0 0.6175 0.41 0.0366667 0.04
0 0.127917 0.37 0.0391667 0.045
0 0.97375 0.147083 0.0341667 0.0391667
0 0.464167 0.577083 0.0383333 0.0408333
0 0.336667 0.82375 0.0366667 0.0391667
0 0.177083 0.864583 0.0308333 0.0325
0 0.380833 0.457083 0.035 0.0408333
0 0.43375 0.594167 0.0358333 0.04
0 0.200833 0.947083 0.0283333 0.0291667
0 0.7075 0.10375 0.0383333 0.0408333
0 0.174583 0.70375 0.0241667 0.0258333
0 0.920833 0.449167 0.0333333 0.035
0 0.777917 0.277083 0.0325 0.0341667
0 0.617917 0.916667 0.0341667 0.0383333
0 0.0954167 0.95 0.0291667 0.03
0 0.827083 0.465833 0.0375 0.0383333
0 0.140417 0.557083 0.0291667 0.0308333
0 0.20875 0.324167 0.0325 0.035
0 0.175 0.0220833 0.035 0.0341667
0 0.52875 0.4375 0.0375 0.04
0 0.665833 0.45625 0.0333333 0.0358333
0 0.766667 0.124167 0.0316667 0.035
0 0.0216667 0.749583 0.0366667 0.0391667
0 0.498333 0.347917 0.035 0.0391667
0 0.3075 0.58125 0.025 0.0258333
0 0.585833 0.343333 0.0366667 0.0366667
0 0.72625 0.30875 0.0358333 0.0375
0 0.666667 0.81625 0.0366667 0.0391667
0 0.310833 0.27375 0.0316667 0.0341667
0 0.673333 0.984583 0.03 0.0291667
0 0.71125 0.362917 0.0325 0.0358333
0 0.292083 0.937917 0.0325 0.0325
0 0.164583 0.774583 0.0358333 0.0375
0 0.884583 0.238333 0.0325 0.0333333
0 0.0533333 0.890833 0.03 0.0333333
0 0.67375 0.880833 0.0341667 0.0383333
0 0.0583333 0.53125 0.0333333 0.0358333
0 0.516667 0.125417 0.0333333 0.0341667
0 0.79625 0.59625 0.0308333 0.0341667
0 0.36375 0.69 0.0375 0.04
0 0.684167 0.705417 0.0383333 0.0408333
0 0.2725 0.448333 0.0316667 0.0316667
0 0.81875 0.165 0.0358333 0.0383333
0 0.842917 0.5475 0.0275 0.0283333
0 0.659583 0.425417 0.0325 0.0341667
0 0.73375 0.450417 0.0358333 0.0375
0 0.705 0.803333 0.0383333 0.04
0 0.510417 0.38875 0.0325 0.0341667
0 0.851667 0.285 0.0366667 0.0383333
0 0.06625 0.462917 0.0358333 0.0375
0 0.76375 0.41 0.0358333 0.0383333
0 0.810833 0.110833 0.0333333 0.0333333
0 0.122917 0.864167 0.0325 0.0316667
0 0.163333 0.36 0.0333333 0.0333333
0 0.928333 0.577917 0.03 0.0308333
0 0.0629167 0.0125 0.0358333 0.025
0 0.37875 0.818333 0.0325 0.035
0 0.8675 0.19375 0.0366667 0.0408333
0 0.1 0.50375 0.0316667 0.0341667
0 0.0479167 0.640417 0.0241667 0.0258333
0 0.599167 0.834583 0.03 0.0325
0 0.164583 0.486667 0.0341667 0.0366667
0 0.750833 0.582917 0.0333333 0.0358333
0 0.480417 0.51125 0.0358333 0.0375
0 0.26875 0.754583 0.0341667 0.0375
0 0.492917 0.817917 0.0358333 0.0391667
0 0.383333 0.1725 0.0266667 0.0283333
0 0.987083 0.666667 0.0258333 0.035
0 0.7725 0.8225 0.0366667 0.0366667
0 0.58625 0.472917 0.0325 0.0341667
0 0.88875 0.391667 0.0341667 0.0366667
0 0.73375 0.01625 0.0325 0.0325
0 0.19875 0.7975 0.0341667 0.035
0 0.00916667 0.0208333 0.0183333 0.0333333
0 0.112917 0.922083 0.0291667 0.0325
0 0.175833 0.45125 0.0233333 0.0241667
0 0.984583 0.1875 0.0308333 0.0383333
0 0.498333 0.7075 0.0316667 0.0333333
0 0.904583 0.824167 0.0358333 0.0416667
0 0.152917 0.519583 0.0275 0.0275
0 0.0558333 0.9825 0.0283333 0.03
0 0.854167 0.81125 0.0316667 0.0341667
0 0.305833 0.689167 0.0316667 0.035
0 0.74375 0.158333 0.0325 0.0333333
0 0.502083 0.676667 0.0308333 0.0333333
0 0.380417 0.947083 0.0341667 0.0375
0 0.544583 0.168333 0.0308333 0.0333333
0 0.729167 0.868333 0.0366667 0.0383333
0 0.65125 0.481667 0.0341667 0.0366667
0 0.0629167 0.779167 0.0258333 0.0283333
0 0.417083 0.987917 0.0341667 0.0241667
0 0.876667 0.65 0.035 0.035
0 0.09625 0.883333 0.0308333 0.0333333
0 0.22 0.517917 0.025 0.0275
0 0.16 0.986667 0.0266667 0.025
0 0.768333 0.484167 0.0333333 0.035
0 0.282917 0.102083 0.0291667 0.0291667
0 0.98125 0.518333 0.0308333 0.0316667
0 0.340833 0.944583 0.0316667 0.0325
0 0.5975 0.603333 0.0333333 0.035
0 0.37875 0.577917 0.0358333 0.0375
0 0.695417 0.609167 0.0308333 0.0333333
0 0.627917 0.71375 0.0341667 0.0341667
0 0.984583 0.7525 0.0291667 0.035
0 0.424583 0.885417 0.0325 0.0341667
0 0.9025 0.768333 0.0333333 0.035
0 0.963333 0.61375 0.0316667 0.0341667
0 0.8 0.712083 0.0333333 0.0341667
0 0.537917 0.901667 0.0325 0.035
0 0.410833 0.677917 0.0333333 0.0375
0 0.812917 0.255417 0.0325 0.0341667
0 0.67125 0.573333 0.0325 0.0333333
0 0.9875 0.01625 0.025 0.0325
0 0.665 0.942917 0.035 0.0391667
0 0.226667 0.558333 0.03 0.0316667
0 0.769167 0.657917 0.0333333 0.0341667
0 0.692917 0.394167 0.0325 0.035
0 0.775417 0.85125 0.0308333 0.0341667
