0 0.45 0.277917 0.0316667 0.0325
0 0.869167 0.93 0.0383333 0.0383333
0 0.490417 0.99375 0.0325 0.0125
0 0.966667 0.472083 0.0266667 0.0308333
0 0.00875 0.667083 0.0175 0.0358333
0 0.457083 0.23 0.0425 0.045
0 0.0908333 0.0791667 0.0333333 0.0383333
0 0.02125 0.58875 0.0191667 0.0208333
0 0.806667 0.920833 0.0416667 0.0416667
0 0.99375 0.685833 0.0108333 0.03
0 0.486667 0.29875 0.0416667 0.0441667
0 0.340417 0.729167 0.0375 0.04
0 0.0104167 0.43 0.0208333 0.035
0 0.987917 0.88 0.0241667 0.04
0 0.68625 0.6175 0.0358333 0.04
0 0.0333333 0.464167 0.0316667 0.035
0 0.0295833 0.124167 0.0458333 0.0483333
0 0.95375 0.88375 0.0391667 0.0391667
0 0.877917 0.4675 0.0325 0.0333333
0 0.6625 0.0829167 0.0316667 0.0325
0 0.825 0.68375 0.035 0.0375
0 0.49375 0.0883333 0.0375 0.04
0 0.0829167 0.95625 0.0358333 0.0358333
0 0.00583333 0.191667 0.0116667 0.03
0 0.94625 0.567917 0.0375 0.0391667
0 0.0941667 0.411667 0.035 0.0366667
0 0.533333 0.271667 0.035 0.0366667
0 0.499583 0.88125 0.0358333 0.0441667
0 0.779167 0.805417 0.0216667 0.0208333
0 0.643333 0.967917 0.0266667 0.0308333
0 0.14 0.204583 0.0366667 0.0408333
0 0.0245833 0.546667 0.0258333 0.0266667
0 0.1025 0.56375 0.0366667 0.0391667
0 0.538333 0.0270833 0.035 0.0391667
0 0.1575 0.435833 0.0316667 0.0366667
0 0.62 0.5575 0.04 0.0416667
0 0.287083 0.0966667 0.0341667 0.0383333
0 0.612083 0.187083 0.0391667 0.0425
0 0.20625 0.560417 0.0325 0.0341667
0 0.0941667 0.153333 0.0383333 0.0383333
0 0.713333 0.705833 0.0333333 0.0366667
0 0.605 0.51125 0.03 0.0341667
0 0.910833 0.844583 0.0366667 0.0375
0 0.809167 0.81625 0.0366667 0.0391667
0 0.5375 0.925833 0.0416667 0.0416667
0 0.197917 0.394167 0.0375 0.0416667
0 0.325 0.3225 0.0366667 0.0416667
0 0.725 0.77375 0.0366667 0.0408333
0 0.19625 0.346667 0.0358333 0.035
0 0.57125 0.0866667 0.0308333 0.0333333
0 0.599167 0.651667 0.0383333 0.0383333
0 0.430833 0.767917 0.04 0.0391667
0 0.0508333 0.335833 0.0366667 0.0383333
0 0.0845833 0.290833 0.0341667 0.035
0 0.405833 0.0708333 0.0383333 0.0433333
0 0.301667 0.435833 0.035 0.0383333
0 0.90375 0.337083 0.0358333 0.0391667
0 0.659583 0.9375 0.0358333 0.0366667
0 0.4975 0.68125 0.0366667 0.0425
0 0.095 0.521667 0.035 0.035
0 0.103333 0.01375 0.0333333 0.0258333
0 0.349167 0.9575 0.0283333 0.03
0 0.365833 0.3875 0.0366667 0.04
0 0.339583 0.0695833 0.0375 0.0391667
0 0.26375 0.315833 0.0325 0.0333333
0 0.692917 0.867917 0.0375 0.0391667
0 0.22 0.874583 0.0366667 0.0375
0 0.980833 0.347083 0.03 0.0325
0 0.05875 0.226667 0.0391667 0.04
0 0.804167 0.42375 0.035 0.0375
0 0.617917 0.26 0.0358333 0.0383333
0 0.68875 0.739167 0.0325 0.035
0 0.623333 0.695833 0.0316667 0.0316667
0 0.22625 0.159167 0.0375 0.04
0 0.660417 0.179583 0.0291667 0.0308333
0 0.155417 0.08 0.0391667 0.0416667
0 0.276667 0.771667 0.0316667 0.0333333
0 0.86875 0.97875 0.0308333 0.0341667
0 0.880417 0.6275 0.0325 0.035
0 0.559583 0.857917 0.0341667 0.0358333
0 0.46125 0.706667 0.0341667 0.035
0 0.934167 0.660833 0.0366667 0.04
0 0.780417 0.54625 0.0358333 0.0391667
0 0.645 0.725 0.0333333 0.0366667
0 0.355 0.267083 0.025 0.0258333
0 0.222083 0.0995833 0.0375 0.0408333
0 0.324583 0.0141667 0.0358333 0.0283333
0 0.950833 0.4175 0.0333333 0.035
0 0.413333 0.373333 0.0333333 0.035
0 0.547083 0.75375 0.0341667 0.0358333
0 0.3375 0.14875 0.0316667 0.0341667
0 0.48375 0.9325 0.0308333 0.0333333
0 0.53125 0.115417 0.0341667 0.0358333
0 0.849583 0.83625 0.0341667 0.0358333
0 0.797917 0.6575 0.0358333 0.0366667
0 0.48625 0.8025 0.0308333 0.0316667
0 0.67 0.6525 0.0366667 0.0366667
0 0.706667 0.192917 0.03 0.0308333
0 0.967083 0.975 0.0291667 0.0283333
0 0.991667 0.545 0.0166667 0.0316667
0 0.02 0.507917 0.0333333 0.0341667
0 0.990417 0.195833 0.0175 0.0333333
0 0.316667 0.895 0.0333333 0.035
0 0.430833 0.64625 0.0283333 0.0291667
0 0.760417 0.690417 0.0291667 0.0308333
0 0.247917 0.849167 0.0325 0.035
0 0.187083 0.144583 0.0358333 0.0375
0 0.07 0.645833 0.0366667 0.0383333
0 0.67125 0.115833 0.0308333 0.0316667
0 0.574167 0.7775 0.0333333 0.0366667
0 0.944167 0.495417 0.035 0.0391667
0 0.719583 0.59875 0.0341667 0.0358333
0 0.576667 0.91 0.0366667 0.0383333
0 0.80375 0.731667 0.0325 0.035
0 0.9325 0.785833 0.0283333 0.03
0 0.187083 0.264167 0.0341667 0.0366667
0 0.1025 0.474583 0.0333333 0.0358333
0 0.0133333 0.30875 0.0266667 0.0375
0 0.247917 0.01 0.0341667 0.02
0 0.989583 0.279583 0.0208333 0.0325
0 0.770417 0.71625 0.0358333 0.0358333
0 0.753333 0.66125 0.0333333 0.0358333
0 0.317917 0.19375 0.0325 0.0341667
0 0.61375 0.0125 0.0308333 0.0233333
0 0.892083 0.5175 0.0325 0.035
0 0.76125 0.0416667 0.0341667 0.035
0 0.79625 0.61125 0.0358333 0.0358333
0 0.78875 0.504167 0.0358333 0.0383333
0 0.297083 0.845833 0.0325 0.0333333
0 0.755417 0.104583 0.0341667 0.0358333
0 0.60875 0.819583 0.0341667 0.0358333
0 0.442917 0.17375 0.0375 0.0408333
0 0.137083 0.369167 0.0325 0.0333333
0 0.539583 0.242083 0.0341667 0.0358333
0 0.8875 0.701667 0.03 0.0316667
0 0.305 0.9375 0.0333333 0.035
0 0.816667 0.0891667 0.0333333 0.035
0 0.715 0.157083 0.0283333 0.0275
0 0.659583 0.82625 0.0341667 0.0325
0 0.38375 0.220833 0.0341667 0.0366667
0 0.365 0.85 0.0333333 0.0366667
0 0.54625 0.692917 0.0341667 0.0358333
0 0.635833 0.0595833 0.0333333 0.0375
0 0.24375 0.981667 0.0341667 0.0333333
0 0.260417 0.209583 0.0341667 0.0375
0 0.0616667 0.565833 0.03 0.0316667
0 0.0145833 0.390417 0.0291667 0.0308333
0 0.413333 0.84125 0.035 0.0358333
0 0.873333 0.762083 0.03 0.0325
0 0.195 0.512917 0.0316667 0.0325
0 0.429583 0.301667 0.0341667 0.035
0 0.377917 0.9775 0.0325 0.0333333
0 0.37875 0.124167 0.0341667 0.0366667
0 0.72125 0.107917 0.0325 0.0325
0 0.313333 0.0504167 0.0333333 0.0358333
0 0.463333 0.850417 0.0316667 0.0325
0 0.231667 0.37875 0.0316667 0.0341667
0 0.57625 0.130417 0.0341667 0.0358333
0 0.437083 0.9775 0.0291667 0.0316667
0 0.435 0.127083 0.0333333 0.0341667
0 0.87875 0.595833 0.0325 0.035
0 0.45125 0.0204167 0.0341667 0.0358333
