0 0.227083 0.91625 0.0341667 0.0358333
0 0.125 0.125 0.0383333 0.0466667
0 0.05 0.477083 0.0266667 0.0291667
0 0.212083 0.785417 0.0391667 0.0375
0 0.939583 0.170417 0.0291667 0.0308333
0 0.78625 0.695417 0.0408333 0.0458333
0 0.478333 0.799583 0.0383333 0.0475
0 0.395833 0.967083 0.0416667 0.0425
0 0.278333 0.0983333 0.035 0.0383333
0 0.50125 0.4675 0.0425 0.0433333
0 0.635417 0.7275 0.0391667 0.0433333
0 0.887917 0.0108333 0.0375 0.02
0 0.425 0.122083 0.0366667 0.0408333
0 0.277917 0.484167 0.0275 0.03
0 0.8125 0.159583 0.0383333 0.0408333
0 0.515833 0.69 0.04 0.0416667
0 0.745833 0.729167 0.04 0.04
0 0.08125 0.38625 0.0441667 0.0458333
0 0.9575 0.900833 0.0366667 0.0416667
0 0.005 0.543333 0.01 0.0283333
0 0.993333 0.12625 0.0133333 0.0175
0 0.182083 0.11375 0.0391667 0.0458333
0 0.165417 0.200833 0.0241667 0.0266667
0 0.72125 0.580417 0.0358333 0.0375
0 0.115833 0.695417 0.035 0.0341667
0 0.201667 0.682917 0.04 0.0408333
0 0.252083 0.687083 0.0358333 0.0391667
0 0.0170833 0.61625 0.0341667 0.0391667
0 0.635417 0.62125 0.0391667 0.0408333
0 0.60375 0.801667 0.0375 0.0416667
0 0.66125 0.440833 0.0391667 0.04
0 0.78875 0.3625 0.0408333 0.0416667
0 0.209583 0.8775 0.0308333 0.0333333
0 0.172083 0.797083 0.0325 0.0375
0 0.0654167 0.985417 0.0325 0.0291667
0 0.207917 0.719583 0.0375 0.0391667
0 0.71625 0.209167 0.0308333 0.0316667
0 0.0870833 0.52125 0.0358333 0.0408333
0 0.213333 0.151667 0.0433333 0.0433333
0 0.208333 0.993333 0.025 0.0133333
0 0.03 0.465 0.0283333 0.03
0 0.0608333 0.92 0.035 0.0383333
0 0.404583 0.488333 0.0375 0.04
0 0.299583 0.862917 0.0325 0.0325
0 0.204583 0.357083 0.0308333 0.0325
0 0.742083 0.0645833 0.0341667 0.0375
0 0.509583 0.5825 0.0358333 0.0366667
0 0.296667 0.69125 0.0333333 0.0325
0 0.432083 0.665417 0.0408333 0.0408333
0 0.0733333 0.59625 0.03 0.0308333
0 0.315417 0.0841667 0.0325 0.035
0 0.4625 0.0595833 0.04 0.0425
0 0.61 0.647917 0.035 0.0391667
0 0.673333 0.705833 0.0383333 0.04
0 0.1325 0.918333 0.0383333 0.04
0 0.237083 0.539167 0.0425 0.0433333
0 0.834583 0.649583 0.0358333 0.0358333
0 0.408333 0.377917 0.0366667 0.0391667
0 0.129583 0.37125 0.0325 0.0358333
0 0.839167 0.33 0.0333333 0.0366667
0 0.7075 0.275 0.0366667 0.0383333
0 0.320417 0.588333 0.0375 0.0383333
0 0.430417 0.90125 0.0358333 0.0358333
0 0.585 0.4175 0.0366667 0.04
0 0.94 0.519583 0.0366667 0.0408333
0 0.00791667 0.278333 0.0158333 0.0333333
0 0.75125 0.120417 0.0325 0.0375
0 0.260833 0.166667 0.0366667 0.045
0 0.585417 0.12125 0.0375 0.0391667
0 0.354167 0.452917 0.0383333 0.0425
0 0.99 0.345833 0.02 0.0316667
0 0.390833 0.8125 0.035 0.0366667
0 0.0954167 0.937083 0.0375 0.0408333
0 0.0116667 0.737917 0.0233333 0.0341667
0 0.922917 0.442083 0.0358333 0.0391667
0 0.439167 0.0383333 0.0283333 0.0283333
0 0.804167 0.436667 0.0333333 0.04
0 0.105833 0.199583 0.0383333 0.0391667
0 0.86625 0.3825 0.0375 0.0383333
0 0.0825 0.467083 0.035 0.0375
0 0.302083 0.0341667 0.0391667 0.04
0 0.51 0.90375 0.0366667 0.0408333
0 0.307083 0.40125 0.0391667 0.0408333
0 0.310417 0.765 0.0325 0.035
0 0.459583 0.114167 0.0375 0.0416667
0 0.075 0.815 0.035 0.0383333
0 0.41 0.75625 0.035 0.0358333
0 0.332083 0.361667 0.0325 0.0333333
0 0.00916667 0.195833 0.0183333 0.04
0 0.169167 0.580417 0.0333333 0.0358333
0 0.27125 0.95875 0.0358333 0.0375
0 0.323333 0.239583 0.0333333 0.0358333
0 0.0225 0.55375 0.0233333 0.0258333
0 0.825833 0.42625 0.03 0.0325
0 0.03375 0.423333 0.0325 0.0333333
0 0.35875 0.315 0.0358333 0.0366667
0 0.0658333 0.287083 0.035 0.0358333
0 0.24375 0.247083 0.0375 0.0425
0 0.0879167 0.172083 0.0341667 0.0375
0 0.526667 0.112917 0.0366667 0.0391667
0 0.112917 0.540417 0.0308333 0.0308333
0 0.468333 0.659167 0.0333333 0.0333333
0 0.0379167 0.822083 0.0308333 0.0325
0 0.448333 0.430417 0.035 0.0375
0 0.790417 0.27625 0.0308333 0.0308333
0 0.87625 0.1675 0.0325 0.0366667
0 0.88375 0.272083 0.0258333 0.0258333
0 0.840417 0.2425 0.0341667 0.0366667
0 0.78875 0.112083 0.0341667 0.0358333
0 0.69625 0.465417 0.0325 0.0358333
0 0.453333 0.602917 0.0316667 0.0325
0 0.709583 0.34125 0.0308333 0.0308333
0 0.58375 0.70125 0.0308333 0.0325
0 0.55 0.49 0.0366667 0.0366667
0 0.349167 0.180417 0.0316667 0.0325
0 0.218333 0.464167 0.0383333 0.0433333
0 0.0854167 0.11375 0.0341667 0.0391667
0 0.195833 0.0245833 0.0316667 0.0341667
0 0.644167 0.383333 0.0283333 0.03
0 0.984583 0.5475 0.0291667 0.035
0 0.230417 0.3725 0.0341667 0.0366667
0 0.24 0.840417 0.0316667 0.0325
0 0.710417 0.162917 0.0325 0.0341667
0 0.980417 0.296667 0.0291667 0.0316667
0 0.0170833 0.693333 0.0341667 0.0333333
0 0.106667 0.645833 0.0316667 0.035
0 0.874167 0.52875 0.035 0.0375
0 0.7 0.665 0.03 0.035
0 0.298333 0.211667 0.035 0.0366667
0 0.0770833 0.707083 0.0325 0.0341667
0 0.669167 0.330417 0.0333333 0.0341667
0 0.872917 0.0983333 0.0325 0.0333333
0 0.97875 0.1825 0.0291667 0.03
0 0.931667 0.3375 0.0333333 0.0366667
0 0.46625 0.276667 0.0291667 0.03
0 0.160417 0.712083 0.0308333 0.0341667
0 0.797083 0.581667 0.0325 0.0333333
0 0.9725 0.265417 0.0283333 0.0308333
0 0.121667 0.28125 0.0316667 0.0341667
0 0.66625 0.51125 0.0341667 0.0341667
0 0.84625 0.584167 0.0258333 0.0266667
0 0.5075 0.747917 0.035 0.0358333
0 0.0116667 0.796667 0.0233333 0.03
0 0.444167 0.504167 0.0316667 0.0333333
0 0.654583 0.177917 0.0241667 0.0241667
0 0.758333 0.62875 0.03 0.0308333
0 0.216667 0.300833 0.0366667 0.04
0 0.544583 0.14875 0.0325 0.0341667
0 0.7725 0.0175 0.0283333 0.03
0 0.696667 0.0595833 0.0333333 0.0358333
0 0.149167 0.2225 0.0383333 0.0416667
0 0.180833 0.747917 0.0316667 0.0325
0 0.664583 0.2325 0.0275 0.0283333
0 0.200417 0.590833 0.0341667 0.035
0 0.363333 0.353333 0.0316667 0.0333333
0 0.541667 0.572083 0.0333333 0.0341667
0 0.265417 0.757083 0.0258333 0.0258333
0 0.607083 0.260833 0.0258333 0.0266667
0 0.383333 0.147917 0.03 0.0308333
0 0.153333 0.442083 0.035 0.0375
0 0.15375 0.352083 0.0341667 0.0375
0 0.6275 0.159167 0.03 0.0316667
0 0.450417 0.190833 0.0325 0.0366667
0 0.869167 0.213333 0.03 0.03
0 0.584167 0.500833 0.0333333 0.035
0 0.477917 0.31375 0.0291667 0.0308333
0 0.238333 0.0920833 0.035 0.0358333
0 0.768333 0.497917 0.0266667 0.0275
0 0.172917 0.269583 0.0341667 0.0358333
0 0.55 0.04375 0.0316667 0.0325
0 0.747917 0.235833 0.0275 0.0283333
0 0.510417 0.19375 0.0358333 0.0391667
0 0.414167 0.274167 0.03 0.03
0 0.56125 0.37875 0.0325 0.0341667
0 0.5225 0.279583 0.03 0.0308333
0 0.32375 0.720833 0.0308333 0.03
0 0.705 0.0158333 0.03 0.0316667
0 0.628333 0.0770833 0.0316667 0.0341667
