0 0.48625 0.464167 0.0441667 0.045
0 0.752917 0.332083 0.0308333 0.0308333
0 0.995417 0.524167 0.00916667 0.0266667
0 0.258333 0.9125 0.0433333 0.0483333
0 0.2075 0.810833 0.03 0.0333333
0 0.991667 0.145417 0.0166667 0.0341667
0 0.650833 0.8375 0.035 0.035
0 0.784583 0.497917 0.0275 0.0291667
0 0.134583 0.729167 0.0408333 0.0433333
0 0.992917 0.252917 0.0141667 0.0308333
0 0.922083 0.815 0.0408333 0.0433333
0 0.880417 0.124167 0.0408333 0.0466667
0 0.828333 0.702083 0.035 0.0408333
0 0.150417 0.9825 0.0358333 0.035
0 0.530417 0.46 0.0391667 0.04
0 0.687083 0.33375 0.0308333 0.0308333
0 0.0570833 0.0808333 0.0291667 0.0333333
0 0.490833 0.579167 0.0416667 0.0433333
0 0.37625 0.887917 0.0308333 0.0325
0 0.460417 0.01 0.0341667 0.02
0 0.445833 0.63875 0.0383333 0.0425
0 0.33375 0.68625 0.0408333 0.0408333
0 0.147917 0.0291667 0.0341667 0.035
0 0.380417 0.76 0.0391667 0.0416667
0 0.7225 0.715417 0.04 0.0391667
0 0.23125 0.858333 0.0391667 0.0416667
0 0.04625 0.279583 0.0308333 0.0291667
0 0.619583 0.905833 0.0358333 0.0383333
0 0.00541667 0.347083 0.0108333 0.0258333
0 0.160833 0.899167 0.0366667 0.0383333
0 0.36375 0.607083 0.0308333 0.0308333
0 0.025 0.0108333 0.0316667 0.0216667
0 0.42 0.689167 0.0416667 0.0416667
0 0.25625 0.569583 0.0375 0.0375
0 0.190833 0.22625 0.035 0.0375
0 0.12125 0.8375 0.0291667 0.0283333
0 0.917083 0.670833 0.0241667 0.025
0 0.015 0.972083 0.0266667 0.0291667
0 0.817083 0.192917 0.0325 0.0341667
0 0.951667 0.56375 0.035 0.0358333
0 0.968333 0.684167 0.035 0.035
0 0.85 0.300417 0.035 0.0391667
0 0.719167 0.559167 0.0383333 0.045
0 0.65125 0.237083 0.0341667 0.0358333
0 0.494167 0.144167 0.0283333 0.0283333
0 0.527083 0.778333 0.0341667 0.0366667
0 0.628333 0.685833 0.0333333 0.0366667
0 0.580417 0.3925 0.0341667 0.0383333
0 0.544583 0.53625 0.0308333 0.0325
0 0.27 0.0633333 0.0283333 0.0283333
0 0.827917 0.38625 0.0375 0.0375
0 0.470417 0.865417 0.0358333 0.0375
0 0.942083 0.271667 0.0341667 0.035
0 0.762917 0.965417 0.0291667 0.0325
0 0.04 0.3525 0.0333333 0.035
0 0.4225 0.886667 0.0316667 0.035
0 0.76875 0.633333 0.0325 0.035
0 0.480417 0.971667 0.0341667 0.0366667
0 0.69875 0.4925 0.0341667 0.0366667
0 0.263333 0.1425 0.0316667 0.035
0 0.111667 0.0808333 0.035 0.0366667
0 0.532083 0.394167 0.0341667 0.035
0 0.31875 0.114167 0.0275 0.03
0 0.740417 0.823333 0.0358333 0.0383333
0 0.843333 0.5525 0.0333333 0.035
0 0.8775 0.603333 0.035 0.0383333
0 0.9 0.294167 0.0366667 0.0383333
0 0.529583 0.51125 0.0375 0.0408333
0 0.888333 0.454583 0.035 0.0391667
0 0.864167 0.156667 0.0366667 0.0383333
0 0.709167 0.767083 0.0366667 0.0375
0 0.747917 0.4625 0.0375 0.0366667
0 0.331667 0.97875 0.0283333 0.0308333
0 0.0108333 0.15625 0.0216667 0.0341667
0 0.529167 0.666667 0.035 0.0366667
0 0.690833 0.6575 0.0333333 0.035
0 0.816667 0.755417 0.0383333 0.0408333
0 0.659583 0.960417 0.0291667 0.0308333
0 0.876667 0.93375 0.0366667 0.0408333
0 0.30125 0.0258333 0.0275 0.0283333
0 0.277917 0.65625 0.0358333 0.0391667
0 0.27125 0.8375 0.0325 0.035
0 0.924583 0.875833 0.0341667 0.0366667
0 0.274167 0.7475 0.0316667 0.035
0 0.21125 0.0204167 0.0291667 0.0291667
0 0.0304167 0.409583 0.0325 0.0341667
0 0.19375 0.629583 0.0325 0.0325
0 0.920417 0.758333 0.0358333 0.0383333
0 0.804167 0.895833 0.0333333 0.035
0 0.577917 0.580833 0.0341667 0.0366667
0 0.50375 0.753333 0.0358333 0.0383333
0 0.748333 0.362083 0.0333333 0.0358333
0 0.142083 0.120417 0.0275 0.0291667
0 0.62 0.97625 0.0333333 0.0358333
0 0.5875 0.640417 0.035 0.0391667
0 0.0316667 0.305833 0.0333333 0.035
0 0.48875 0.835833 0.0341667 0.0366667
0 0.784167 0.446667 0.03 0.0316667
0 0.803333 0.542083 0.0333333 0.0341667
0 0.0945833 0.1875 0.0308333 0.0316667
0 0.824583 0.3525 0.0341667 0.035
0 0.776667 0.139583 0.0316667 0.0325
0 0.525417 0.954583 0.0341667 0.0358333
0 0.496667 0.703333 0.0316667 0.0333333
0 0.4225 0.01875 0.0333333 0.0325
0 0.595417 0.732083 0.0308333 0.0325
0 0.682083 0.887917 0.0308333 0.0325
0 0.408333 0.9325 0.0316667 0.0333333
0 0.894583 0.845833 0.0358333 0.0383333
0 0.0683333 0.24 0.0333333 0.035
0 0.86 0.675417 0.0316667 0.0341667
0 0.982917 0.0825 0.0291667 0.0316667
0 0.764583 0.6875 0.0308333 0.0333333
0 0.965417 0.459583 0.0308333 0.0308333
0 0.16125 0.27125 0.0291667 0.0291667
0 0.695417 0.985417 0.0291667 0.0275
0 0.979167 0.985833 0.03 0.025
0 0.1725 0.1525 0.0283333 0.03
0 0.747917 0.877083 0.0358333 0.0375
0 0.91875 0.397083 0.0291667 0.0308333
0 0.835833 0.515 0.0333333 0.0333333
0 0.229167 0.173333 0.03 0.03
0 0.819583 0.575833 0.0291667 0.0316667
0 0.310833 0.79375 0.03 0.0325
0 0.635 0.535 0.03 0.03
0 0.83875 0.9775 0.0325 0.0333333
0 0.589167 0.868333 0.0316667 0.0333333
0 0.966667 0.922083 0.03 0.0325
0 0.850417 0.801667 0.0341667 0.035
