0 0.925 0.914167 0.0466667 0.0483333
0 0.445417 0.565417 0.0325 0.0408333
0 0.53875 0.417083 0.0341667 0.0375
0 0.531667 0.03875 0.0383333 0.0425
0 0.7675 0.892083 0.0383333 0.0491667
0 0.0141667 0.150833 0.0283333 0.045
0 0.0416667 0.59625 0.0333333 0.0341667
0 0.715833 0.0629167 0.0366667 0.0408333
0 0.721667 0.788333 0.035 0.0383333
0 0.674167 0.00791667 0.0366667 0.0158333
0 0.984167 0.720417 0.0316667 0.0375
0 0.583333 0.254583 0.0383333 0.0408333
0 0.0341667 0.47375 0.0383333 0.0441667
0 0.3025 0.269583 0.035 0.0375
0 0.09875 0.49875 0.0408333 0.0408333
0 0.98375 0.938333 0.0291667 0.035
0 0.296667 0.3325 0.04 0.0483333
0 0.390417 0.820417 0.0391667 0.0458333
0 0.624583 0.564583 0.0391667 0.0441667
0 0.25875 0.66375 0.0391667 0.0441667
0 0.98875 0.991667 0.0225 0.0166667
0 0.393333 0.872083 0.0416667 0.0425
0 0.5675 0.55625 0.045 0.0458333
0 0.645417 0.924167 0.0375 0.0416667
0 0.402083 0.07375 0.0375 0.0425
0 0.35875 0.25875 0.0408333 0.0391667
0 0.6975 0.899167 0.0366667 0.0433333
0 0.9625 0.229583 0.0383333 0.0425
0 0.492917 0.565833 0.0341667 0.0366667
0 0.217083 0.68625 0.0375 0.0408333
0 0.123333 0.780417 0.04 0.0441667
0 0.98625 0.349167 0.0275 0.0433333
0 0.862917 0.725417 0.0341667 0.0375
0 0.25 0.206667 0.0333333 0.035
0 0.625 0.410833 0.0366667 0.04
0 0.512917 0.185833 0.0325 0.035
0 0.0816667 0.444167 0.0333333 0.0366667
0 0.284583 0.9475 0.0358333 0.0383333
0 0.211667 0.9875 0.035 0.0233333
0 0.39 0.5025 0.03 0.03
0 0.0691667 0.623333 0.035 0.04
0 0.909583 0.333333 0.0408333 0.0433333
0 0.904167 0.226667 0.035 0.0383333
0 0.20375 0.0308333 0.0391667 0.04
0 0.652917 0.0741667 0.0358333 0.0416667
0 0.25125 0.0570833 0.0291667 0.0308333
0 0.01375 0.255833 0.0275 0.045
0 0.27 0.587083 0.035 0.0425
0 0.0679167 0.125417 0.0358333 0.0375
0 0.168333 0.57125 0.0283333 0.0308333
0 0.33 0.765833 0.0366667 0.04
0 0.107917 0.110417 0.0358333 0.0375
0 0.456667 0.727083 0.035 0.0408333
0 0.4425 0.242083 0.0366667 0.0441667
0 0.66375 0.165417 0.0375 0.0425
0 0.287083 0.422083 0.0358333 0.0391667
0 0.71 0.974167 0.035 0.04
0 0.623333 0.193333 0.035 0.0433333
0 0.797917 0.0358333 0.0325 0.035
0 0.834583 0.8 0.0375 0.0433333
0 0.546667 0.641667 0.035 0.04
0 0.94375 0.835 0.0291667 0.0316667
0 0.510417 0.0958333 0.0358333 0.0366667
0 0.144167 0.900417 0.0416667 0.0441667
0 0.906667 0.8225 0.0416667 0.0433333
0 0.525417 0.69125 0.0375 0.0375
0 0.833333 0.312917 0.0316667 0.0408333
0 0.960417 0.692917 0.0325 0.0341667
0 0.50125 0.125 0.0325 0.0333333
0 0.3925 0.0225 0.0333333 0.035
0 0.180417 0.938333 0.0375 0.04
0 0.971667 0.445833 0.0316667 0.0333333
0 0.885 0.85625 0.0366667 0.0408333
0 0.809167 0.40625 0.0366667 0.0425
0 0.357917 0.655 0.0358333 0.04
0 0.154583 0.744167 0.0341667 0.035
0 0.168333 0.679583 0.0366667 0.0441667
0 0.491667 0.463333 0.0383333 0.0416667
0 0.445417 0.481667 0.0358333 0.0416667
0 0.813333 0.260833 0.035 0.0383333
0 0.572917 0.415417 0.0375 0.0408333
0 0.01625 0.88375 0.0325 0.0408333
0 0.496667 0.369167 0.0383333 0.04
0 0.300833 0.235417 0.0366667 0.0375
0 0.0945833 0.962083 0.0325 0.0358333
0 0.21 0.593333 0.0333333 0.0383333
0 0.219583 0.767917 0.0391667 0.0425
0 0.666667 0.365833 0.0366667 0.0416667
0 0.537083 0.536667 0.0358333 0.04
0 0.544167 0.304583 0.0366667 0.0391667
0 0.189583 0.54 0.0341667 0.0366667
0 0.0829167 0.340833 0.0358333 0.0383333
0 0.387083 0.927083 0.0325 0.0341667
0 0.9175 0.7525 0.0383333 0.0433333
0 0.908333 0.105417 0.0316667 0.0341667
0 0.855417 0.41625 0.0375 0.0391667
0 0.0879167 0.666667 0.0308333 0.0333333
0 0.181667 0.34875 0.035 0.0375
0 0.277083 0.5275 0.0341667 0.0383333
0 0.1875 0.2275 0.0316667 0.0333333
0 0.439167 0.318333 0.035 0.0366667
0 0.577083 0.515833 0.0358333 0.0366667
0 0.461667 0.0441667 0.0316667 0.0316667
0 0.724583 0.333333 0.0341667 0.035
0 0.325417 0.4725 0.0358333 0.0383333
0 0.667083 0.484167 0.0341667 0.0383333
0 0.34875 0.79875 0.0325 0.0341667
0 0.0579167 0.939583 0.0275 0.0308333
0 0.313333 0.172083 0.0333333 0.0358333
0 0.961667 0.108333 0.03 0.0333333
0 0.95625 0.972917 0.0341667 0.0341667
0 0.307917 0.639167 0.0358333 0.0383333
0 0.97625 0.0641667 0.0358333 0.0366667
0 0.234167 0.2625 0.035 0.0366667
0 0.950417 0.35875 0.0341667 0.0358333
0 0.8925 0.724167 0.035 0.0383333
0 0.19125 0.84 0.0341667 0.0366667
0 0.08625 0.224167 0.0341667 0.0366667
0 0.309583 0.12875 0.0325 0.0325
0 0.267917 0.37875 0.0358333 0.0391667
0 0.0383333 0.3975 0.03 0.0316667
0 0.801667 0.15375 0.0316667 0.0341667
0 0.317917 0.384583 0.0325 0.0341667
0 0.164167 0.28875 0.0333333 0.0358333
0 0.735417 0.182083 0.0341667 0.0375
0 0.677083 0.305417 0.0325 0.0358333
0 0.894583 0.9875 0.0325 0.025
0 0.2075 0.425417 0.0333333 0.0341667
0 0.260833 0.765833 0.035 0.0383333
0 0.895833 0.152917 0.0316667 0.0341667
0 0.0466667 0.70875 0.035 0.0375
0 0.592083 0.490417 0.0308333 0.0325
0 0.441667 0.64125 0.035 0.0375
0 0.161667 0.0125 0.0333333 0.0233333
0 0.8475 0.2 0.0333333 0.035
0 0.22625 0.878333 0.0325 0.035
0 0.116667 0.567917 0.0333333 0.0341667
0 0.429167 0.12125 0.0316667 0.0325
0 0.765833 0.252083 0.0366667 0.0391667
0 0.720417 0.525 0.0341667 0.035
0 0.595833 0.107083 0.03 0.0325
0 0.337917 0.589167 0.0341667 0.04
0 0.380833 0.5725 0.0333333 0.035
0 0.97 0.789583 0.0316667 0.0358333
0 0.925417 0.711667 0.0308333 0.035
0 0.730417 0.446667 0.0341667 0.0366667
0 0.57 0.200417 0.0316667 0.0341667
0 0.0429167 0.744167 0.0325 0.035
0 0.6275 0.295 0.035 0.0366667
0 0.689167 0.22625 0.0316667 0.0358333
0 0.227083 0.125 0.0325 0.0333333
0 0.654583 0.268333 0.0375 0.0383333
0 0.140833 0.2175 0.035 0.0366667
0 0.1125 0.863333 0.035 0.0366667
0 0.763333 0.46375 0.03 0.0325
