0 0.9925 0.0133333 0.015 0.0266667
0 0.06 0.6175 0.035 0.0383333
0 0.837083 0.21375 0.0325 0.0375
0 0.943333 0.939167 0.0366667 0.04
0 0.815833 0.0125 0.04 0.025
0 0.855833 0.932083 0.0316667 0.0325
0 0.496667 0.5 0.0416667 0.0466667
0 0.77375 0.199583 0.0441667 0.0458333
0 0.005 0.0891667 0.01 0.0266667
0 0.66 0.356667 0.0316667 0.0366667
0 0.210417 0.682917 0.0408333 0.0425
0 0.386667 0.715417 0.0366667 0.0408333
0 0.87 0.783333 0.0316667 0.035
0 0.791667 0.857083 0.045 0.0475
0 0.339167 0.962917 0.0366667 0.0391667
0 0.681667 0.625 0.0383333 0.0433333
0 0.650417 0.231667 0.0391667 0.04
0 0.00708333 0.29875 0.0141667 0.0308333
0 0.234583 0.42875 0.0375 0.0441667
0 0.58125 0.965 0.0341667 0.0366667
0 0.870417 0.892917 0.0341667 0.0375
0 0.995 0.213333 0.01 0.0333333
0 0.563333 0.724583 0.0366667 0.0375
0 0.80625 0.504583 0.0308333 0.0341667
0 0.04625 0.715 0.0375 0.0433333
0 0.991667 0.272083 0.015 0.0358333
0 0.7075 0.801667 0.0333333 0.0366667
0 0.31625 0.652083 0.0425 0.0441667
0 0.3675 0.435 0.0383333 0.0433333
0 0.250833 0.541667 0.0366667 0.0416667
0 0.456667 0.52875 0.04 0.0425
0 0.200833 0.9075 0.035 0.0366667
0 0.757083 0.913333 0.0391667 0.045
0 0.1675 0.95125 0.04 0.0425
0 0.39 0.84875 0.0383333 0.0458333
0 0.0658333 0.877917 0.0416667 0.0441667
0 0.71 0.909167 0.0366667 0.0416667
0 0.808333 0.909167 0.04 0.0433333
0 0.79625 0.71375 0.0308333 0.0341667
0 0.84 0.7925 0.0333333 0.0383333
0 0.117917 0.600417 0.0408333 0.0425
0 0.633333 0.184583 0.0316667 0.0375
0 0.716667 0.24 0.04 0.0416667
0 0.863333 0.0129167 0.0383333 0.0258333
0 0.892917 0.92625 0.0391667 0.0475
0 0.418333 0.819583 0.0316667 0.0325
0 0.29 0.719583 0.0333333 0.0358333
0 0.0591667 0.329583 0.035 0.0375
0 0.851667 0.418333 0.0333333 0.0366667
0 0.252917 0.655417 0.0325 0.0325
0 0.403333 0.475833 0.0366667 0.0416667
0 0.47875 0.300417 0.0358333 0.0425
0 0.0145833 0.01875 0.0291667 0.0358333
0 0.447083 0.859167 0.0358333 0.04
0 0.220417 0.837083 0.0341667 0.0375
0 0.47125 0.347083 0.0391667 0.0425
0 0.813333 0.434583 0.0366667 0.0408333
0 0.635 0.920833 0.0366667 0.04
0 0.3125 0.587083 0.035 0.0391667
0 0.20125 0.557083 0.0375 0.0425
0 0.08125 0.15625 0.0358333 0.0391667
0 0.924583 0.52 0.0341667 0.0366667
0 0.617083 0.673333 0.0358333 0.0366667
0 0.30625 0.945 0.0391667 0.0416667
0 0.474583 0.65375 0.0358333 0.0375
0 0.23875 0.787917 0.0341667 0.0358333
0 0.70125 0.66625 0.0408333 0.0408333
0 0.480417 0.25125 0.0375 0.0391667
0 0.68625 0.469583 0.0358333 0.0391667
0 0.623333 0.362083 0.035 0.0391667
0 0.695417 0.205833 0.0308333 0.0333333
0 0.498333 0.835 0.0366667 0.0416667
0 0.635833 0.990833 0.035 0.0183333
0 0.745833 0.0570833 0.0366667 0.0425
0 0.71375 0.3175 0.0408333 0.0416667
0 0.125417 0.90625 0.0341667 0.0358333
0 0.6475 0.428333 0.0383333 0.04
0 0.978333 0.66125 0.0316667 0.0325
0 0.06375 0.189583 0.0308333 0.0325
0 0.512083 0.712917 0.0341667 0.0375
0 0.825833 0.348333 0.04 0.0483333
0 0.5 0.791667 0.0366667 0.04
0 0.844167 0.83625 0.0383333 0.0425
0 0.566667 0.618333 0.035 0.0383333
0 0.332083 0.0341667 0.0358333 0.04
0 0.3575 0.724167 0.0333333 0.0366667
0 0.73875 0.584167 0.0291667 0.0316667
0 0.740417 0.444167 0.0358333 0.0383333
0 0.202083 0.64625 0.0375 0.0408333
0 0.15125 0.5425 0.0391667 0.0416667
0 0.925 0.639583 0.0333333 0.0375
0 0.69 0.854583 0.0366667 0.0391667
0 0.854167 0.504583 0.0416667 0.0425
0 0.06125 0.1075 0.0358333 0.04
0 0.715833 0.3875 0.0366667 0.0416667
0 0.78625 0.5625 0.0358333 0.0416667
0 0.53375 0.57 0.0325 0.0366667
0 0.898333 0.53 0.03 0.0333333
0 0.702917 0.771667 0.0358333 0.0383333
0 0.581667 0.25125 0.035 0.0358333
0 0.876667 0.468333 0.0383333 0.0416667
0 0.76625 0.6575 0.0358333 0.0383333
0 0.458333 0.693333 0.035 0.0383333
0 0.4 0.531667 0.0333333 0.035
0 0.581667 0.882917 0.0366667 0.0408333
0 0.173333 0.884167 0.0366667 0.0416667
0 0.934167 0.0358333 0.035 0.04
0 0.917917 0.8 0.0341667 0.035
0 0.957917 0.797917 0.0325 0.0358333
0 0.324583 0.754167 0.0308333 0.0316667
0 0.25125 0.732917 0.0341667 0.0341667
0 0.98625 0.683333 0.0275 0.0316667
0 0.332083 0.880833 0.0375 0.0366667
0 0.14875 0.746667 0.0341667 0.035
0 0.979583 0.318333 0.0325 0.0383333
0 0.170833 0.489167 0.0316667 0.035
0 0.914167 0.309583 0.0366667 0.0408333
0 0.919167 0.40625 0.035 0.0375
0 0.368333 0.945833 0.035 0.0366667
0 0.640417 0.966667 0.0358333 0.0366667
0 0.391667 0.775 0.0333333 0.0383333
0 0.211667 0.0220833 0.0366667 0.0391667
0 0.642917 0.817917 0.0341667 0.0375
0 0.51125 0.975 0.0308333 0.0333333
0 0.651667 0.759583 0.0366667 0.0408333
0 0.912083 0.109167 0.0375 0.04
0 0.360833 0.0129167 0.0366667 0.0258333
0 0.166667 0.826667 0.0366667 0.0416667
0 0.871667 0.155833 0.0383333 0.04
0 0.759167 0.727917 0.0316667 0.0358333
0 0.8675 0.379167 0.035 0.0366667
0 0.0970833 0.737083 0.0341667 0.0375
0 0.11 0.78625 0.0316667 0.0341667
0 0.102917 0.662083 0.0325 0.0375
0 0.56625 0.375833 0.0341667 0.035
0 0.24375 0.85875 0.0341667 0.0375
0 0.905417 0.84 0.0375 0.04
0 0.7775 0.2975 0.035 0.0383333
0 0.271667 0.45875 0.035 0.0375
0 0.0554167 0.98875 0.0375 0.0208333
0 0.0158333 0.802083 0.03 0.0325
0 0.98125 0.620417 0.0308333 0.0341667
0 0.112917 0.0395833 0.0358333 0.0375
0 0.383333 0.605417 0.0316667 0.0341667
0 0.858333 0.614583 0.03 0.0341667
0 0.0516667 0.81 0.0333333 0.0383333
0 0.794583 0.09125 0.0375 0.0391667
0 0.79875 0.614167 0.0341667 0.0366667
0 0.142917 0.12125 0.0325 0.0341667
0 0.827917 0.66125 0.0308333 0.0341667
0 0.792083 0.77375 0.0341667 0.0358333
0 0.44 0.95375 0.0316667 0.0325
0 0.14125 0.640833 0.0341667 0.04
0 0.682083 0.581667 0.0358333 0.0366667
0 0.929167 0.357083 0.0333333 0.0358333
0 0.904583 0.731667 0.0325 0.035
0 0.758333 0.815 0.0366667 0.0383333
0 0.8675 0.719167 0.035 0.0383333
0 0.685 0.732083 0.0333333 0.0358333
0 0.915 0.896667 0.035 0.04
0 0.9825 0.109583 0.03 0.0325
0 0.982083 0.451667 0.0325 0.035
0 0.02125 0.645833 0.0358333 0.0383333
0 0.986667 0.726667 0.0266667 0.035
0 0.42875 0.92125 0.0291667 0.0308333
0 0.985417 0.49625 0.0291667 0.0358333
0 0.20125 0.111667 0.0341667 0.035
0 0.872917 0.278333 0.0325 0.035
0 0.6 0.599583 0.0333333 0.0341667
0 0.736667 0.535 0.035 0.0383333
0 0.50375 0.901667 0.0325 0.035
0 0.0358333 0.90375 0.0333333 0.0375
0 0.597917 0.561667 0.0341667 0.0366667
0 0.325417 0.801667 0.0341667 0.0366667
0 0.879583 0.574167 0.0358333 0.04
0 0.476667 0.5925 0.03 0.0316667
0 0.885417 0.437083 0.0325 0.0358333
0 0.635833 0.509167 0.0316667 0.0316667
0 0.983333 0.559167 0.0316667 0.0333333
0 0.0179167 0.865417 0.0325 0.0358333
