0 0.568333 0.278333 0.025 0.025
0 0.414583 0.512917 0.0408333 0.0491667
0 0.248333 0.71 0.025 0.0266667
0 0.816667 0.685833 0.0383333 0.045
0 0.294167 0.442083 0.0416667 0.0441667
0 0.0116667 0.960417 0.0233333 0.0291667
0 0.5275 0.0216667 0.0316667 0.035
0 0.214583 0.397917 0.0291667 0.0325
0 0.634167 0.403333 0.0433333 0.0416667
0 0.365833 0.13 0.0433333 0.0533333
0 0.258333 0.21875 0.0316667 0.0341667
0 0.0883333 0.817083 0.04 0.0491667
0 0.43375 0.989583 0.0275 0.0208333
0 0.129583 0.779167 0.0408333 0.05
0 0.405 0.32625 0.0383333 0.0475
0 0.360417 0.3425 0.0408333 0.0416667
0 0.536667 0.57625 0.0366667 0.0458333
0 0.859583 0.7125 0.0408333 0.0433333
0 0.737083 0.160833 0.0375 0.0416667
0 0.719583 0.690417 0.0375 0.0425
0 0.114167 0.299167 0.04 0.05
0 0.18125 0.0991667 0.0408333 0.0483333
0 0.4975 0.510833 0.0416667 0.0483333
0 0.922917 0.165833 0.0408333 0.0416667
0 0.885833 0.0641667 0.0283333 0.03
0 0.306667 0.12125 0.0283333 0.0308333
0 0.1875 0.21375 0.0433333 0.0491667
0 0.497917 0.409583 0.0408333 0.0458333
0 0.692917 0.0479167 0.0375 0.0391667
0 0.0695833 0.614583 0.0241667 0.0275
0 0.0616667 0.654583 0.0383333 0.0475
0 0.24 0.51625 0.0433333 0.0458333
0 0.622917 0.233333 0.0408333 0.0516667
0 0.223333 0.221667 0.0333333 0.0366667
0 0.565 0.96125 0.035 0.0408333
0 0.37125 0.424167 0.0325 0.035
0 0.2025 0.562083 0.0366667 0.0391667
0 0.462917 0.31 0.0408333 0.0433333
0 0.2875 0.210417 0.0333333 0.0358333
0 0.67125 0.44875 0.0358333 0.0425
0 0.71 0.0983333 0.035 0.0383333
0 0.8975 0.571667 0.0366667 0.0383333
0 0.160417 0.135417 0.0358333 0.0408333
0 0.615833 0.0629167 0.0316667 0.0341667
0 0.375417 0.02 0.0358333 0.0366667
0 0.25375 0.0816667 0.0425 0.0483333
0 0.4375 0.2675 0.035 0.0416667
0 0.901667 0.837917 0.035 0.0425
0 0.605417 0.947917 0.0341667 0.0391667
0 0.0158333 0.0133333 0.0316667 0.0266667
0 0.655 0.0616667 0.035 0.0366667
0 0.590833 0.862917 0.0366667 0.0425
0 0.943333 0.55125 0.035 0.0358333
0 0.936667 0.617917 0.04 0.0425
0 0.515 0.895 0.04 0.0416667
0 0.02125 0.604167 0.0325 0.035
0 0.31125 0.0104167 0.0375 0.0208333
0 0.0358333 0.0991667 0.0366667 0.04
0 0.105833 0.785417 0.03 0.0341667
0 0.171667 0.06 0.035 0.035
0 0.524583 0.4775 0.0391667 0.0483333
0 0.343333 0.247917 0.0316667 0.0341667
0 0.7375 0.937917 0.0366667 0.0391667
0 0.370417 0.555417 0.0341667 0.0375
0 0.7175 0.20875 0.0366667 0.0441667
0 0.162083 0.703333 0.0375 0.0416667
0 0.958333 0.214583 0.0333333 0.0375
0 0.928333 0.73875 0.0383333 0.0408333
0 0.6825 0.259167 0.035 0.0383333
0 0.959583 0.0166667 0.0358333 0.0333333
0 0.73375 0.87625 0.0358333 0.0441667
0 0.55375 0.0366667 0.0308333 0.0316667
0 0.385833 0.972917 0.0366667 0.0391667
0 0.120833 0.720833 0.03 0.0316667
0 0.445 0.971667 0.03 0.0333333
0 0.869167 0.93625 0.03 0.0341667
0 0.307917 0.0608333 0.0325 0.0366667
0 0.970833 0.137917 0.04 0.0425
0 0.43 0.19375 0.0366667 0.0458333
0 0.569167 0.217083 0.0383333 0.0391667
0 0.06375 0.33875 0.0375 0.0425
0 0.776667 0.224583 0.035 0.0391667
0 0.785 0.1175 0.0316667 0.035
0 0.294167 0.345417 0.0383333 0.0408333
0 0.418333 0.0854167 0.0383333 0.0425
0 0.392917 0.459583 0.0358333 0.0375
0 0.497917 0.256667 0.0358333 0.04
0 0.705833 0.81125 0.0366667 0.0425
0 0.243333 0.61375 0.0366667 0.0391667
0 0.204167 0.0333333 0.0366667 0.0416667
0 0.474167 0.222083 0.03 0.0308333
0 0.984167 0.77 0.0316667 0.04
0 0.3175 0.630417 0.0383333 0.0408333
0 0.19125 0.4875 0.0375 0.04
0 0.0954167 0.39375 0.0358333 0.0375
0 0.03125 0.50625 0.0375 0.0408333
0 0.59 0.471667 0.0333333 0.035
0 0.0158333 0.215417 0.0316667 0.0391667
0 0.0104167 0.277917 0.0208333 0.0391667
0 0.955417 0.657917 0.0341667 0.0358333
0 0.72 0.329583 0.0366667 0.0408333
0 0.30875 0.169167 0.0341667 0.035
0 0.702917 0.384583 0.0358333 0.0375
0 0.602917 0.33875 0.0358333 0.0408333
0 0.86875 0.0145833 0.0325 0.0291667
0 0.756667 0.407917 0.03 0.0308333
0 0.695417 0.76625 0.0325 0.0358333
0 0.81 0.025 0.03 0.0333333
0 0.109583 0.229167 0.0391667 0.0433333
0 0.856667 0.892917 0.035 0.0341667
0 0.867917 0.795417 0.0391667 0.0408333
0 0.755833 0.0529167 0.035 0.0375
0 0.0554167 0.585417 0.0325 0.0341667
0 0.91875 0.0908333 0.0341667 0.0366667
0 0.233333 0.36375 0.0366667 0.0408333
0 0.04 0.547917 0.0366667 0.0391667
0 0.161667 0.308333 0.035 0.0383333
0 0.314583 0.49375 0.0358333 0.0391667
0 0.344167 0.560833 0.0316667 0.035
0 0.21625 0.284167 0.0341667 0.0366667
0 0.457917 0.35125 0.0358333 0.0375
0 0.27375 0.670417 0.0341667 0.0375
0 0.0370833 0.431667 0.0375 0.0416667
0 0.0145833 0.36625 0.0291667 0.0358333
0 0.123333 0.659583 0.035 0.0358333
0 0.437083 0.0516667 0.0358333 0.0366667
0 0.335833 0.305 0.0333333 0.0366667
0 0.835 0.13125 0.0316667 0.0325
0 0.982917 0.879167 0.0325 0.0333333
0 0.0933333 0.15625 0.035 0.0375
0 0.0654167 0.0691667 0.0308333 0.0316667
0 0.358333 0.4825 0.035 0.0383333
0 0.364167 0.67125 0.0333333 0.0358333
0 0.5825 0.91 0.0333333 0.0366667
0 0.164167 0.399167 0.0316667 0.0333333
0 0.165 0.612917 0.035 0.0375
0 0.15375 0.245417 0.0358333 0.0408333
0 0.576667 0.106667 0.0316667 0.0333333
0 0.98375 0.985417 0.0275 0.0258333
0 0.0783333 0.56 0.0333333 0.0366667
0 0.27 0.280417 0.0333333 0.0341667
0 0.297917 0.748333 0.0358333 0.0383333
0 0.549167 0.101667 0.035 0.0383333
0 0.675833 0.987917 0.0316667 0.0225
0 0.659167 0.90125 0.035 0.0358333
0 0.0725 0.0133333 0.0333333 0.0266667
0 0.255417 0.0370833 0.0358333 0.0375
0 0.808333 0.194167 0.0316667 0.0316667
0 0.20375 0.69375 0.0325 0.0341667
0 0.141667 0.452917 0.035 0.0375
0 0.668333 0.0216667 0.0333333 0.0366667
0 0.4625 0.146667 0.035 0.0383333
0 0.497917 0.0229167 0.0341667 0.0375
0 0.14875 0.570833 0.0308333 0.0333333
0 0.08 0.268333 0.0366667 0.0383333
0 0.639167 0.18125 0.03 0.0325
0 0.82625 0.0833333 0.0325 0.035
0 0.42375 0.415 0.0341667 0.035
0 0.54625 0.31375 0.0341667 0.0358333
0 0.873333 0.2375 0.0333333 0.035
0 0.65375 0.130833 0.0325 0.035
0 0.4 0.61625 0.0333333 0.0358333
