0 0.59 0.560417 0.0333333 0.0358333
0 0.540417 0.749583 0.0341667 0.0375
0 0.603333 0.114167 0.0216667 0.0233333
0 0.48625 0.91375 0.0325 0.0325
0 0.882917 0.13125 0.0341667 0.0391667
0 0.298333 0.785 0.035 0.04
0 0.376667 0.615 0.0366667 0.0466667
0 0.795833 0.619167 0.0433333 0.045
0 0.2675 0.6775 0.0366667 0.0383333
0 0.2575 0.547083 0.0416667 0.0508333
0 0.59375 0.02375 0.0341667 0.0391667
0 0.0929167 0.959583 0.0325 0.0325
0 0.880833 0.045 0.0333333 0.04
0 0.05 0.632083 0.0333333 0.0358333
0 0.0633333 0.568333 0.0416667 0.045
0 0.724167 0.0133333 0.0366667 0.0266667
0 0.6775 0.8 0.035 0.0366667
0 0.517083 0.387083 0.0408333 0.0425
0 0.435 0.119167 0.0383333 0.04
0 0.185 0.935 0.0366667 0.045
0 0.385 0.310417 0.0416667 0.0408333
0 0.647083 0.805 0.0391667 0.0416667
0 0.885 0.501667 0.0383333 0.04
0 0.420417 0.977917 0.0391667 0.0391667
0 0.714167 0.272917 0.0366667 0.0375
0 0.0604167 0.660833 0.0308333 0.0316667
0 0.420417 0.655 0.0341667 0.0366667
0 0.02875 0.699167 0.0408333 0.0483333
0 0.33875 0.66375 0.0308333 0.0325
0 0.49125 0.246667 0.0358333 0.0416667
0 0.45625 0.86875 0.0391667 0.0425
0 0.572083 0.828333 0.0375 0.0416667
0 0.805417 0.383333 0.0291667 0.0316667
0 0.191667 0.391667 0.035 0.0416667
0 0.17375 0.452083 0.0408333 0.0441667
0 0.841667 0.71375 0.0383333 0.0441667
0 0.327917 0.573333 0.0408333 0.0416667
0 0.550833 0.400417 0.035 0.0375
0 0.384583 0.925833 0.0375 0.0416667
0 0.530417 0.134583 0.0375 0.0391667
0 0.155417 0.704167 0.0375 0.045
0 0.75375 0.895417 0.0325 0.0341667
0 0.484167 0.177917 0.0366667 0.0408333
0 0.994583 0.970833 0.0108333 0.0333333
0 0.475 0.78875 0.0366667 0.0375
0 0.974583 0.50125 0.0341667 0.0391667
0 0.522083 0.620417 0.0375 0.0408333
0 0.304167 0.693333 0.0366667 0.0383333
0 0.654583 0.275833 0.0341667 0.0366667
0 0.723333 0.369583 0.0366667 0.0425
0 0.790417 0.342917 0.0308333 0.0341667
0 0.709167 0.932083 0.035 0.0375
0 0.293333 0.932083 0.0283333 0.0308333
0 0.84875 0.770833 0.0375 0.045
0 0.407083 0.435417 0.0358333 0.0408333
0 0.470417 0.74375 0.0375 0.0441667
0 0.601667 0.4875 0.0383333 0.04
0 0.58 0.3325 0.0366667 0.04
0 0.920417 0.220417 0.0291667 0.0308333
0 0.647917 0.39625 0.0375 0.0425
0 0.510833 0.842083 0.0366667 0.0391667
0 0.661667 0.910833 0.0416667 0.045
0 0.907083 0.304167 0.0325 0.035
0 0.889167 0.96625 0.035 0.0375
0 0.769583 0.50875 0.0358333 0.0375
0 0.438333 0.36 0.0366667 0.0416667
0 0.6 0.857917 0.0366667 0.0408333
0 0.133333 0.52875 0.0316667 0.0358333
0 0.614167 0.258333 0.0366667 0.04
0 0.90375 0.832083 0.0408333 0.0441667
0 0.405417 0.544167 0.0308333 0.035
0 0.104167 0.0279167 0.0366667 0.0408333
0 0.641667 0.65 0.0283333 0.03
0 0.722083 0.98625 0.0375 0.0275
0 0.834167 0.50125 0.035 0.0375
0 0.945417 0.0170833 0.0275 0.0291667
0 0.112917 0.922083 0.0375 0.0408333
0 0.0279167 0.865417 0.0358333 0.0375
0 0.50125 0.542083 0.0341667 0.0375
0 0.180417 0.89875 0.0391667 0.0425
0 0.364583 0.7125 0.0391667 0.0433333
0 0.30375 0.83 0.0375 0.0416667
0 0.183333 0.653333 0.0366667 0.04
0 0.98 0.401667 0.0366667 0.045
0 0.42875 0.17125 0.0308333 0.0325
0 0.752917 0.239583 0.0325 0.0358333
0 0.413333 0.760833 0.0366667 0.0433333
0 0.183333 0.00958333 0.0316667 0.0191667
0 0.02625 0.0291667 0.0358333 0.0433333
0 0.231667 0.377083 0.0366667 0.0408333
0 0.795833 0.46875 0.0333333 0.0341667
0 0.700417 0.0795833 0.0358333 0.0375
0 0.24875 0.424167 0.0391667 0.04
0 0.24125 0.4625 0.0375 0.04
0 0.33375 0.31625 0.0375 0.0408333
0 0.505 0.0675 0.0283333 0.03
0 0.991667 0.779167 0.0166667 0.035
0 0.33625 0.372083 0.0325 0.0341667
0 0.2275 0.0175 0.0333333 0.035
0 0.549583 0.868333 0.0358333 0.04
0 0.245833 0.502917 0.0333333 0.0341667
0 0.4825 0.399167 0.0333333 0.0366667
0 0.28 0.6425 0.04 0.045
0 0.575 0.444167 0.035 0.0366667
0 0.384167 0.880417 0.0366667 0.0391667
0 0.659583 0.226667 0.0358333 0.04
0 0.23375 0.870417 0.0391667 0.0425
0 0.634583 0.5725 0.0375 0.04
0 0.36625 0.462917 0.0375 0.0408333
0 0.0241667 0.539583 0.0333333 0.0358333
0 0.711667 0.830417 0.0333333 0.0375
0 0.10625 0.752083 0.0375 0.0408333
0 0.28125 0.492083 0.0375 0.0408333
0 0.105 0.6 0.0366667 0.0433333
0 0.347083 0.522083 0.0341667 0.0358333
0 0.49625 0.322917 0.0375 0.0391667
0 0.598333 0.9625 0.03 0.0316667
0 0.0541667 0.836667 0.035 0.0366667
0 0.73125 0.76625 0.0391667 0.0425
0 0.569583 0.73375 0.0341667 0.0408333
0 0.307083 0.99125 0.0341667 0.0175
0 0.39875 0.35 0.0375 0.04
0 0.573333 0.10125 0.0333333 0.0358333
0 0.598333 0.705 0.035 0.0366667
0 0.44625 0.246667 0.0358333 0.0366667
0 0.56375 0.665833 0.0325 0.035
0 0.537917 0.900833 0.0325 0.0333333
0 0.971667 0.453333 0.035 0.0366667
0 0.775417 0.71125 0.0341667 0.0358333
0 0.743333 0.927083 0.035 0.0408333
0 0.642083 0.148333 0.0375 0.0383333
0 0.44375 0.485833 0.0308333 0.0333333
0 0.545417 0.285417 0.0341667 0.0391667
0 0.952917 0.17375 0.0341667 0.0375
0 0.38 0.565833 0.035 0.0366667
0 0.517083 0.49625 0.0325 0.0341667
0 0.605 0.91625 0.0366667 0.0391667
0 0.115 0.85375 0.0366667 0.0391667
0 0.550833 0.214167 0.035 0.0366667
0 0.895 0.989167 0.0283333 0.0216667
0 0.412917 0.625833 0.0308333 0.0333333
0 0.7375 0.32625 0.03 0.0308333
0 0.951667 0.120417 0.03 0.0308333
0 0.592083 0.766667 0.0291667 0.03
0 0.123333 0.11375 0.03 0.0308333
0 0.884583 0.356667 0.0341667 0.035
0 0.901667 0.63 0.035 0.0383333
0 0.565417 0.168333 0.0341667 0.0383333
0 0.49875 0.654167 0.0358333 0.0383333
0 0.204167 0.72125 0.035 0.0375
0 0.97875 0.835833 0.0375 0.0383333
0 0.229583 0.599167 0.0358333 0.04
0 0.613333 0.146667 0.0333333 0.035
0 0.203333 0.514167 0.0366667 0.0366667
0 0.900833 0.247917 0.0333333 0.0341667
0 0.160417 0.482083 0.0325 0.0341667
0 0.17625 0.606667 0.0375 0.0383333
0 0.75125 0.62625 0.0341667 0.0358333
0 0.939167 0.785417 0.0333333 0.0375
0 0.41625 0.493333 0.0341667 0.035
0 0.965417 0.97375 0.0291667 0.0308333
0 0.815833 0.304167 0.0316667 0.0333333
0 0.947917 0.311667 0.0308333 0.0333333
0 0.09875 0.65625 0.0358333 0.0375
0 0.102083 0.525 0.0308333 0.0333333
0 0.496667 0.45125 0.0333333 0.0358333
0 0.844167 0.91125 0.0316667 0.0341667
0 0.321667 0.749583 0.0366667 0.0391667
0 0.823333 0.11375 0.0333333 0.0358333
0 0.680417 0.148333 0.0341667 0.0366667
0 0.913333 0.05375 0.0333333 0.0358333
0 0.39 0.80875 0.0316667 0.0341667
0 0.86375 0.448333 0.0358333 0.0366667
0 0.918333 0.866667 0.0333333 0.035
0 0.779583 0.682917 0.0325 0.0358333
0 0.682917 0.98375 0.0341667 0.0325
0 0.314583 0.615833 0.0325 0.0333333
0 0.27 0.37875 0.035 0.0391667
0 0.854583 0.877083 0.0325 0.0358333
0 0.794167 0.977917 0.0333333 0.0341667
0 0.779167 0.13375 0.0316667 0.0325
0 0.638333 0.305417 0.03 0.0308333
0 0.695417 0.229583 0.0325 0.0325
0 0.85625 0.8225 0.0341667 0.0333333
0 0.970417 0.897917 0.0325 0.0341667
0 0.77625 0.84875 0.0341667 0.0358333
0 0.674167 0.507083 0.03 0.0308333
0 0.817917 0.8375 0.0358333 0.04
0 0.90875 0.7675 0.0308333 0.0333333
0 0.924167 0.94 0.0333333 0.035
0 0.98 0.939167 0.0333333 0.035
