0 0.30375 0.217917 0.0425 0.0508333
0 0.437917 0.5225 0.0358333 0.0366667
0 0.682917 0.968333 0.0325 0.035
0 0.00791667 0.465833 0.0158333 0.035
0 0.0133333 0.528333 0.0266667 0.04
0 0.34875 0.425833 0.0375 0.0366667
0 0.322083 0.5025 0.0425 0.0483333
0 0.391667 0.435833 0.0433333 0.045
0 0.257917 0.27875 0.0375 0.0408333
0 0.675 0.875 0.0483333 0.05
0 0.689583 0.917917 0.0391667 0.0508333
0 0.68 0.9925 0.0316667 0.015
0 0.121667 0.621667 0.0416667 0.0466667
0 0.20125 0.808333 0.0375 0.04
0 0.2125 0.675833 0.0316667 0.035
0 0.22 0.346667 0.0433333 0.0516667
0 0.32875 0.582917 0.0308333 0.0341667
0 0.111667 0.665833 0.035 0.04
0 0.372083 0.474167 0.0408333 0.0433333
0 0.295417 0.4025 0.0341667 0.0383333
0 0.485833 0.353333 0.0366667 0.04
0 0.295 0.311667 0.0366667 0.045
0 0.702917 0.8425 0.0375 0.04
0 0.349167 0.297083 0.0366667 0.0425
0 0.182083 0.0945833 0.0408333 0.0425
0 0.609167 0.861667 0.0416667 0.045
0 0.0820833 0.3225 0.0425 0.0466667
0 0.38875 0.633333 0.0308333 0.0333333
0 0.0425 0.557083 0.04 0.0458333
0 0.80125 0.839167 0.0391667 0.04
0 0.2575 0.382083 0.0383333 0.0441667
0 0.0420833 0.4575 0.0391667 0.0466667
0 0.114167 0.134583 0.035 0.0391667
0 0.32375 0.353333 0.0358333 0.0433333
0 0.146667 0.690833 0.0366667 0.04
0 0.14125 0.172083 0.0375 0.0391667
0 0.461667 0.981667 0.0333333 0.035
0 0.281667 0.532083 0.0383333 0.0441667
0 0.12375 0.398333 0.0375 0.04
0 0.0404167 0.242083 0.0358333 0.0375
0 0.128333 0.92625 0.0333333 0.0391667
0 0.229167 0.2275 0.04 0.045
0 0.155 0.545833 0.04 0.045
0 0.0404167 0.7475 0.0341667 0.0366667
0 0.279167 0.671667 0.035 0.0366667
0 0.1625 0.456667 0.0366667 0.0433333
0 0.0104167 0.780417 0.0208333 0.0375
0 0.08 0.170833 0.0316667 0.035
0 0.01625 0.0583333 0.0308333 0.0333333
0 0.0879167 0.375417 0.0375 0.0425
0 0.197083 0.525833 0.0325 0.0333333
0 0.10875 0.239167 0.0325 0.035
0 0.132917 0.756667 0.0375 0.04
0 0.2525 0.559583 0.0383333 0.0441667
0 0.0229167 0.363333 0.0325 0.035
0 0.0116667 0.612917 0.0233333 0.0358333
0 0.105417 0.7075 0.0358333 0.04
0 0.538333 0.93125 0.0333333 0.0358333
0 0.2625 0.61375 0.035 0.0391667
0 0.21875 0.43625 0.0375 0.0391667
0 0.217083 0.743333 0.0358333 0.0383333
0 0.0575 0.898333 0.035 0.0383333
0 0.7575 0.935417 0.035 0.0375
0 0.025 0.31 0.0366667 0.0416667
0 0.0354167 0.854167 0.0358333 0.0383333
0 0.722083 0.970833 0.0308333 0.0333333
0 0.49375 0.900417 0.0325 0.0358333
0 0.0158333 0.1325 0.03 0.0333333
0 0.324583 0.635833 0.0325 0.035
0 0.115833 0.479583 0.0333333 0.0358333
0 0.152917 0.845 0.0308333 0.0333333
0 0.21125 0.180417 0.0325 0.0341667
0 0.06125 0.102083 0.0341667 0.0358333
0 0.150417 0.237083 0.0341667 0.0358333
0 0.119583 0.289167 0.0341667 0.035
0 0.5475 0.96 0.035 0.035
0 0.0116667 0.970417 0.0233333 0.0341667
