0 0.407083 0.582083 0.0291667 0.0308333
0 0.778333 0.320417 0.0333333 0.0341667
0 0.169167 0.910833 0.0233333 0.0233333
0 0.08375 0.850417 0.0258333 0.0291667
0 0.490833 0.440833 0.0316667 0.0333333
0 0.0370833 0.954167 0.0341667 0.0366667
0 0.5225 0.995417 0.0233333 0.00916667
0 0.862917 0.132917 0.0375 0.0408333
0 0.265833 0.577917 0.035 0.0358333
0 0.598333 0.6625 0.0333333 0.0333333
0 0.305 0.619583 0.035 0.0425
0 0.352083 0.295833 0.0408333 0.0416667
0 0.55 0.180417 0.0366667 0.0408333
0 0.3775 0.66 0.03 0.03
0 0.5175 0.23625 0.0283333 0.0291667
0 0.375 0.193333 0.0233333 0.025
0 0.701667 0.118333 0.0366667 0.0416667
0 0.143333 0.889167 0.04 0.0433333
0 0.91375 0.454167 0.0208333 0.0216667
0 0.377083 0.59 0.0341667 0.0383333
0 0.0283333 0.504583 0.0266667 0.0291667
0 0.126667 0.84375 0.0383333 0.0425
0 0.431667 0.82375 0.0283333 0.0308333
0 0.618333 0.299583 0.0333333 0.0358333
0 0.843333 0.603333 0.02 0.02
0 0.759583 0.41 0.0225 0.0233333
0 0.603333 0.804583 0.035 0.0391667
0 0.229167 0.774583 0.035 0.0391667
0 0.565 0.326667 0.025 0.0266667
0 0.576667 0.419167 0.0383333 0.0416667
0 0.524583 0.555833 0.0358333 0.04
0 0.473333 0.631667 0.0366667 0.0383333
0 0.4675 0.535833 0.035 0.04
0 0.305417 0.479167 0.0275 0.0283333
0 0.874583 0.858333 0.0358333 0.0366667
0 0.465417 0.694167 0.0341667 0.0333333
0 0.733333 0.895 0.0316667 0.0333333
0 0.978333 0.0870833 0.0366667 0.0391667
0 0.492083 0.204167 0.0358333 0.0383333
0 0.844583 0.0145833 0.0358333 0.0291667
0 0.954583 0.699583 0.0375 0.0408333
0 0.678333 0.0154167 0.0333333 0.0308333
0 0.637083 0.215833 0.0358333 0.0383333
0 0.985417 0.604167 0.0291667 0.0366667
0 0.835 0.57125 0.035 0.0358333
0 0.722917 0.983333 0.0358333 0.0333333
0 0.825 0.427917 0.0333333 0.0341667
0 0.335833 0.67625 0.035 0.0375
0 0.641667 0.115833 0.035 0.04
0 0.0608333 0.629167 0.0316667 0.0333333
0 0.685833 0.4425 0.0383333 0.0383333
0 0.61 0.445 0.0283333 0.0316667
0 0.380417 0.754583 0.0341667 0.0375
0 0.720417 0.0616667 0.0375 0.045
0 0.5625 0.930833 0.0283333 0.0283333
0 0.66625 0.279167 0.0375 0.0416667
0 0.739167 0.701667 0.0316667 0.0333333
0 0.217917 0.600833 0.0308333 0.0333333
0 0.399583 0.329167 0.0358333 0.0383333
0 0.739583 0.46375 0.0358333 0.0358333
0 0.407083 0.95625 0.0275 0.0308333
0 0.572917 0.29375 0.0291667 0.0308333
0 0.87125 0.312083 0.0341667 0.0358333
0 0.284167 0.811667 0.035 0.0383333
0 0.883333 0.4225 0.035 0.0383333
0 0.957917 0.557083 0.0258333 0.0325
0 0.29875 0.67 0.0358333 0.04
0 0.967083 0.49625 0.0291667 0.0341667
0 0.64375 0.419167 0.0275 0.0283333
0 0.100417 0.907917 0.0325 0.0358333
0 0.783333 0.0154167 0.0366667 0.0308333
0 0.65 0.731667 0.0333333 0.0366667
0 0.923333 0.0208333 0.0316667 0.0333333
0 0.790833 0.802083 0.0333333 0.0341667
0 0.417917 0.19125 0.0341667 0.0375
0 0.462917 0.795 0.0241667 0.0233333
0 0.2575 0.969583 0.02 0.0191667
0 0.80375 0.15375 0.0325 0.0341667
0 0.984167 0.41125 0.0316667 0.0391667
0 0.0570833 0.812083 0.0258333 0.0258333
0 0.140833 0.580417 0.04 0.0458333
0 0.532917 0.3375 0.0325 0.035
0 0.550833 0.988333 0.02 0.02
0 0.755 0.575417 0.0416667 0.0408333
0 0.815833 0.76875 0.03 0.0325
0 0.29125 0.52125 0.0358333 0.0358333
0 0.613333 0.171667 0.035 0.0366667
0 0.562083 0.669167 0.0358333 0.0366667
0 0.620417 0.372083 0.0341667 0.0358333
0 0.38625 0.892917 0.0325 0.0325
0 0.128333 0.973333 0.0333333 0.0383333
0 0.643333 0.0370833 0.0366667 0.0391667
0 0.736667 0.76375 0.03 0.0325
0 0.7925 0.0929167 0.0333333 0.0375
0 0.484583 0.299583 0.0341667 0.0341667
0 0.617917 0.601667 0.0225 0.025
0 0.0716667 0.534583 0.0333333 0.0358333
0 0.25 0.705833 0.0333333 0.035
0 0.254167 0.897917 0.03 0.0325
0 0.47625 0.977083 0.0191667 0.0208333
0 0.724167 0.258333 0.0333333 0.0333333
0 0.170417 0.75625 0.0308333 0.0325
0 0.60875 0.912083 0.0258333 0.0258333
0 0.315833 0.570833 0.03 0.03
0 0.206667 0.948333 0.0233333 0.0233333
0 0.27625 0.377083 0.0358333 0.0375
0 0.82875 0.345833 0.0308333 0.0316667
0 0.650833 0.346667 0.03 0.03
0 0.943333 0.09875 0.0316667 0.0341667
0 0.445417 0.952917 0.0308333 0.0325
0 0.3825 0.83375 0.0233333 0.0258333
0 0.787083 0.900833 0.0325 0.0333333
0 0.7025 0.639583 0.03 0.0325
0 0.602917 0.0725 0.0358333 0.04
0 0.68625 0.832917 0.0358333 0.0375
0 0.0179167 0.8625 0.0291667 0.03
0 0.970833 0.63375 0.0333333 0.0375
0 0.16 0.70875 0.0333333 0.0325
0 0.391667 0.695833 0.0266667 0.0266667
0 0.635 0.80875 0.0316667 0.0325
0 0.829167 0.689167 0.035 0.0383333
0 0.233333 0.84375 0.0316667 0.0325
0 0.0133333 0.801667 0.0266667 0.0316667
0 0.495 0.910417 0.0316667 0.0341667
0 0.966667 0.168333 0.0283333 0.0283333
0 0.36875 0.5275 0.0275 0.0283333
0 0.739167 0.184583 0.0316667 0.0325
0 0.949167 0.01125 0.0316667 0.0208333
0 0.40125 0.4325 0.0308333 0.0316667
0 0.527083 0.71125 0.0291667 0.0291667
0 0.531667 0.835833 0.0333333 0.0333333
0 0.595 0.259167 0.0333333 0.0333333
0 0.865417 0.385417 0.0308333 0.0341667
0 0.65875 0.628333 0.0341667 0.035
0 0.44 0.358333 0.035 0.0366667
0 0.201667 0.881667 0.03 0.0316667
0 0.0516667 0.892917 0.0266667 0.0275
0 0.397083 0.491667 0.0275 0.0283333
0 0.315417 0.88875 0.0308333 0.0325
0 0.305833 0.97625 0.0283333 0.0325
0 0.830417 0.239583 0.0308333 0.0325
0 0.822083 0.49875 0.0341667 0.0341667
0 0.121667 0.769583 0.0333333 0.0341667
0 0.550833 0.789167 0.025 0.025
0 0.712083 0.310417 0.0241667 0.0241667
0 0.885833 0.0379167 0.0283333 0.0308333
0 0.44375 0.872083 0.0291667 0.0291667
0 0.384167 0.80875 0.03 0.0308333
0 0.585833 0.74125 0.0316667 0.0325
0 0.6825 0.683333 0.03 0.0316667
0 0.905417 0.5675 0.0308333 0.03
0 0.0425 0.664167 0.0333333 0.035
0 0.65125 0.905417 0.0308333 0.0308333
0 0.805833 0.295 0.03 0.0316667
0 0.326667 0.357083 0.0333333 0.0358333
0 0.887917 0.245417 0.0325 0.0341667
0 0.927917 0.312917 0.0325 0.0341667
0 0.0333333 0.735833 0.03 0.0316667
0 0.481667 0.507083 0.0283333 0.0291667
0 0.695 0.381667 0.0316667 0.0316667
0 0.564167 0.479583 0.0316667 0.0325
0 0.24875 0.4325 0.0258333 0.0266667
0 0.741667 0.222083 0.03 0.0325
0 0.93125 0.18625 0.0325 0.0325
0 0.985417 0.0170833 0.0291667 0.0341667
0 0.242917 0.489583 0.0308333 0.0341667
0 0.977083 0.28125 0.0291667 0.0308333
0 0.174167 0.975417 0.0283333 0.0275
0 0.555417 0.957083 0.0258333 0.0275
0 0.585 0.590417 0.03 0.0291667
0 0.555417 0.1475 0.0291667 0.0316667
