0 0.905417 0.495417 0.0275 0.0291667
0 0.612083 0.917917 0.0225 0.0208333
0 0.160417 0.393333 0.0258333 0.0283333
0 0.85 0.717917 0.04 0.0491667
0 0.175417 0.186667 0.0208333 0.0233333
0 0.0608333 0.09375 0.0416667 0.0391667
0 0.85 0.90625 0.03 0.0291667
0 0.621667 0.00708333 0.0283333 0.0141667
0 0.104583 0.439583 0.0275 0.0308333
0 0.15375 0.320417 0.0391667 0.0425
0 0.426667 0.727917 0.04 0.0391667
0 0.1 0.476667 0.0333333 0.035
0 0.175 0.114583 0.0383333 0.0391667
0 0.537917 0.00666667 0.0275 0.0133333
0 0.315417 0.908333 0.0358333 0.0416667
0 0.440417 0.38125 0.0375 0.0408333
0 0.922917 0.422917 0.0308333 0.0341667
0 0.947917 0.381667 0.0241667 0.0266667
0 0.686667 0.82 0.0416667 0.0433333
0 0.455417 0.27375 0.0325 0.0341667
0 0.67625 0.734583 0.0358333 0.0391667
0 0.505833 0.015 0.0283333 0.0283333
0 0.734167 0.795833 0.04 0.0416667
0 0.789583 0.824583 0.0341667 0.0375
0 0.62 0.663333 0.0333333 0.0333333
0 0.5475 0.948333 0.035 0.0366667
0 0.19875 0.415833 0.0191667 0.02
0 0.263333 0.369167 0.0216667 0.0216667
0 0.705833 0.606667 0.0283333 0.03
0 0.0495833 0.317917 0.0375 0.0391667
0 0.47375 0.96125 0.0325 0.0375
0 0.19125 0.512917 0.0358333 0.0375
0 0.63625 0.927917 0.0325 0.0325
0 0.575 0.243333 0.0383333 0.0416667
0 0.82 0.01375 0.035 0.0258333
0 0.601667 0.599167 0.0333333 0.0383333
0 0.443333 0.85875 0.0316667 0.0325
0 0.549167 0.703333 0.035 0.04
0 0.169583 0.97625 0.0308333 0.0341667
0 0.697083 0.91625 0.0341667 0.0358333
0 0.288333 0.446667 0.0333333 0.035
0 0.185417 0.46625 0.0341667 0.0358333
0 0.309167 0.38125 0.025 0.0258333
0 0.165417 0.0745833 0.0358333 0.0358333
0 0.29375 0.97125 0.0341667 0.0341667
0 0.234583 0.03 0.0308333 0.0333333
0 0.730417 0.0425 0.0291667 0.0316667
0 0.457083 0.809167 0.0341667 0.0383333
0 0.357917 0.095 0.0275 0.0283333
0 0.438333 0.0716667 0.0283333 0.03
0 0.806667 0.892917 0.0366667 0.0391667
0 0.750417 0.965833 0.0341667 0.0366667
0 0.0466667 0.422917 0.0283333 0.0291667
0 0.629583 0.895 0.0325 0.0333333
0 0.617083 0.0479167 0.0325 0.0341667
0 0.764167 0.139583 0.035 0.0358333
0 0.515417 0.08875 0.0341667 0.0341667
0 0.0875 0.0604167 0.0316667 0.0325
0 0.422917 0.98625 0.0308333 0.0241667
0 0.0495833 0.63125 0.0341667 0.0358333
0 0.96 0.634167 0.0316667 0.0366667
0 0.0570833 0.5725 0.0308333 0.0316667
0 0.208333 0.909167 0.03 0.03
0 0.212083 0.25875 0.0275 0.0291667
0 0.225833 0.987083 0.03 0.0225
0 0.754583 0.682917 0.0275 0.0275
0 0.0904167 0.14125 0.0325 0.0358333
0 0.690417 0.0145833 0.0358333 0.0291667
0 0.8275 0.76875 0.035 0.0391667
0 0.303333 0.288333 0.0283333 0.0283333
0 0.14625 0.224583 0.0291667 0.0308333
0 0.771667 0.643333 0.035 0.035
0 0.232083 0.515833 0.0341667 0.0333333
0 0.951667 0.9675 0.0283333 0.0333333
0 0.109583 0.55125 0.0258333 0.0275
0 0.0133333 0.526667 0.0266667 0.035
0 0.35375 0.470833 0.0325 0.0333333
0 0.797917 0.499583 0.0241667 0.0241667
0 0.0158333 0.0745833 0.0316667 0.0341667
0 0.365 0.250833 0.0266667 0.0283333
0 0.0625 0.460833 0.0266667 0.0283333
0 0.37875 0.3525 0.0375 0.0383333
0 0.7875 0.61625 0.0333333 0.0358333
0 0.518333 0.990833 0.035 0.0183333
0 0.779583 0.0170833 0.0325 0.0325
0 0.5425 0.815833 0.035 0.0366667
0 0.06875 0.207083 0.0308333 0.0341667
0 0.742083 0.582917 0.0308333 0.0341667
0 0.206667 0.35625 0.03 0.0291667
0 0.865417 0.867917 0.0358333 0.0391667
0 0.795833 0.0816667 0.0283333 0.0283333
0 0.582083 0.982083 0.0308333 0.0325
0 0.585 0.894583 0.03 0.0308333
0 0.502917 0.92375 0.0358333 0.0375
0 0.883333 0.975417 0.03 0.0341667
0 0.980833 0.899167 0.0316667 0.03
0 0.6875 0.16125 0.0333333 0.0341667
0 0.2975 0.166667 0.0316667 0.0316667
0 0.931667 0.84375 0.03 0.0308333
0 0.6025 0.83875 0.035 0.0391667
0 0.0908333 0.035 0.0266667 0.0283333
0 0.0266667 0.478333 0.0266667 0.0283333
0 0.9875 0.8425 0.025 0.0316667
0 0.560833 0.16625 0.03 0.0308333
0 0.987917 0.570417 0.0225 0.0275
0 0.08125 0.547917 0.0308333 0.0341667
0 0.7225 0.0766667 0.03 0.0316667
0 0.62375 0.758333 0.0325 0.0333333
0 0.249583 0.20875 0.0291667 0.0308333
0 0.469583 0.1975 0.0375 0.0383333
0 0.943333 0.562917 0.0316667 0.0325
0 0.2525 0.0883333 0.0266667 0.0266667
0 0.21125 0.16 0.0275 0.0283333
0 0.949583 0.797917 0.0291667 0.0308333
0 0.505417 0.215417 0.0308333 0.0308333
0 0.114583 0.65875 0.0275 0.0291667
0 0.399583 0.87125 0.0325 0.0341667
0 0.015 0.6775 0.03 0.035
0 0.985417 0.938333 0.0291667 0.035
0 0.672917 0.1025 0.0308333 0.0316667
0 0.770417 0.737083 0.0325 0.0325
0 0.6675 0.6625 0.0283333 0.03
0 0.21875 0.102083 0.0308333 0.0325
0 0.795833 0.989583 0.0333333 0.0191667
0 0.799167 0.575 0.0283333 0.03
0 0.140833 0.555 0.03 0.03
0 0.944167 0.68625 0.0333333 0.0341667
0 0.193333 0.590417 0.0316667 0.0325
0 0.312083 0.0120833 0.0308333 0.0241667
0 0.127083 0.4275 0.0275 0.03
