0 0.68875 0.665 0.0491667 0.0466667
0 0.523333 0.169583 0.0266667 0.0275
0 0.15375 0.281667 0.0308333 0.0316667
0 0.109583 0.819583 0.0358333 0.0341667
0 0.175417 0.925 0.0341667 0.0333333
0 0.551667 0.79 0.04 0.0433333
0 0.46875 0.679583 0.0308333 0.0341667
0 0.995833 0.2675 0.00833333 0.0316667
0 0.69375 0.406667 0.0358333 0.035
0 0.365417 0.0104167 0.0308333 0.0208333
0 0.202083 0.790833 0.0358333 0.0383333
0 0.9175 0.335 0.035 0.0366667
0 0.414583 0.382083 0.0375 0.0391667
0 0.5575 0.0841667 0.03 0.0333333
0 0.312917 0.3 0.0341667 0.0383333
0 0.99375 0.171667 0.0125 0.0316667
0 0.06375 0.737083 0.0325 0.0358333
0 0.727083 0.848333 0.0358333 0.0383333
0 0.857917 0.04 0.0291667 0.03
0 0.276667 0.57 0.0333333 0.0366667
0 0.6525 0.0279167 0.0333333 0.0358333
0 0.730417 0.707083 0.0325 0.0358333
0 0.363333 0.392083 0.0333333 0.0358333
0 0.2575 0.0145833 0.0333333 0.0275
0 0.29375 0.4225 0.0408333 0.0433333
0 0.81 0.974167 0.035 0.0366667
0 0.3 0.5125 0.0333333 0.0383333
0 0.757083 0.293333 0.0408333 0.045
0 0.119583 0.94125 0.0391667 0.0425
0 0.634167 0.146667 0.0383333 0.0416667
0 0.395833 0.879583 0.0333333 0.0375
0 0.165833 0.37 0.0366667 0.0366667
0 0.5475 0.124167 0.0366667 0.0416667
0 0.76 0.6775 0.0333333 0.035
0 0.342083 0.196667 0.0291667 0.0283333
0 0.413333 0.660833 0.0316667 0.0316667
0 0.814583 0.0329167 0.0441667 0.0441667
0 0.626667 0.264583 0.0383333 0.0441667
0 0.78875 0.407083 0.0291667 0.0308333
0 0.450833 0.744167 0.0383333 0.045
0 0.710417 0.501667 0.0391667 0.0416667
0 0.139167 0.53375 0.0333333 0.0358333
0 0.343333 0.750417 0.0383333 0.0425
0 0.67875 0.5175 0.0291667 0.0333333
0 0.144167 0.329583 0.0316667 0.0341667
0 0.48875 0.00916667 0.0341667 0.0183333
0 0.487083 0.63875 0.0408333 0.0441667
0 0.290417 0.23875 0.0275 0.0308333
0 0.915833 0.660833 0.0283333 0.0283333
0 0.629167 0.673333 0.0333333 0.0366667
0 0.917917 0.44875 0.0358333 0.0391667
0 0.885417 0.944167 0.0375 0.04
0 0.404167 0.438333 0.0383333 0.0416667
0 0.3225 0.457917 0.0333333 0.0341667
0 0.21125 0.205 0.0341667 0.035
0 0.0483333 0.95 0.03 0.0333333
0 0.982083 0.0329167 0.0358333 0.0391667
0 0.875 0.120833 0.0383333 0.04
0 0.798333 0.2575 0.04 0.0466667
0 0.345833 0.270833 0.0333333 0.0333333
0 0.87 0.430417 0.0383333 0.0391667
0 0.177083 0.303333 0.0325 0.0333333
0 0.65625 0.306667 0.0308333 0.0316667
0 0.897917 0.583333 0.0241667 0.0266667
0 0.198333 0.991667 0.0333333 0.0166667
0 0.240833 0.851667 0.0366667 0.0366667
0 0.135 0.852083 0.035 0.0341667
0 0.574583 0.151667 0.0341667 0.0366667
0 0.590417 0.225833 0.0375 0.04
0 0.395417 0.620833 0.0375 0.0416667
0 0.722917 0.00916667 0.0358333 0.0183333
0 0.856667 0.162083 0.0366667 0.0391667
0 0.0729167 0.283333 0.0358333 0.0416667
0 0.672917 0.610417 0.0375 0.0391667
0 0.3625 0.32375 0.0333333 0.0341667
0 0.455 0.262917 0.0366667 0.0358333
0 0.507917 0.259167 0.0358333 0.0383333
0 0.224167 0.144167 0.035 0.035
0 0.386667 0.550833 0.0366667 0.0383333
0 0.799583 0.500833 0.0375 0.04
0 0.879167 0.49375 0.0383333 0.0441667
0 0.614167 0.435833 0.03 0.0316667
0 0.694583 0.747917 0.0291667 0.0308333
0 0.302083 0.0408333 0.0358333 0.0416667
0 0.075 0.183333 0.0333333 0.035
0 0.699583 0.24125 0.0341667 0.0358333
0 0.189583 0.26375 0.0325 0.0341667
0 0.604583 0.548333 0.0391667 0.0433333
0 0.3325 0.817917 0.035 0.0375
0 0.125 0.410833 0.0283333 0.03
0 0.0716667 0.524167 0.035 0.0366667
0 0.567083 0.364167 0.0341667 0.0366667
0 0.399583 0.985417 0.0358333 0.0291667
0 0.462083 0.580833 0.0358333 0.0366667
0 0.855417 0.287083 0.0391667 0.0391667
0 0.33625 0.0979167 0.0358333 0.0375
0 0.425 0.7725 0.0366667 0.0383333
0 0.810417 0.103333 0.0308333 0.0316667
0 0.4825 0.79125 0.0316667 0.0325
0 0.214167 0.385833 0.0333333 0.035
0 0.0958333 0.220417 0.03 0.0325
0 0.651667 0.54625 0.0333333 0.0341667
0 0.575417 0.319583 0.0375 0.0391667
0 0.776667 0.3625 0.03 0.0333333
0 0.200833 0.871667 0.0366667 0.0383333
0 0.974583 0.375417 0.0291667 0.0308333
0 0.81 0.740417 0.03 0.0325
0 0.814583 0.16 0.0408333 0.0416667
0 0.517083 0.517083 0.0325 0.0341667
0 0.145417 0.6575 0.0325 0.035
0 0.910833 0.230833 0.0283333 0.0316667
0 0.559583 0.655 0.0258333 0.0283333
0 0.948333 0.941667 0.0366667 0.0383333
0 0.02375 0.989583 0.0241667 0.0208333
0 0.0170833 0.721667 0.0258333 0.0283333
0 0.793333 0.2025 0.0333333 0.0366667
0 0.31875 0.361667 0.0358333 0.0366667
0 0.43375 0.312083 0.0275 0.0291667
0 0.722917 0.0945833 0.0325 0.0358333
0 0.90375 0.541667 0.0375 0.0366667
0 0.963333 0.87875 0.0316667 0.0308333
0 0.988333 0.48375 0.0216667 0.0341667
0 0.184583 0.169583 0.0291667 0.0308333
0 0.0895833 0.875 0.0375 0.0366667
0 0.10875 0.734583 0.0308333 0.0308333
0 0.03875 0.8525 0.0325 0.0333333
0 0.564167 0.0125 0.0333333 0.0233333
0 0.25125 0.09375 0.0341667 0.0341667
0 0.479583 0.1725 0.0325 0.035
0 0.6025 0.878333 0.035 0.0383333
0 0.09625 0.775417 0.0291667 0.0308333
0 0.465 0.4875 0.035 0.0366667
0 0.300833 0.200417 0.0316667 0.0325
0 0.984583 0.315417 0.0308333 0.0358333
0 0.22 0.46125 0.0333333 0.0358333
0 0.0808333 0.25 0.0283333 0.0316667
0 0.52125 0.300417 0.0325 0.0341667
0 0.0354167 0.822917 0.0308333 0.0325
0 0.466667 0.398333 0.0316667 0.0333333
0 0.464583 0.12625 0.0341667 0.0358333
0 0.506667 0.700833 0.0333333 0.035
0 0.809167 0.32625 0.035 0.0391667
0 0.854167 0.596667 0.03 0.0316667
0 0.351667 0.8675 0.0266667 0.0283333
0 0.598333 0.100833 0.0316667 0.0316667
0 0.439583 0.41875 0.0341667 0.0358333
0 0.0366667 0.355 0.0316667 0.0333333
0 0.0975 0.5725 0.0316667 0.0316667
0 0.761667 0.442083 0.0333333 0.0358333
0 0.470417 0.209167 0.0291667 0.03
0 0.909167 0.0120833 0.0316667 0.0241667
0 0.556667 0.954167 0.0316667 0.035
0 0.439583 0.0145833 0.0325 0.0291667
0 0.715833 0.567083 0.0333333 0.0341667
0 0.4175 0.5325 0.0366667 0.04
0 0.224167 0.59 0.0316667 0.0333333
0 0.5325 0.39375 0.0316667 0.0341667
0 0.52375 0.574167 0.0291667 0.03
0 0.453333 0.88 0.0333333 0.035
0 0.622083 0.76625 0.0358333 0.0391667
0 0.855417 0.72 0.0325 0.035
0 0.84 0.63375 0.0316667 0.0325
0 0.14625 0.255417 0.0308333 0.0325
0 0.413333 0.17375 0.0316667 0.0325
0 0.3925 0.909167 0.0283333 0.03
0 0.272083 0.984167 0.0291667 0.0283333
0 0.395833 0.688333 0.0333333 0.0333333
0 0.64875 0.802083 0.0341667 0.0341667
0 0.74625 0.480833 0.0275 0.03
0 0.48 0.93125 0.0333333 0.0358333
0 0.9475 0.416667 0.035 0.0366667
0 0.6275 0.619583 0.0366667 0.0408333
0 0.767917 0.593333 0.0291667 0.03
0 0.424167 0.0991667 0.0316667 0.0333333
0 0.909167 0.18 0.03 0.0333333
0 0.0275 0.787083 0.0283333 0.0308333
0 0.5225 0.447083 0.0333333 0.0358333
0 0.66875 0.46375 0.0325 0.0341667
0 0.749583 0.360417 0.0308333 0.0308333
0 0.0808333 0.649583 0.03 0.0308333
0 0.585 0.7 0.03 0.0316667
0 0.986667 0.535 0.0266667 0.035
0 0.247083 0.275417 0.0308333 0.0325
0 0.3625 0.649583 0.035 0.0375
0 0.0841667 0.690417 0.0333333 0.0325
0 0.323333 0.902083 0.0283333 0.0291667
0 0.225 0.68375 0.035 0.0375
0 0.625417 0.719583 0.0341667 0.0408333
0 0.962917 0.28375 0.0308333 0.0341667
0 0.784583 0.65 0.0341667 0.0366667
0 0.936667 0.47875 0.0333333 0.0358333
0 0.282917 0.798333 0.0325 0.0333333
0 0.982917 0.230417 0.0341667 0.0358333
0 0.589583 0.76 0.0358333 0.0383333
0 0.25625 0.726667 0.0308333 0.035
0 0.3325 0.569583 0.0333333 0.0341667
0 0.0166667 0.24125 0.0283333 0.0291667
0 0.365833 0.71375 0.0316667 0.0341667
0 0.614167 0.496667 0.0316667 0.035
0 0.360833 0.95625 0.0316667 0.0325
0 0.28125 0.63875 0.0341667 0.0358333
0 0.80625 0.585833 0.0325 0.0333333
0 0.8425 0.402083 0.0316667 0.0341667
