0 0.425417 0.777917 0.0325 0.0358333
0 0.0604167 0.820417 0.0408333 0.0425
0 0.7175 0.0958333 0.03 0.03
0 0.722917 0.587083 0.0308333 0.0341667
0 0.67875 0.853333 0.0408333 0.0483333
0 0.702083 0.87125 0.0341667 0.0375
0 0.907917 0.8075 0.0325 0.035
0 0.370833 0.99375 0.03 0.0125
0 0.758333 0.71 0.0383333 0.045
0 0.651667 0.0516667 0.0366667 0.0366667
0 0.137083 0.16 0.0341667 0.0383333
0 0.281667 0.3425 0.0416667 0.04
0 0.825833 0.419167 0.0383333 0.0433333
0 0.482917 0.557083 0.0425 0.0441667
0 0.571667 0.484583 0.0366667 0.0475
0 0.64875 0.968333 0.0391667 0.0383333
0 0.720417 0.633333 0.0375 0.0433333
0 0.65875 0.699583 0.0341667 0.0375
0 0.985417 0.14625 0.0291667 0.0358333
0 0.650417 0.277083 0.0375 0.0425
0 0.00541667 0.535833 0.0108333 0.0316667
0 0.873333 0.759167 0.0333333 0.0366667
0 0.3925 0.88875 0.0383333 0.0458333
0 0.557083 0.67625 0.0408333 0.0441667
0 0.940833 0.587083 0.0366667 0.0425
0 0.928333 0.711667 0.0383333 0.04
0 0.6025 0.432083 0.0233333 0.0241667
0 0.105 0.0408333 0.0366667 0.0416667
0 0.0154167 0.194167 0.0291667 0.0333333
0 0.280833 0.257917 0.035 0.0375
0 0.19375 0.368333 0.0291667 0.0316667
0 0.52375 0.925 0.0341667 0.0366667
0 0.594167 0.05125 0.0366667 0.0375
0 0.619583 0.4525 0.0375 0.0416667
0 0.0370833 0.864167 0.0375 0.0433333
0 0.141667 0.51375 0.0366667 0.0391667
0 0.690417 0.434167 0.0358333 0.04
0 0.27 0.812917 0.0366667 0.0408333
0 0.375833 0.23 0.035 0.04
0 0.7525 0.7975 0.035 0.0383333
0 0.787083 0.37375 0.0308333 0.0325
0 0.815 0.63625 0.0316667 0.0358333
0 0.31625 0.117917 0.0325 0.0358333
0 0.760833 0.41 0.03 0.0333333
0 0.214583 0.972083 0.0391667 0.0391667
0 0.937917 0.94875 0.0375 0.0391667
0 0.6875 0.32875 0.035 0.0375
0 0.454167 0.0604167 0.0366667 0.0425
0 0.0158333 0.985833 0.03 0.0283333
0 0.774583 0.559583 0.0341667 0.0358333
0 0.104167 0.474167 0.0333333 0.0366667
0 0.621667 0.61875 0.035 0.0391667
0 0.889583 0.939583 0.0358333 0.0375
0 0.789583 0.465 0.0308333 0.0316667
0 0.709167 0.484583 0.0316667 0.0341667
0 0.823333 0.885 0.035 0.04
0 0.272083 0.875833 0.0375 0.0433333
0 0.245 0.126667 0.035 0.04
0 0.530833 0.884167 0.0366667 0.04
0 0.5675 0.835417 0.0383333 0.0425
0 0.844167 0.22875 0.0266667 0.0275
0 0.140417 0.2125 0.0341667 0.0366667
0 0.216667 0.05 0.0316667 0.0333333
0 0.26875 0.0891667 0.0325 0.035
0 0.40875 0.926667 0.0325 0.035
0 0.625417 0.79375 0.0358333 0.0391667
0 0.496667 0.78625 0.035 0.0391667
0 0.245417 0.244583 0.0358333 0.0408333
0 0.134167 0.3375 0.03 0.0333333
0 0.924167 0.264167 0.0333333 0.035
0 0.509583 0.52375 0.0375 0.0408333
0 0.275833 0.744167 0.0366667 0.04
0 0.02875 0.39625 0.0341667 0.0341667
0 0.322917 0.9175 0.0358333 0.0383333
0 0.4625 0.686667 0.0333333 0.0366667
0 0.23875 0.9325 0.0358333 0.0383333
0 0.368333 0.705833 0.0366667 0.0416667
0 0.52375 0.991667 0.0275 0.0166667
0 0.405417 0.121667 0.0275 0.0283333
0 0.17375 0.0833333 0.0325 0.0333333
0 0.0620833 0.159583 0.0258333 0.0275
0 0.580417 0.567917 0.0375 0.0408333
0 0.75875 0.490417 0.0325 0.0325
0 0.404167 0.0695833 0.0316667 0.0325
0 0.9025 0.319167 0.0266667 0.0283333
0 0.482917 0.830417 0.0308333 0.0325
0 0.184583 0.307917 0.0325 0.0325
0 0.69875 0.802917 0.0341667 0.0358333
0 0.28375 0.187917 0.0308333 0.0325
0 0.440833 0.908333 0.0283333 0.0283333
0 0.085 0.27875 0.0316667 0.0341667
0 0.225833 0.22375 0.0316667 0.0341667
0 0.989167 0.385833 0.0216667 0.0266667
0 0.955 0.36375 0.0266667 0.0291667
0 0.858333 0.1625 0.0316667 0.0333333
0 0.193333 0.88125 0.0316667 0.0358333
0 0.115417 0.434583 0.0375 0.0408333
0 0.240833 0.324583 0.0266667 0.0275
0 0.84125 0.49375 0.0308333 0.0325
0 0.04125 0.265417 0.0291667 0.0325
0 0.938333 0.541667 0.035 0.0366667
0 0.364167 0.0220833 0.03 0.0325
0 0.492917 0.085 0.0341667 0.0366667
0 0.84 0.81 0.0316667 0.0316667
0 0.735417 0.44375 0.0308333 0.0325
0 0.307083 0.158333 0.0341667 0.035
0 0.0941667 0.34 0.0366667 0.0383333
0 0.629167 0.5325 0.0316667 0.0333333
0 0.76 0.522917 0.0316667 0.0341667
0 0.359583 0.641667 0.0358333 0.0383333
0 0.520417 0.47125 0.0358333 0.0391667
0 0.848333 0.694583 0.0333333 0.0341667
0 0.825 0.5375 0.0316667 0.0333333
0 0.750833 0.98375 0.0333333 0.0325
0 0.0354167 0.3225 0.0341667 0.0366667
0 0.905 0.495833 0.0333333 0.035
0 0.89875 0.534583 0.0325 0.0341667
0 0.612083 0.59 0.0358333 0.04
0 0.83625 0.28 0.0275 0.0283333
0 0.0820833 0.380833 0.0308333 0.0333333
0 0.445833 0.840417 0.0333333 0.0358333
0 0.671667 0.6475 0.0333333 0.035
0 0.814167 0.78625 0.0316667 0.0325
0 0.143333 0.923333 0.0316667 0.0333333
0 0.0170833 0.108333 0.0308333 0.035
0 0.305 0.0625 0.03 0.0316667
0 0.634167 0.36 0.03 0.0316667
0 0.677083 0.529167 0.0325 0.0333333
0 0.345833 0.0833333 0.0316667 0.0316667
0 0.33125 0.195417 0.0258333 0.0208333
0 0.101667 0.127917 0.0333333 0.0375
0 0.18125 0.173333 0.0325 0.035
0 0.675833 0.607917 0.0316667 0.0341667
0 0.957917 0.49625 0.0308333 0.0308333
0 0.349583 0.85375 0.0308333 0.0325
0 0.177917 0.257917 0.0325 0.0341667
0 0.0425 0.422083 0.03 0.0325
0 0.872083 0.32875 0.0291667 0.0308333
0 0.610833 0.675 0.0333333 0.035
0 0.3525 0.771667 0.035 0.04
