0 0.02875 0.196667 0.0308333 0.0366667
0 0.215 0.0158333 0.025 0.0283333
0 0.93 0.962917 0.0316667 0.0341667
0 0.0491667 0.0158333 0.0366667 0.0316667
0 0.673333 0.17875 0.045 0.0425
0 0.117083 0.992083 0.0341667 0.0158333
0 0.385 0.654583 0.0383333 0.0458333
0 0.1925 0.666667 0.0366667 0.04
0 0.485417 0.991667 0.0275 0.0166667
0 0.946667 0.0175 0.0333333 0.035
0 0.74625 0.937917 0.0325 0.0358333
0 0.699167 0.402083 0.0433333 0.0425
0 0.005 0.38 0.01 0.03
0 0.579583 0.590833 0.0375 0.0433333
0 0.84 0.909583 0.04 0.0425
0 0.72625 0.239167 0.0375 0.0366667
0 0.0204167 0.50375 0.0308333 0.0341667
0 0.0808333 0.111667 0.0383333 0.0383333
0 0.557917 0.34625 0.0275 0.0291667
0 0.171667 0.244167 0.03 0.0333333
0 0.787083 0.0166667 0.0341667 0.0333333
0 0.365 0.429583 0.0316667 0.0341667
0 0.290833 0.277917 0.04 0.0458333
0 0.54 0.423333 0.0366667 0.0416667
0 0.243333 0.7775 0.0383333 0.04
0 0.983333 0.988333 0.03 0.0233333
0 0.827917 0.384167 0.0391667 0.04
0 0.429167 0.719167 0.0366667 0.0416667
0 0.0470833 0.622917 0.0375 0.0408333
0 0.182917 0.77125 0.0375 0.0458333
0 0.868333 0.784167 0.0366667 0.0383333
0 0.190833 0.575 0.035 0.045
0 0.819167 0.7675 0.035 0.0366667
0 0.784583 0.291667 0.0391667 0.0433333
0 0.7975 0.18875 0.0366667 0.0391667
0 0.7875 0.371667 0.0416667 0.0416667
0 0.975 0.213333 0.0266667 0.03
0 0.875 0.125 0.0383333 0.0433333
0 0.0491667 0.8525 0.0233333 0.025
0 0.462083 0.347083 0.0325 0.0308333
0 0.53 0.19125 0.0333333 0.0375
0 0.376667 0.606667 0.035 0.0366667
0 0.96375 0.14625 0.0375 0.0375
0 0.134583 0.0470833 0.0375 0.0375
0 0.0604167 0.0725 0.0375 0.0383333
0 0.75 0.110833 0.0366667 0.04
0 0.0220833 0.268333 0.0408333 0.0466667
0 0.8825 0.93 0.0333333 0.0333333
0 0.08 0.659167 0.0366667 0.04
0 0.205 0.810417 0.0366667 0.0391667
0 0.35875 0.0541667 0.0375 0.04
0 0.289167 0.20125 0.035 0.0391667
0 0.607083 0.299583 0.0275 0.0275
0 0.06375 0.6975 0.0341667 0.0366667
0 0.70625 0.544583 0.0325 0.0341667
0 0.314583 0.558333 0.0325 0.0333333
0 0.944167 0.859167 0.0366667 0.0416667
0 0.154583 0.0970833 0.0275 0.0291667
0 0.646667 0.222083 0.0366667 0.0375
0 0.13625 0.611667 0.0341667 0.0333333
0 0.774583 0.425417 0.0425 0.0408333
0 0.469167 0.378333 0.035 0.0366667
0 0.275833 0.155833 0.035 0.0366667
0 0.284167 0.48625 0.035 0.0375
0 0.147917 0.73375 0.0325 0.0341667
0 0.615833 0.0704167 0.0383333 0.0391667
0 0.669583 0.355833 0.0341667 0.0366667
0 0.291667 0.604167 0.025 0.0266667
0 0.597083 0.497083 0.0358333 0.0375
0 0.363333 0.174167 0.0366667 0.04
0 0.67 0.480833 0.0333333 0.035
0 0.170417 0.929167 0.0375 0.0383333
0 0.6725 0.949583 0.0316667 0.0325
0 0.747917 0.16625 0.0391667 0.0391667
0 0.603333 0.44875 0.0316667 0.0341667
0 0.45125 0.577917 0.0341667 0.0391667
0 0.687083 0.22625 0.0308333 0.0308333
0 0.439167 0.672917 0.0316667 0.0325
0 0.4975 0.259167 0.0333333 0.0366667
0 0.147917 0.2125 0.0308333 0.0333333
0 0.525833 0.3575 0.0333333 0.035
0 0.574167 0.105833 0.035 0.035
0 0.580833 0.214583 0.0333333 0.0341667
0 0.279167 0.580417 0.0333333 0.0341667
0 0.669167 0.0641667 0.035 0.035
0 0.0116667 0.575833 0.0233333 0.035
0 0.9825 0.72 0.0316667 0.0383333
0 0.264583 0.91375 0.0341667 0.0375
0 0.62875 0.111667 0.0358333 0.0383333
0 0.208333 0.725833 0.0366667 0.0383333
0 0.935833 0.799583 0.0333333 0.0358333
0 0.2125 0.959167 0.0333333 0.035
0 0.154583 0.315417 0.0325 0.0341667
0 0.127917 0.825833 0.0341667 0.0366667
0 0.5475 0.304583 0.0266667 0.0275
0 0.0575 0.767083 0.0333333 0.0358333
0 0.260417 0.0529167 0.0358333 0.0375
0 0.545417 0.155417 0.0341667 0.0375
0 0.717917 0.0825 0.0325 0.035
0 0.985833 0.614583 0.0283333 0.0358333
0 0.284167 0.660417 0.025 0.0241667
0 0.0704167 0.357083 0.0358333 0.0375
0 0.3225 0.0420833 0.0333333 0.0358333
0 0.07 0.988333 0.0316667 0.0233333
0 0.425 0.324583 0.035 0.0341667
0 0.4775 0.179167 0.0316667 0.035
0 0.895417 0.860833 0.0308333 0.0333333
0 0.230833 0.555833 0.0316667 0.0333333
0 0.797083 0.0929167 0.0308333 0.0325
0 0.065 0.545833 0.035 0.04
0 0.19875 0.28 0.0325 0.0333333
0 0.510417 0.982083 0.0308333 0.0341667
0 0.520417 0.0883333 0.0325 0.0333333
0 0.987917 0.940417 0.0241667 0.0341667
0 0.892917 0.0920833 0.0325 0.0341667
0 0.159167 0.1325 0.0333333 0.0366667
0 0.4625 0.524167 0.03 0.03
0 0.653333 0.610833 0.0316667 0.0333333
0 0.207917 0.182917 0.0358333 0.0391667
0 0.260417 0.375417 0.0341667 0.0358333
0 0.563333 0.267083 0.0333333 0.0341667
0 0.477083 0.428333 0.0358333 0.0383333
0 0.64375 0.55625 0.0341667 0.0341667
0 0.489167 0.015 0.035 0.03
0 0.6625 0.301667 0.03 0.03
0 0.925833 0.252917 0.0333333 0.0341667
0 0.2225 0.347083 0.0316667 0.0325
0 0.5425 0.673333 0.0316667 0.03
0 0.924167 0.723333 0.03 0.0316667
0 0.247083 0.837917 0.0341667 0.0375
0 0.175833 0.0133333 0.035 0.0266667
0 0.965417 0.902083 0.0325 0.0341667
0 0.34625 0.503333 0.0325 0.0333333
0 0.41875 0.565 0.0308333 0.0316667
0 0.427917 0.2275 0.0291667 0.03
0 0.15 0.881667 0.035 0.035
0 0.395 0.0370833 0.0333333 0.0358333
0 0.31625 0.384583 0.0325 0.0325
0 0.825833 0.166667 0.035 0.0383333
0 0.33875 0.722917 0.0341667 0.0358333
0 0.522917 0.534167 0.0325 0.0333333
0 0.294583 0.07875 0.0308333 0.0325
0 0.345 0.358333 0.0316667 0.0316667
0 0.1225 0.239167 0.0333333 0.0366667
0 0.100417 0.173333 0.0325 0.035
0 0.402917 0.3525 0.0291667 0.03
0 0.680833 0.260417 0.0316667 0.0325
0 0.335833 0.472083 0.0333333 0.0341667
0 0.432917 0.0720833 0.0325 0.0341667
0 0.4525 0.254167 0.03 0.0333333
0 0.975833 0.0783333 0.0316667 0.0316667
0 0.563333 0.0758333 0.0333333 0.035
0 0.23125 0.148333 0.0341667 0.035
0 0.12 0.306667 0.0316667 0.0333333
0 0.1325 0.493333 0.0316667 0.0333333
0 0.125833 0.655 0.0316667 0.0316667
0 0.1025 0.9425 0.0333333 0.035
0 0.4975 0.06375 0.0316667 0.0325
0 0.0179167 0.106667 0.0325 0.0333333
0 0.589167 0.0258333 0.0316667 0.0333333
0 0.50125 0.640833 0.0275 0.0283333
0 0.235417 0.468333 0.0325 0.0333333
0 0.340417 0.129583 0.0325 0.0341667
0 0.5175 0.12625 0.03 0.0341667
