0 0.709583 0.225833 0.0391667 0.045
0 0.293333 0.365 0.035 0.035
0 0.64625 0.125833 0.0408333 0.04
0 0.6175 0.84875 0.0283333 0.0291667
0 0.518333 0.619583 0.0333333 0.0375
0 0.0883333 0.0341667 0.0383333 0.0466667
0 0.548333 0.8725 0.0316667 0.035
0 0.480833 0.899167 0.0466667 0.05
0 0.00833333 0.950417 0.015 0.0341667
0 0.85125 0.00916667 0.0291667 0.0183333
0 0.30625 0.47125 0.0341667 0.0408333
0 0.0745833 0.635833 0.0425 0.0383333
0 0.992083 0.315 0.0158333 0.0266667
0 0.0204167 0.137917 0.0391667 0.0508333
0 0.93 0.994167 0.03 0.0116667
0 0.981667 0.118333 0.035 0.0383333
0 0.3925 0.482083 0.0383333 0.0441667
0 0.26125 0.09 0.0375 0.0366667
0 0.384583 0.624167 0.0441667 0.0483333
0 0.396667 0.558333 0.0433333 0.0466667
0 0.97375 0.30875 0.0358333 0.0358333
0 0.595 0.545 0.045 0.0483333
0 0.15125 0.16625 0.0391667 0.0391667
0 0.01375 0.27625 0.0275 0.0391667
0 0.789583 0.462917 0.0391667 0.0408333
0 0.983333 0.436667 0.03 0.0316667
0 0.911667 0.859583 0.0333333 0.0358333
0 0.318333 0.40125 0.0383333 0.0391667
0 0.0375 0.6825 0.0366667 0.04
0 0.437083 0.368333 0.0375 0.0383333
0 0.56625 0.0866667 0.0375 0.0366667
0 0.205833 0.0075 0.0283333 0.015
0 0.0579167 0.977917 0.0358333 0.0391667
0 0.652083 0.276667 0.0341667 0.035
0 0.13375 0.1125 0.0358333 0.0383333
0 0.415417 0.954583 0.0358333 0.0391667
0 0.764583 0.223333 0.0341667 0.0366667
0 0.755 0.764583 0.04 0.0425
0 0.728333 0.434583 0.04 0.0458333
0 0.379167 0.428333 0.0316667 0.0316667
0 0.93 0.0833333 0.04 0.04
0 0.583333 0.818333 0.035 0.0366667
0 0.650417 0.627917 0.0425 0.0441667
0 0.38125 0.35125 0.0358333 0.0375
0 0.517917 0.803333 0.0391667 0.0416667
0 0.74375 0.940833 0.0358333 0.04
0 0.90625 0.282083 0.0375 0.0425
0 0.387917 0.309167 0.0375 0.04
0 0.53875 0.465 0.0258333 0.0266667
0 0.7425 0.25375 0.0366667 0.0391667
0 0.977083 0.6375 0.0358333 0.0366667
0 0.659167 0.784167 0.04 0.0416667
0 0.70625 0.1325 0.0325 0.035
0 0.38 0.8525 0.035 0.04
0 0.444583 0.624583 0.0375 0.0425
0 0.87625 0.545417 0.0341667 0.0391667
0 0.495 0.73875 0.0366667 0.0391667
0 0.792083 0.412083 0.0391667 0.0425
0 0.604583 0.454583 0.0391667 0.0408333
0 0.128333 0.226667 0.0233333 0.025
0 0.449167 0.2725 0.0366667 0.0383333
0 0.98625 0.242917 0.0275 0.0375
0 0.221667 0.84875 0.0383333 0.0408333
0 0.310417 0.587917 0.0325 0.0325
0 0.354167 0.67875 0.035 0.0375
0 0.949583 0.16625 0.0408333 0.0408333
0 0.575 0.364167 0.035 0.0416667
0 0.289167 0.667083 0.0383333 0.0391667
0 0.262917 0.481667 0.0408333 0.0416667
0 0.676667 0.586667 0.0383333 0.045
0 0.864583 0.395833 0.0375 0.04
0 0.132083 0.980833 0.0308333 0.035
0 0.521667 0.439583 0.035 0.0358333
0 0.0954167 0.557917 0.0325 0.0341667
0 0.724167 0.50125 0.035 0.0391667
0 0.499167 0.251667 0.0316667 0.0333333
0 0.838333 0.63625 0.0366667 0.0425
0 0.38 0.9375 0.035 0.0366667
0 0.854583 0.246667 0.0325 0.035
0 0.735 0.704583 0.035 0.0441667
0 0.715417 0.982917 0.0375 0.0341667
0 0.912083 0.20375 0.0358333 0.0408333
0 0.231667 0.939167 0.0366667 0.04
0 0.61375 0.213333 0.0341667 0.035
0 0.526667 0.566667 0.035 0.0383333
0 0.440833 0.430833 0.0333333 0.035
0 0.577917 0.954583 0.0391667 0.0391667
0 0.455417 0.844583 0.0341667 0.0358333
0 0.0145833 0.643333 0.0291667 0.0333333
0 0.336667 0.820833 0.0333333 0.035
0 0.332083 0.452083 0.0325 0.0341667
0 0.929583 0.129583 0.0291667 0.0308333
0 0.175833 0.0329167 0.0333333 0.0358333
0 0.839583 0.811667 0.0375 0.045
0 0.0620833 0.876667 0.0341667 0.0366667
0 0.114167 0.69125 0.035 0.0375
0 0.879167 0.352083 0.035 0.0358333
0 0.581667 0.649167 0.0333333 0.0366667
0 0.686667 0.9 0.0383333 0.0416667
0 0.20375 0.50375 0.0341667 0.0375
0 0.3075 0.94375 0.035 0.0358333
0 0.15125 0.75875 0.0358333 0.0358333
0 0.609167 0.343333 0.0333333 0.035
0 0.8275 0.909583 0.035 0.0408333
0 0.692917 0.66875 0.0341667 0.0358333
0 0.918333 0.475417 0.035 0.0375
0 0.705 0.800833 0.0366667 0.04
0 0.8125 0.26625 0.0366667 0.0375
0 0.134583 0.915417 0.0308333 0.0341667
0 0.3425 0.591667 0.04 0.04
0 0.214583 0.58125 0.0358333 0.0375
0 0.7675 0.902083 0.0366667 0.0391667
0 0.939583 0.732917 0.0358333 0.0441667
0 0.889167 0.1375 0.0333333 0.0333333
0 0.08 0.91 0.0316667 0.0333333
0 0.447083 0.706667 0.0341667 0.0366667
0 0.965833 0.560417 0.0283333 0.0291667
0 0.770833 0.652917 0.0316667 0.0325
0 0.0733333 0.147083 0.035 0.0375
0 0.3425 0.89375 0.0333333 0.0341667
0 0.79625 0.558333 0.0341667 0.035
0 0.970417 0.0166667 0.0308333 0.0316667
0 0.197083 0.0633333 0.0291667 0.03
0 0.670833 0.476667 0.0333333 0.035
0 0.450833 0.582083 0.035 0.0358333
0 0.299167 0.0166667 0.035 0.0333333
0 0.134167 0.0170833 0.0316667 0.0325
0 0.5325 0.669167 0.0366667 0.04
0 0.820417 0.120417 0.0291667 0.0291667
0 0.214583 0.122083 0.0341667 0.0358333
0 0.983333 0.773333 0.0333333 0.04
0 0.159167 0.08 0.0316667 0.035
0 0.921667 0.90625 0.0316667 0.0341667
0 0.555 0.235417 0.0333333 0.0358333
0 0.70875 0.38625 0.0325 0.0341667
0 0.981667 0.69125 0.035 0.0391667
0 0.370417 0.745 0.0308333 0.0316667
0 0.600417 0.739583 0.0358333 0.0391667
0 0.982083 0.82625 0.0358333 0.0408333
0 0.84875 0.977083 0.0325 0.0375
0 0.826667 0.710417 0.035 0.0375
0 0.962917 0.459583 0.0291667 0.0291667
0 0.426667 0.675 0.0333333 0.035
0 0.302083 0.141667 0.0325 0.035
0 0.0308333 0.227917 0.0316667 0.0341667
0 0.318333 0.757917 0.035 0.0358333
0 0.47875 0.521667 0.0308333 0.03
0 0.35 0.0254167 0.0333333 0.0341667
0 0.631667 0.958333 0.0316667 0.035
0 0.678333 0.85125 0.03 0.0325
0 0.60625 0.787917 0.0308333 0.0341667
0 0.267083 0.553333 0.0341667 0.0366667
0 0.255417 0.782917 0.0325 0.0325
0 0.0725 0.765 0.0333333 0.0333333
0 0.875833 0.640417 0.035 0.0375
0 0.912917 0.55875 0.0291667 0.0325
0 0.488333 0.65625 0.0333333 0.0358333
0 0.94125 0.933333 0.0325 0.035
