0 0.0795833 0.0645833 0.0375 0.0408333
0 0.0483333 0.0141667 0.0366667 0.0283333
0 0.241667 0.538333 0.0283333 0.0283333
0 0.995417 0.567917 0.00916667 0.0291667
0 0.365833 0.11875 0.0333333 0.0358333
0 0.246667 0.345833 0.025 0.0283333
0 0.265 0.367917 0.03 0.0325
0 0.26375 0.0479167 0.0408333 0.0441667
0 0.44 0.285833 0.035 0.0366667
0 0.78 0.674167 0.0433333 0.0433333
0 0.0341667 0.618333 0.04 0.0516667
0 0.858333 0.640417 0.0383333 0.0358333
0 0.99375 0.7025 0.0125 0.03
0 0.985417 0.88625 0.0291667 0.0358333
0 0.0170833 0.320417 0.0341667 0.0408333
0 0.35 0.255 0.035 0.0366667
0 0.90875 0.724583 0.0358333 0.0425
0 0.260417 0.13125 0.0308333 0.0341667
0 0.302083 0.0220833 0.0391667 0.0408333
0 0.70625 0.284583 0.0375 0.0441667
0 0.994167 0.73875 0.0116667 0.0341667
0 0.729583 0.2275 0.0408333 0.0433333
0 0.4175 0.152917 0.04 0.0491667
0 0.58 0.19 0.0316667 0.0333333
0 0.895833 0.840833 0.0383333 0.04
0 0.554583 0.128333 0.0391667 0.0383333
0 0.844583 0.992083 0.0325 0.0158333
0 0.22375 0.242917 0.0358333 0.0441667
0 0.43625 0.99125 0.0275 0.0158333
0 0.92125 0.113333 0.0325 0.035
0 0.895833 0.258333 0.0316667 0.0333333
0 0.837083 0.0533333 0.0375 0.045
0 0.2675 0.644583 0.04 0.0425
0 0.840833 0.8075 0.04 0.0466667
0 0.0354167 0.201667 0.0408333 0.0483333
0 0.940833 0.771667 0.035 0.035
0 0.764583 0.978333 0.0425 0.0416667
0 0.62125 0.802083 0.0275 0.0275
0 0.96375 0.114583 0.0308333 0.0341667
0 0.275833 0.890417 0.0333333 0.0358333
0 0.0695833 0.91625 0.0358333 0.0391667
0 0.182917 0.00958333 0.0191667 0.0175
0 0.065 0.40625 0.0333333 0.0375
0 0.172917 0.40625 0.0308333 0.0325
0 0.451667 0.114167 0.0366667 0.0383333
0 0.750417 0.334583 0.0375 0.0408333
0 0.282917 0.280417 0.0391667 0.0408333
0 0.192917 0.292083 0.0291667 0.0308333
0 0.71625 0.3525 0.0358333 0.0416667
0 0.0654167 0.145417 0.0341667 0.0358333
0 0.217917 0.355833 0.0275 0.0283333
0 0.962083 0.0295833 0.0341667 0.0391667
0 0.986667 0.0516667 0.0266667 0.035
0 0.785 0.196667 0.0366667 0.0366667
0 0.637917 0.408333 0.0275 0.03
0 0.540833 0.927083 0.04 0.0425
0 0.352917 0.0675 0.0391667 0.0416667
0 0.525417 0.0175 0.0341667 0.035
0 0.534583 0.623333 0.0341667 0.0366667
0 0.707917 0.467917 0.0341667 0.0341667
0 0.130417 0.6475 0.0325 0.0366667
0 0.746667 0.182917 0.0366667 0.0408333
0 0.720833 0.90375 0.0366667 0.0441667
0 0.698333 0.1525 0.035 0.0366667
0 0.138333 0.505 0.035 0.0366667
0 0.875417 0.778333 0.0408333 0.045
0 0.0491667 0.800833 0.0383333 0.045
0 0.0358333 0.286667 0.0366667 0.04
0 0.588333 0.922083 0.03 0.0308333
0 0.850833 0.165 0.0366667 0.0416667
0 0.209583 0.730417 0.0375 0.0375
0 0.0154167 0.505417 0.0308333 0.0358333
0 0.209583 0.05375 0.0358333 0.0375
0 0.17875 0.549167 0.0258333 0.0283333
0 0.258333 0.752917 0.04 0.0441667
0 0.950417 0.177083 0.0375 0.0408333
0 0.02875 0.70875 0.0325 0.0358333
0 0.565417 0.504583 0.0375 0.0408333
0 0.364583 0.205417 0.0358333 0.0408333
0 0.361667 0.156667 0.0366667 0.0383333
0 0.681667 0.822083 0.03 0.0325
0 0.17875 0.784583 0.0358333 0.0425
0 0.065 0.45125 0.0333333 0.0358333
0 0.69 0.225 0.0333333 0.0366667
0 0.660417 0.0558333 0.0325 0.0333333
0 0.99 0.8325 0.0183333 0.035
0 0.230833 0.393333 0.0366667 0.04
0 0.729167 0.817917 0.0333333 0.0358333
0 0.622083 0.18625 0.0375 0.0408333
0 0.055 0.517083 0.0283333 0.0291667
0 0.261667 0.689167 0.0383333 0.045
0 0.0466667 0.959583 0.0333333 0.0341667
0 0.0708333 0.568333 0.0366667 0.0383333
0 0.448333 0.5825 0.0333333 0.035
0 0.139583 0.0870833 0.0358333 0.0375
0 0.4025 0.333333 0.0366667 0.0383333
0 0.430833 0.379167 0.035 0.04
0 0.105833 0.180417 0.0283333 0.0275
0 0.969167 0.607917 0.0333333 0.0391667
0 0.93625 0.952917 0.0325 0.0358333
0 0.308333 0.416667 0.0366667 0.045
0 0.203333 0.633333 0.0383333 0.0416667
0 0.0958333 0.680833 0.035 0.0366667
0 0.85 0.231667 0.035 0.04
0 0.17875 0.736667 0.0375 0.0416667
0 0.674583 0.927917 0.0358333 0.0408333
0 0.127083 0.29875 0.0358333 0.0391667
0 0.551667 0.374167 0.025 0.0266667
0 0.108333 0.849167 0.0366667 0.04
0 0.391667 0.465 0.0383333 0.0416667
0 0.122917 0.8175 0.0375 0.04
0 0.0958333 0.34125 0.03 0.0308333
0 0.499167 0.205417 0.0383333 0.0408333
0 0.33 0.335417 0.035 0.0375
0 0.704167 0.4275 0.0316667 0.0333333
0 0.411667 0.0791667 0.0333333 0.035
0 0.18625 0.370833 0.0291667 0.0333333
0 0.339583 0.37125 0.0308333 0.0341667
0 0.345417 0.525 0.0375 0.0433333
0 0.969167 0.987083 0.0316667 0.0241667
0 0.762917 0.0979167 0.0341667 0.0358333
0 0.570833 0.255417 0.0333333 0.0358333
0 0.624583 0.0258333 0.0341667 0.035
0 0.175417 0.461667 0.0291667 0.0316667
0 0.37375 0.2775 0.0325 0.0333333
0 0.288333 0.470417 0.035 0.0375
0 0.1525 0.66875 0.0283333 0.0308333
0 0.462917 0.0141667 0.0291667 0.0283333
0 0.825417 0.730833 0.0375 0.0416667
0 0.648333 0.163333 0.035 0.0366667
0 0.30875 0.53875 0.0308333 0.0341667
0 0.982917 0.175 0.0341667 0.04
0 0.562917 0.96625 0.0341667 0.0375
0 0.102917 0.230417 0.0341667 0.0341667
0 0.600833 0.82625 0.0333333 0.0358333
0 0.0316667 0.137083 0.035 0.0375
0 0.111667 0.45625 0.035 0.0408333
0 0.777917 0.9175 0.0341667 0.0383333
0 0.18875 0.197917 0.0341667 0.0358333
0 0.137917 0.57375 0.0325 0.0341667
0 0.829583 0.951667 0.0308333 0.0333333
0 0.48625 0.34625 0.0325 0.0358333
0 0.324583 0.737917 0.0341667 0.0341667
0 0.525 0.0470833 0.0316667 0.0341667
0 0.50125 0.124583 0.0358333 0.0375
0 0.575417 0.365 0.0341667 0.0366667
0 0.787083 0.707917 0.0341667 0.0358333
0 0.720833 0.0383333 0.0316667 0.035
0 0.247083 0.442083 0.0358333 0.0391667
0 0.455417 0.500417 0.0325 0.0325
0 0.0341667 0.855417 0.035 0.0375
0 0.495417 0.563333 0.0358333 0.04
0 0.663333 0.277917 0.03 0.0308333
0 0.59625 0.42625 0.0358333 0.0391667
0 0.9175 0.68 0.035 0.0383333
0 0.965 0.671667 0.03 0.0333333
0 0.412083 0.657083 0.0341667 0.0358333
0 0.567917 0.0745833 0.0341667 0.0391667
0 0.0175 0.964583 0.0316667 0.0341667
0 0.277083 0.56875 0.0325 0.0358333
0 0.505417 0.406667 0.0358333 0.0383333
0 0.464583 0.2575 0.0341667 0.0366667
0 0.892083 0.952083 0.0341667 0.0358333
0 0.706667 0.74375 0.035 0.0391667
0 0.643333 0.325417 0.03 0.0308333
0 0.125417 0.716667 0.0341667 0.035
0 0.350833 0.42 0.0366667 0.04
