0 0.67875 0.0625 0.0325 0.0333333
0 0.56125 0.860833 0.0325 0.035
0 0.435 0.655833 0.0316667 0.0333333
0 0.235833 0.955833 0.03 0.0316667
0 0.993333 0.2575 0.0133333 0.0333333
0 0.797083 0.385417 0.0291667 0.0341667
0 0.73125 0.50375 0.0325 0.0341667
0 0.73875 0.990417 0.0258333 0.0191667
0 0.995 0.0245833 0.01 0.0275
0 0.969167 0.55875 0.0316667 0.0358333
0 0.732917 0.582917 0.0275 0.0325
0 0.9 0.645833 0.0416667 0.0483333
0 0.980833 0.454583 0.0366667 0.0425
0 0.0408333 0.175417 0.0433333 0.0458333
0 0.777917 0.1725 0.0308333 0.035
0 0.359583 0.427917 0.0308333 0.0341667
0 0.722083 0.745 0.0308333 0.0333333
0 0.384583 0.530833 0.0358333 0.0366667
0 0.297083 0.769167 0.0425 0.0483333
0 0.205833 0.440833 0.0333333 0.035
0 0.24375 0.99 0.0358333 0.02
0 0.684167 0.909167 0.0383333 0.045
0 0.744583 0.951667 0.0391667 0.0416667
0 0.347917 0.80375 0.0275 0.0291667
0 0.731667 0.71375 0.03 0.0325
0 0.8825 0.355833 0.0366667 0.0416667
0 0.04 0.45375 0.04 0.0425
0 0.40875 0.975833 0.0358333 0.0433333
0 0.656667 0.22375 0.035 0.0391667
0 0.01625 0.567083 0.0325 0.0425
0 0.323333 0.29125 0.0333333 0.0341667
0 0.124583 0.0425 0.0391667 0.0433333
0 0.984167 0.0475 0.0316667 0.04
0 0.0516667 0.508333 0.0416667 0.045
0 0.572917 0.02625 0.0375 0.0391667
0 0.9825 0.78625 0.035 0.0425
0 0.47375 0.065 0.0325 0.0316667
0 0.513333 0.464167 0.0366667 0.0416667
0 0.84125 0.18375 0.0391667 0.0408333
0 0.177917 0.6475 0.0408333 0.045
0 0.422917 0.167917 0.0391667 0.0441667
0 0.919583 0.692917 0.0308333 0.0341667
0 0.645417 0.290833 0.0391667 0.0433333
0 0.0475 0.89875 0.035 0.0375
0 0.165 0.980417 0.0333333 0.0325
0 0.68125 0.735417 0.0275 0.0308333
0 0.577917 0.62 0.0308333 0.0366667
0 0.325833 0.2275 0.0366667 0.04
0 0.114583 0.901667 0.0391667 0.0433333
0 0.849167 0.240417 0.0316667 0.0358333
0 0.443333 0.8975 0.04 0.0433333
0 0.494167 0.0958333 0.0366667 0.0383333
0 0.935833 0.250417 0.04 0.0408333
0 0.332083 0.340833 0.0341667 0.0366667
0 0.412083 0.625417 0.0325 0.0358333
0 0.837083 0.0504167 0.0358333 0.0408333
0 0.00875 0.831667 0.0175 0.035
0 0.167083 0.745833 0.0325 0.035
0 0.0516667 0.121667 0.0366667 0.0416667
0 0.0770833 0.0816667 0.0408333 0.0416667
0 0.502083 0.85625 0.0358333 0.0391667
0 0.07 0.694167 0.0383333 0.0383333
0 0.730417 0.469167 0.0325 0.0366667
0 0.7975 0.687917 0.0383333 0.0425
0 0.482083 0.64 0.0375 0.0416667
0 0.304583 0.474583 0.0358333 0.0375
0 0.975833 0.386667 0.0316667 0.0366667
0 0.857083 0.57625 0.0325 0.0358333
0 0.134167 0.47625 0.0366667 0.0391667
0 0.230833 0.582083 0.0383333 0.0425
0 0.631667 0.480417 0.0383333 0.0425
0 0.535417 0.595417 0.0375 0.0391667
0 0.496667 0.304583 0.0366667 0.0408333
0 0.162083 0.801667 0.0408333 0.045
0 0.137917 0.547083 0.0308333 0.0341667
0 0.01 0.7375 0.02 0.035
0 0.954167 0.326667 0.035 0.0416667
0 0.296667 0.72375 0.04 0.0441667
0 0.900417 0.420417 0.0408333 0.0408333
0 0.673333 0.975 0.0366667 0.0383333
0 0.542083 0.412083 0.0325 0.0391667
0 0.829583 0.732917 0.0358333 0.0375
0 0.814583 0.485417 0.0341667 0.0358333
0 0.31125 0.965833 0.0375 0.0416667
0 0.18875 0.920417 0.0391667 0.0425
0 0.450417 0.2825 0.0308333 0.0316667
0 0.647083 0.77875 0.0375 0.0408333
0 0.809167 0.614167 0.035 0.04
0 0.81875 0.390417 0.0308333 0.0325
0 0.799583 0.737083 0.0408333 0.0408333
0 0.7825 0.4975 0.0366667 0.04
0 0.14625 0.86375 0.0358333 0.0375
0 0.911667 0.480833 0.0333333 0.0366667
0 0.34375 0.556667 0.0375 0.0416667
0 0.485833 0.402083 0.0366667 0.0408333
0 0.33875 0.85125 0.0341667 0.0375
0 0.910833 0.0875 0.0366667 0.0416667
0 0.762917 0.122917 0.0358333 0.0391667
0 0.2375 0.65 0.04 0.0416667
0 0.79 0.02125 0.0333333 0.0358333
0 0.300417 0.174583 0.0341667 0.0341667
0 0.4625 0.9875 0.035 0.025
0 0.906667 0.74375 0.035 0.0391667
0 0.592917 0.19 0.0341667 0.0366667
0 0.220833 0.501667 0.0366667 0.04
0 0.24875 0.738333 0.0358333 0.0383333
0 0.6325 0.920833 0.0333333 0.0366667
0 0.364583 0.912917 0.0308333 0.0325
0 0.613333 0.33 0.0333333 0.0366667
0 0.272917 0.69125 0.0341667 0.0375
0 0.703333 0.418333 0.035 0.0366667
0 0.929167 0.0191667 0.0366667 0.0383333
0 0.489167 0.22 0.0383333 0.04
0 0.435 0.58 0.0333333 0.0366667
0 0.601667 0.951667 0.035 0.0366667
0 0.484167 0.765 0.0316667 0.0333333
0 0.375417 0.147083 0.0341667 0.0391667
0 0.798333 0.446667 0.0316667 0.0333333
0 0.639167 0.13625 0.03 0.0308333
0 0.662917 0.54875 0.0341667 0.0375
0 0.354167 0.645833 0.035 0.0366667
0 0.7 0.56375 0.0333333 0.0375
0 0.857083 0.4525 0.0341667 0.0366667
0 0.515833 0.144167 0.0366667 0.0383333
0 0.700833 0.791667 0.035 0.0366667
0 0.0154167 0.68 0.0308333 0.035
0 0.575417 0.515417 0.0341667 0.0358333
0 0.398333 0.37 0.0366667 0.04
0 0.544167 0.675417 0.035 0.0391667
0 0.7725 0.82125 0.0383333 0.0391667
0 0.7475 0.431667 0.03 0.0316667
0 0.542083 0.915 0.0291667 0.0333333
0 0.140417 0.613333 0.0341667 0.0366667
0 0.154583 0.015 0.0341667 0.03
0 0.378333 0.271667 0.0333333 0.0366667
0 0.0595833 0.770833 0.0358333 0.045
0 0.55125 0.371667 0.0341667 0.0366667
0 0.572917 0.772083 0.0341667 0.0375
0 0.8975 0.201667 0.0366667 0.04
0 0.430833 0.48875 0.035 0.0358333
0 0.240417 0.822083 0.0358333 0.0425
0 0.0191667 0.104583 0.0366667 0.0408333
0 0.665417 0.187083 0.0308333 0.0325
0 0.87625 0.515833 0.0325 0.035
0 0.2425 0.892917 0.0283333 0.0291667
0 0.729583 0.684583 0.0341667 0.0358333
0 0.588333 0.26 0.035 0.04
0 0.0916667 0.577083 0.0316667 0.0341667
0 0.40625 0.821667 0.0308333 0.0333333
0 0.837083 0.84 0.0358333 0.04
0 0.8725 0.767917 0.0316667 0.0341667
0 0.442917 0.429583 0.0341667 0.0375
0 0.974583 0.51875 0.0341667 0.0358333
0 0.0595833 0.645833 0.0325 0.035
0 0.756667 0.870833 0.0333333 0.0366667
0 0.393333 0.45 0.035 0.0383333
0 0.774167 0.757083 0.0366667 0.0391667
0 0.174583 0.362917 0.0341667 0.0358333
0 0.64125 0.603333 0.0358333 0.04
0 0.737917 0.64 0.0308333 0.0333333
0 0.497917 0.574583 0.0341667 0.0375
0 0.415417 0.88 0.0308333 0.035
0 0.870833 0.291667 0.035 0.0383333
0 0.497917 0.96375 0.0308333 0.0358333
0 0.30625 0.4225 0.0341667 0.035
0 0.862083 0.397917 0.0308333 0.0308333
0 0.214583 0.392917 0.0325 0.0341667
0 0.625833 0.879583 0.0333333 0.0358333
0 0.615833 0.419583 0.035 0.0375
0 0.780833 0.35375 0.03 0.0308333
0 0.206667 0.971667 0.03 0.0316667
0 0.547083 0.485 0.0341667 0.0383333
0 0.27125 0.839583 0.0325 0.0341667
0 0.08125 0.961667 0.0308333 0.0333333
0 0.230417 0.930417 0.0325 0.0341667
0 0.552917 0.161667 0.0325 0.035
0 0.295 0.55875 0.03 0.0341667
0 0.65125 0.0133333 0.0358333 0.025
0 0.62125 0.679583 0.0325 0.0341667
0 0.01625 0.955 0.0325 0.035
0 0.30375 0.92625 0.0341667 0.0391667
0 0.847917 0.80125 0.0341667 0.0358333
0 0.311667 0.862917 0.0333333 0.0358333
0 0.595 0.589583 0.0316667 0.0341667
0 0.0741667 0.809167 0.0333333 0.0366667
0 0.859583 0.110417 0.0341667 0.0375
0 0.357083 0.710417 0.0308333 0.0341667
0 0.91375 0.155417 0.0341667 0.0391667
0 0.609167 0.838333 0.035 0.0366667
0 0.402083 0.73 0.0325 0.035
0 0.720833 0.0154167 0.0366667 0.0308333
0 0.68625 0.655833 0.0358333 0.0366667
0 0.78125 0.535833 0.0341667 0.0366667
0 0.703333 0.11125 0.0333333 0.0341667
0 0.199167 0.534167 0.0316667 0.035
0 0.604167 0.127917 0.0316667 0.0341667
