0 0.193333 0.209583 0.035 0.0425
0 0.0670833 0.225833 0.0341667 0.0366667
0 0.815833 0.940833 0.0366667 0.0433333
0 0.239583 0.582083 0.0358333 0.0375
0 0.897917 0.385833 0.0425 0.0483333
0 0.544167 0.95 0.0433333 0.05
0 0.353333 0.98 0.04 0.04
0 0.932083 0.839583 0.0441667 0.0525
0 0.109167 0.02375 0.0383333 0.0375
0 0.844167 0.69625 0.0366667 0.0408333
0 0.45375 0.855417 0.0308333 0.0308333
0 0.949167 0.916667 0.045 0.0483333
0 0.03875 0.193333 0.0425 0.0466667
0 0.384583 0.900833 0.0441667 0.045
0 0.619583 0.65375 0.0408333 0.0425
0 0.269167 0.29375 0.0433333 0.0441667
0 0.439167 0.826667 0.0366667 0.0466667
0 0.498333 0.225833 0.025 0.025
0 0.284167 0.04125 0.04 0.0441667
0 0.189583 0.325417 0.0308333 0.0308333
0 0.295833 0.38 0.0383333 0.0466667
0 0.6 0.767917 0.035 0.0391667
0 0.55875 0.259583 0.0325 0.0341667
0 0.314583 0.832917 0.0341667 0.0375
0 0.596667 0.992917 0.0316667 0.0141667
0 0.72 0.0895833 0.0283333 0.0308333
0 0.115417 0.683333 0.0391667 0.0416667
0 0.0979167 0.165833 0.0375 0.0483333
0 0.56875 0.684583 0.0408333 0.0408333
0 0.745 0.644583 0.0366667 0.0391667
0 0.744583 0.960417 0.0375 0.0425
0 0.251667 0.45 0.0383333 0.0433333
0 0.252917 0.0658333 0.0391667 0.04
0 0.279167 0.89125 0.0366667 0.0375
0 0.227917 0.219167 0.0358333 0.0383333
0 0.07 0.737083 0.0366667 0.0425
0 0.824167 0.442917 0.035 0.0358333
0 0.10875 0.622083 0.0408333 0.0441667
0 0.380833 0.444583 0.0383333 0.0441667
0 0.50375 0.879167 0.0375 0.0433333
0 0.964583 0.697083 0.0391667 0.0408333
0 0.149167 0.990417 0.0316667 0.0191667
0 0.59125 0.803333 0.0358333 0.0433333
0 0.169583 0.270417 0.0408333 0.0425
0 0.246667 0.990417 0.0266667 0.0191667
0 0.161667 0.622917 0.0383333 0.0408333
0 0.259583 0.134583 0.0425 0.0458333
0 0.294167 0.205417 0.0366667 0.0375
0 0.394583 0.0541667 0.0325 0.035
0 0.513333 0.139167 0.04 0.0433333
0 0.660833 0.759167 0.0383333 0.04
0 0.323333 0.255833 0.035 0.0366667
0 0.445417 0.0783333 0.0341667 0.0383333
0 0.235 0.93375 0.0366667 0.0391667
0 0.931667 0.5475 0.0383333 0.0433333
0 0.23875 0.313333 0.0308333 0.0333333
0 0.712083 0.902083 0.0341667 0.0375
0 0.441667 0.214167 0.0383333 0.0383333
0 0.0804167 0.335833 0.0341667 0.0383333
0 0.807917 0.990417 0.0341667 0.0191667
0 0.567083 0.0666667 0.0375 0.04
0 0.710417 0.7375 0.0358333 0.04
0 0.16125 0.147917 0.0325 0.0358333
0 0.937083 0.394167 0.0358333 0.04
0 0.68 0.8225 0.0366667 0.04
0 0.58875 0.883333 0.0391667 0.045
0 0.7375 0.202917 0.0333333 0.0358333
0 0.734167 0.797917 0.035 0.0408333
0 0.9025 0.924583 0.04 0.0458333
0 0.23875 0.168333 0.0341667 0.0383333
0 0.751667 0.0175 0.035 0.035
0 0.450417 0.2625 0.0358333 0.0366667
0 0.9875 0.732083 0.025 0.0358333
0 0.12125 0.299167 0.0341667 0.035
0 0.627083 0.20375 0.0375 0.0408333
0 0.68875 0.594583 0.0341667 0.0375
0 0.889583 0.966667 0.0358333 0.0366667
0 0.345 0.0720833 0.0383333 0.0441667
0 0.904583 0.4675 0.0358333 0.0383333
0 0.249583 0.0120833 0.0341667 0.0241667
0 0.725417 0.535 0.0341667 0.0366667
0 0.72875 0.0466667 0.0341667 0.04
0 0.859167 0.848333 0.0366667 0.04
0 0.0358333 0.282083 0.0366667 0.0408333
0 0.126667 0.495833 0.035 0.04
0 0.16625 0.971667 0.0341667 0.035
0 0.56375 0.195 0.0375 0.0383333
0 0.384583 0.335417 0.0358333 0.0391667
0 0.108333 0.25375 0.0316667 0.0325
0 0.658333 0.0708333 0.035 0.0366667
0 0.6725 0.137083 0.0333333 0.0341667
0 0.275 0.409167 0.0383333 0.0383333
0 0.115417 0.340833 0.0325 0.0333333
0 0.819167 0.905833 0.0366667 0.0383333
0 0.225833 0.0791667 0.0316667 0.035
0 0.475417 0.165833 0.0358333 0.0366667
0 0.117917 0.423333 0.0341667 0.0383333
0 0.637083 0.01 0.0341667 0.02
0 0.905833 0.617083 0.0366667 0.0391667
0 0.392917 0.1325 0.0375 0.04
0 0.0520833 0.4425 0.0341667 0.0366667
0 0.428333 0.78625 0.0316667 0.0341667
0 0.0766667 0.68625 0.035 0.0375
0 0.634167 0.9175 0.0333333 0.0333333
0 0.603333 0.1425 0.0366667 0.04
0 0.29875 0.516667 0.0325 0.035
0 0.159167 0.390417 0.0266667 0.0275
0 0.111667 0.545833 0.0366667 0.04
0 0.510417 0.0570833 0.0341667 0.0358333
0 0.521667 0.764167 0.0316667 0.035
0 0.115 0.955417 0.0316667 0.0341667
0 0.42875 0.434583 0.0341667 0.0358333
0 0.757917 0.15125 0.0358333 0.0358333
0 0.83125 0.0870833 0.0325 0.0341667
0 0.74125 0.854167 0.0358333 0.0366667
0 0.584583 0.241667 0.0308333 0.03
0 0.179167 0.47375 0.0316667 0.0341667
0 0.806667 0.510417 0.03 0.0325
0 0.04125 0.10125 0.0325 0.0375
0 0.9825 0.537083 0.035 0.0391667
0 0.31125 0.102083 0.0358333 0.0408333
0 0.95125 0.78375 0.0358333 0.0408333
0 0.3275 0.36 0.0383333 0.04
0 0.435833 0.127917 0.035 0.0358333
0 0.27375 0.47875 0.0341667 0.0358333
0 0.035 0.0366667 0.03 0.0316667
0 0.66625 0.0141667 0.0275 0.0283333
0 0.05875 0.00958333 0.0325 0.0191667
0 0.37125 0.0991667 0.0341667 0.0366667
0 0.335833 0.223333 0.0333333 0.035
0 0.37875 0.237083 0.0308333 0.0325
0 0.640417 0.7975 0.0341667 0.0366667
0 0.0183333 0.495833 0.0333333 0.0366667
0 0.208333 0.417083 0.0316667 0.0341667
0 0.188333 0.50875 0.0333333 0.0358333
0 0.986667 0.598333 0.0266667 0.0416667
0 0.161667 0.0858333 0.03 0.0316667
0 0.229167 0.352083 0.0333333 0.0375
