0 0.700833 0.7075 0.0416667 0.0483333
0 0.410833 0.23625 0.0416667 0.0458333
0 0.0191667 0.92 0.0383333 0.045
0 0.63375 0.597083 0.0341667 0.0391667
0 0.329583 0.754167 0.0425 0.045
0 0.95125 0.902917 0.0358333 0.0391667
0 0.9625 0.567083 0.03 0.0308333
0 0.329583 0.429583 0.0408333 0.0458333
0 0.787083 0.519167 0.0358333 0.04
0 0.391667 0.530833 0.0366667 0.045
0 0.865 0.739583 0.0433333 0.0475
0 0.990417 0.113333 0.0191667 0.035
0 0.675417 0.335417 0.0375 0.0425
0 0.720833 0.0295833 0.0333333 0.0358333
0 0.409167 0.739583 0.0366667 0.0441667
0 0.122917 0.555417 0.0275 0.0291667
0 0.814583 0.38375 0.0358333 0.0358333
0 0.240833 0.455 0.0433333 0.0433333
0 0.105 0.649583 0.0433333 0.0475
0 0.9925 0.44875 0.015 0.0341667
0 0.558333 0.0220833 0.0366667 0.0391667
0 0.144167 0.9125 0.0416667 0.0416667
0 0.0108333 0.37625 0.0216667 0.0358333
0 0.507083 0.169167 0.0358333 0.045
0 0.744167 0.847917 0.04 0.0475
0 0.30875 0.570417 0.0408333 0.0458333
0 0.481667 0.110417 0.0316667 0.0358333
0 0.5225 0.519167 0.0416667 0.05
0 0.360417 0.280833 0.0425 0.0516667
0 0.745417 0.599167 0.0391667 0.0466667
0 0.487917 0.208333 0.0375 0.04
0 0.576667 0.515417 0.0316667 0.0358333
0 0.18875 0.575 0.0358333 0.0416667
0 0.0495833 0.637917 0.0408333 0.0475
0 0.575833 0.659583 0.04 0.0441667
0 0.184583 0.73625 0.0391667 0.0425
0 0.45375 0.837917 0.0308333 0.0325
0 0.63875 0.4825 0.0358333 0.0416667
0 0.97375 0.505833 0.0375 0.0416667
0 0.0320833 0.5075 0.0358333 0.0383333
0 0.664167 0.197917 0.0316667 0.0341667
0 0.590417 0.725417 0.0408333 0.0425
0 0.0816667 0.934583 0.0283333 0.0308333
0 0.962083 0.254167 0.0391667 0.0416667
0 0.932917 0.1425 0.0391667 0.0433333
0 0.0825 0.395417 0.0433333 0.0425
0 0.595 0.0316667 0.0383333 0.0416667
0 0.42875 0.359583 0.0391667 0.0408333
0 0.651667 0.177083 0.025 0.0275
0 0.250833 0.65375 0.0333333 0.0358333
0 0.170833 0.144167 0.035 0.0366667
0 0.542083 0.400417 0.0375 0.0408333
0 0.976667 0.639583 0.0283333 0.0308333
0 0.503333 0.920417 0.0383333 0.0425
0 0.700833 0.62125 0.04 0.0458333
0 0.832917 0.05125 0.0341667 0.0341667
0 0.8775 0.165 0.0366667 0.0416667
0 0.99 0.95875 0.0183333 0.0375
0 0.560417 0.292083 0.0375 0.0425
0 0.992083 0.395417 0.0158333 0.0325
0 0.793333 0.102083 0.0366667 0.0358333
0 0.614583 0.329167 0.0375 0.0433333
0 0.127917 0.27375 0.0341667 0.0358333
0 0.610833 0.2175 0.0366667 0.0416667
0 0.86125 0.556667 0.0391667 0.0416667
0 0.275417 0.542917 0.0341667 0.0358333
0 0.697083 0.496667 0.0358333 0.0383333
0 0.07375 0.330833 0.0358333 0.0416667
0 0.874583 0.32375 0.0341667 0.0391667
0 0.284167 0.727083 0.0383333 0.0408333
0 0.763333 0.4475 0.0316667 0.0333333
0 0.78875 0.25 0.0375 0.0383333
0 0.46625 0.5925 0.0358333 0.0366667
0 0.445 0.65625 0.0383333 0.0425
0 0.745833 0.76875 0.0383333 0.0408333
0 0.3175 0.6925 0.0366667 0.04
0 0.199583 0.259583 0.0341667 0.0358333
0 0.64625 0.801667 0.0391667 0.0433333
0 0.910833 0.432083 0.035 0.0358333
0 0.40125 0.421667 0.0358333 0.0383333
0 0.385833 0.0304167 0.0383333 0.0425
0 0.0166667 0.433333 0.0333333 0.0416667
0 0.35125 0.581667 0.0391667 0.0433333
0 0.471667 0.397917 0.04 0.0391667
0 0.115833 0.98625 0.0316667 0.0258333
0 0.0629167 0.704583 0.0341667 0.0375
0 0.81125 0.35625 0.0375 0.0391667
0 0.370833 0.66875 0.035 0.0341667
0 0.934583 0.383333 0.0341667 0.035
0 0.497917 0.0666667 0.0325 0.035
0 0.762917 0.0295833 0.0325 0.0341667
0 0.887083 0.055 0.0358333 0.0383333
0 0.28 0.1925 0.0333333 0.0366667
0 0.0308333 0.855 0.0283333 0.03
0 0.21 0.76 0.0333333 0.0366667
0 0.35125 0.197917 0.0358333 0.0408333
0 0.456667 0.810417 0.0316667 0.0341667
0 0.15625 0.50125 0.0358333 0.0391667
0 0.9425 0.34375 0.035 0.0375
0 0.630417 0.0158333 0.0341667 0.0316667
0 0.297083 0.990833 0.0325 0.0183333
0 0.311667 0.515833 0.0316667 0.035
0 0.686667 0.252083 0.0366667 0.0375
0 0.518333 0.865417 0.0366667 0.0375
0 0.875417 0.409583 0.0375 0.0391667
0 0.0491667 0.970833 0.03 0.0316667
0 0.22375 0.315833 0.0358333 0.0366667
0 0.791667 0.655833 0.0366667 0.04
0 0.655417 0.0391667 0.0308333 0.0333333
0 0.91875 0.0358333 0.0325 0.0366667
0 0.0395833 0.2125 0.0291667 0.0316667
0 0.119167 0.200417 0.0283333 0.0308333
0 0.459583 0.955833 0.0358333 0.0383333
0 0.395833 0.91125 0.0283333 0.0308333
0 0.675417 0.4475 0.0358333 0.0383333
0 0.277917 0.87875 0.0358333 0.0358333
0 0.249167 0.708333 0.0316667 0.0333333
0 0.262083 0.82625 0.0341667 0.0358333
0 0.737917 0.117083 0.0308333 0.0325
0 0.719583 0.2325 0.0308333 0.035
0 0.9425 0.475833 0.0316667 0.035
0 0.955 0.01125 0.025 0.0208333
0 0.25875 0.368333 0.0375 0.04
0 0.600417 0.09875 0.0358333 0.0408333
0 0.257083 0.233333 0.0341667 0.0383333
0 0.03375 0.776667 0.0375 0.0383333
0 0.968333 0.0991667 0.035 0.035
0 0.4875 0.0275 0.0316667 0.035
0 0.524167 0.227917 0.0366667 0.0391667
0 0.117083 0.472917 0.0341667 0.0358333
0 0.483333 0.357917 0.035 0.0375
0 0.615833 0.1675 0.035 0.0383333
0 0.847083 0.461667 0.0341667 0.035
0 0.33875 0.320417 0.0375 0.0391667
0 0.26 0.159167 0.0333333 0.0366667
0 0.798333 0.192917 0.0333333 0.0358333
0 0.435417 0.550833 0.0375 0.04
0 0.416667 0.1025 0.035 0.0383333
0 0.51125 0.677917 0.0358333 0.0425
0 0.03625 0.882917 0.0291667 0.0308333
0 0.811667 0.472083 0.0333333 0.0358333
0 0.91125 0.699583 0.0275 0.0291667
0 0.3625 0.842083 0.0316667 0.0325
0 0.760417 0.729583 0.0358333 0.0375
0 0.730833 0.34875 0.0333333 0.0341667
0 0.807917 0.592917 0.0358333 0.0375
0 0.127083 0.725833 0.0325 0.035
0 0.3775 0.0945833 0.0383333 0.0391667
0 0.690417 0.08875 0.0325 0.0341667
0 0.910833 0.58625 0.0316667 0.0341667
0 0.7825 0.396667 0.0316667 0.035
0 0.40625 0.869167 0.0341667 0.0366667
0 0.665833 0.566667 0.0333333 0.035
0 0.792917 0.32375 0.0358333 0.0375
0 0.32125 0.904583 0.0341667 0.0358333
0 0.0908333 0.867083 0.0316667 0.0341667
0 0.825 0.749167 0.0333333 0.0366667
0 0.309167 0.445833 0.0316667 0.0333333
0 0.609167 0.660417 0.0333333 0.0358333
0 0.26875 0.614583 0.0325 0.0358333
0 0.718333 0.05375 0.0316667 0.0308333
0 0.15375 0.615 0.0358333 0.04
0 0.530833 0.593333 0.0333333 0.0366667
0 0.50375 0.775417 0.0325 0.0341667
0 0.727083 0.55 0.0325 0.0333333
0 0.207083 0.404167 0.0341667 0.0366667
0 0.884583 0.6475 0.0308333 0.0333333
