0 0.952083 0.480833 0.0325 0.035
0 0.175833 0.127917 0.0366667 0.0391667
0 0.0633333 0.41625 0.04 0.0458333
0 0.0916667 0.184583 0.0316667 0.0358333
0 0.99125 0.673333 0.0158333 0.0383333
0 0.330417 0.358333 0.0458333 0.0483333
0 0.994167 0.49 0.0116667 0.0316667
0 0.640833 0.179583 0.03 0.0325
0 0.994167 0.602917 0.0116667 0.0325
0 0.112917 0.87625 0.0375 0.0391667
0 0.189583 0.0108333 0.0375 0.0216667
0 0.0920833 0.390417 0.0425 0.0458333
0 0.458333 0.2775 0.0316667 0.035
0 0.423333 0.205833 0.0383333 0.0383333
0 0.72375 0.00916667 0.0358333 0.0183333
0 0.473333 0.935417 0.045 0.0491667
0 0.898333 0.87375 0.0416667 0.0458333
0 0.8175 0.0591667 0.0366667 0.04
0 0.934583 0.620833 0.0391667 0.0466667
0 0.659583 0.0183333 0.0358333 0.0366667
0 0.605833 0.98125 0.0316667 0.0325
0 0.91875 0.914583 0.0375 0.0408333
0 0.76875 0.0891667 0.0341667 0.04
0 0.281667 0.0245833 0.0333333 0.0358333
0 0.786667 0.93875 0.03 0.0325
0 0.617917 0.185 0.0358333 0.04
0 0.321667 0.28375 0.0383333 0.0508333
0 0.3325 0.789583 0.04 0.0441667
0 0.69875 0.50125 0.0391667 0.0441667
0 0.275 0.339167 0.03 0.0333333
0 0.0516667 0.3075 0.0366667 0.04
0 0.11875 0.0679167 0.0308333 0.0341667
0 0.474167 0.0495833 0.0283333 0.0325
0 0.634167 0.0725 0.0433333 0.0483333
0 0.220417 0.870417 0.0375 0.0391667
0 0.264583 0.45375 0.0325 0.0341667
0 0.809167 0.104583 0.0383333 0.0475
0 0.0108333 0.453333 0.0216667 0.0416667
0 0.14125 0.0320833 0.0375 0.0408333
0 0.055 0.632917 0.0333333 0.0375
0 0.760833 0.87375 0.0366667 0.0408333
0 0.609583 0.924583 0.0391667 0.0425
0 0.259167 0.526667 0.0383333 0.0433333
0 0.564167 0.790417 0.0433333 0.0441667
0 0.902083 0.779583 0.0325 0.0358333
0 0.31375 0.454167 0.0358333 0.0416667
0 0.9025 0.353333 0.0366667 0.0416667
0 0.22 0.0354167 0.035 0.0391667
0 0.225833 0.927917 0.0366667 0.0408333
0 0.44875 0.165417 0.0325 0.0341667
0 0.614167 0.777917 0.04 0.0441667
0 0.566667 0.947917 0.0333333 0.0358333
0 0.0179167 0.0179167 0.0325 0.0358333
0 0.429583 0.794167 0.0375 0.0433333
0 0.3775 0.949583 0.0333333 0.0391667
0 0.815833 0.465417 0.0366667 0.0375
0 0.794167 0.713333 0.04 0.0433333
0 0.38375 0.195 0.0341667 0.0383333
0 0.30625 0.877917 0.0358333 0.0425
0 0.986667 0.75 0.0266667 0.0433333
0 0.5025 0.877917 0.0316667 0.0341667
0 0.47 0.64875 0.0383333 0.0441667
0 0.895417 0.540833 0.0375 0.0433333
0 0.217083 0.975 0.0375 0.04
0 0.627083 0.110833 0.0375 0.0416667
0 0.445 0.762917 0.04 0.0425
0 0.47625 0.0804167 0.0358333 0.0391667
0 0.172083 0.485417 0.0358333 0.0375
0 0.768333 0.403333 0.035 0.0383333
0 0.66875 0.935417 0.0391667 0.0408333
0 0.236667 0.0966667 0.0316667 0.0366667
0 0.320417 0.989167 0.0325 0.0216667
0 0.03 0.128333 0.035 0.04
0 0.489583 0.164583 0.0358333 0.0375
0 0.88125 0.724167 0.0308333 0.0333333
0 0.857917 0.805417 0.0375 0.0425
0 0.724583 0.185 0.0341667 0.035
0 0.871667 0.683333 0.0383333 0.0416667
0 0.3425 0.849583 0.0366667 0.0391667
0 0.158333 0.1625 0.0383333 0.04
0 0.00875 0.394167 0.0175 0.0333333
0 0.905833 0.678333 0.0383333 0.0416667
0 0.344583 0.075 0.0375 0.0366667
0 0.509583 0.794167 0.0391667 0.0433333
0 0.68625 0.7 0.0375 0.0416667
0 0.66375 0.80625 0.0291667 0.0325
0 0.451667 0.0195833 0.0333333 0.0358333
0 0.635 0.606667 0.0383333 0.04
0 0.4175 0.0716667 0.0366667 0.0383333
0 0.270833 0.285833 0.0366667 0.0383333
0 0.643333 0.673333 0.04 0.0433333
0 0.9425 0.05 0.0333333 0.0366667
0 0.732917 0.911667 0.0391667 0.0433333
0 0.157917 0.322917 0.0358333 0.0391667
0 0.21 0.41375 0.0366667 0.0391667
0 0.09125 0.12125 0.0358333 0.0391667
0 0.707083 0.869167 0.0375 0.04
0 0.0104167 0.96125 0.0208333 0.0358333
0 0.165 0.22375 0.0366667 0.0391667
0 0.245417 0.84 0.0358333 0.04
0 0.156667 0.929167 0.0366667 0.0433333
0 0.695 0.8325 0.04 0.04
0 0.11625 0.425833 0.0341667 0.0383333
0 0.307083 0.0104167 0.0358333 0.0191667
0 0.9825 0.561667 0.0333333 0.0383333
0 0.29375 0.967917 0.0375 0.0391667
0 0.6475 0.982917 0.0333333 0.0325
0 0.43125 0.845833 0.0391667 0.04
0 0.5625 0.04625 0.0366667 0.0408333
0 0.976667 0.89125 0.0333333 0.0358333
0 0.592083 0.216667 0.0375 0.04
0 0.40375 0.447083 0.0375 0.0408333
0 0.944167 0.514583 0.0366667 0.0391667
0 0.483333 0.845417 0.0383333 0.0408333
0 0.545833 0.909167 0.0366667 0.0383333
0 0.361667 0.0125 0.0333333 0.025
0 0.693333 0.635833 0.0366667 0.04
0 0.640417 0.872083 0.0308333 0.0325
0 0.825833 0.58625 0.0366667 0.0425
0 0.825417 0.909583 0.0341667 0.0375
0 0.480833 0.718333 0.0366667 0.0416667
0 0.420833 0.307917 0.0383333 0.0391667
0 0.0633333 0.584583 0.0383333 0.0425
0 0.1925 0.891667 0.0316667 0.035
0 0.942917 0.441667 0.0375 0.0416667
0 0.401667 0.13125 0.035 0.0375
0 0.73125 0.0958333 0.0358333 0.04
0 0.744583 0.7175 0.0358333 0.04
0 0.56875 0.576667 0.0325 0.035
0 0.977917 0.944167 0.0291667 0.0316667
0 0.195833 0.36 0.0316667 0.0333333
0 0.223333 0.179583 0.0333333 0.0358333
0 0.81625 0.508333 0.0341667 0.0383333
0 0.902917 0.607083 0.0341667 0.0375
0 0.265417 0.801667 0.0325 0.035
0 0.385417 0.239167 0.0341667 0.035
0 0.168333 0.422083 0.0333333 0.0358333
0 0.114583 0.233333 0.0358333 0.0366667
0 0.565 0.7225 0.035 0.0383333
0 0.39375 0.756667 0.0358333 0.0383333
0 0.712083 0.96625 0.0308333 0.0341667
0 0.37125 0.989167 0.0358333 0.02
0 0.22625 0.265833 0.0358333 0.0366667
0 0.377917 0.91625 0.0358333 0.0391667
0 0.299167 0.927917 0.0366667 0.0391667
0 0.0895833 0.346667 0.0358333 0.0366667
0 0.05 0.545 0.035 0.035
0 0.52125 0.204167 0.0341667 0.0366667
0 0.345833 0.185 0.03 0.0333333
0 0.131667 0.54375 0.0333333 0.0341667
0 0.977917 0.39125 0.0341667 0.0358333
0 0.0833333 0.480417 0.03 0.0325
0 0.6675 0.74625 0.0333333 0.0358333
0 0.546667 0.990833 0.035 0.0183333
0 0.759583 0.825833 0.0341667 0.04
0 0.397917 0.366667 0.0341667 0.0366667
0 0.983333 0.982083 0.0316667 0.0341667
0 0.3075 0.16625 0.0333333 0.0358333
0 0.454167 0.97875 0.0366667 0.0375
0 0.872083 0.967917 0.0341667 0.0358333
0 0.178333 0.985833 0.0333333 0.0266667
0 0.9875 0.808333 0.025 0.0366667
0 0.798333 0.64125 0.0316667 0.0341667
0 0.735417 0.797917 0.0325 0.0341667
0 0.93125 0.970417 0.0308333 0.0325
0 0.6825 0.0758333 0.035 0.0366667
0 0.390833 0.875417 0.0366667 0.0391667
0 0.77125 0.0283333 0.0358333 0.0383333
0 0.246667 0.376667 0.0333333 0.0366667
0 0.807083 0.774583 0.0325 0.0341667
0 0.772917 0.614583 0.0308333 0.0341667
0 0.285833 0.4075 0.035 0.0366667
