0 0.99 0.4625 0.02 0.05
0 0.51 0.870417 0.0283333 0.0291667
0 0.835417 0.560833 0.0308333 0.0333333
0 0.0916667 0.427917 0.0383333 0.0425
0 0.132083 0.898333 0.0325 0.035
0 0.852917 0.140833 0.0425 0.05
0 0.320833 0.48875 0.0416667 0.0508333
0 0.838333 0.507083 0.035 0.0408333
0 0.0291667 0.63375 0.0483333 0.0575
0 0.772083 0.05125 0.0408333 0.0475
0 0.988333 0.12125 0.0233333 0.0391667
0 0.0495833 0.993333 0.0308333 0.0133333
0 0.0825 0.3725 0.0283333 0.0333333
0 0.675 0.0141667 0.04 0.0283333
0 0.774167 0.65 0.0366667 0.0433333
0 0.120833 0.1825 0.04 0.045
0 0.775833 0.0983333 0.045 0.05
0 0.55375 0.752917 0.0425 0.0458333
0 0.282083 0.150833 0.0341667 0.0383333
0 0.399583 0.763333 0.0375 0.0416667
0 0.11375 0.335 0.0408333 0.0483333
0 0.575 0.10125 0.0366667 0.0425
0 0.424583 0.595417 0.0308333 0.0325
0 0.27375 0.74625 0.0391667 0.0425
0 0.759167 0.47375 0.03 0.0341667
0 0.952917 0.257917 0.0375 0.0441667
0 0.83875 0.981667 0.0358333 0.0366667
0 0.54 0.39625 0.0383333 0.0425
0 0.05375 0.934583 0.0391667 0.0441667
0 0.0929167 0.98375 0.0275 0.0275
0 0.146667 0.46125 0.035 0.0391667
0 0.392917 0.29 0.0341667 0.0366667
0 0.01 0.748333 0.02 0.04
0 0.535417 0.72 0.0391667 0.0416667
0 0.205417 0.726667 0.0425 0.0466667
0 0.0533333 0.399583 0.0416667 0.0425
0 0.40625 0.501667 0.0425 0.045
0 0.570417 0.240833 0.0441667 0.0516667
0 0.285833 0.5775 0.0333333 0.0366667
0 0.86875 0.175833 0.0425 0.0433333
0 0.0916667 0.474167 0.0383333 0.0416667
0 0.597917 0.44875 0.0408333 0.0458333
0 0.984167 0.239167 0.0316667 0.0416667
0 0.92875 0.482083 0.0358333 0.0425
0 0.195 0.398333 0.035 0.0383333
0 0.325833 0.628333 0.0366667 0.045
0 0.286667 0.355833 0.04 0.045
0 0.526667 0.903333 0.0316667 0.0316667
0 0.90375 0.312083 0.0341667 0.0441667
0 0.730833 0.432083 0.0366667 0.0441667
0 0.465 0.650417 0.045 0.0491667
0 0.547917 0.58 0.0441667 0.045
0 0.605 0.0170833 0.0366667 0.0341667
0 0.700833 0.59625 0.0383333 0.0408333
0 0.235417 0.445 0.0375 0.04
0 0.01625 0.345 0.0325 0.0416667
0 0.673333 0.462917 0.0383333 0.0425
0 0.805417 0.215833 0.0391667 0.0433333
0 0.865833 0.517083 0.0266667 0.0291667
0 0.167083 0.824167 0.0375 0.0433333
0 0.43625 0.19625 0.0391667 0.0408333
0 0.0329167 0.573333 0.0341667 0.0366667
0 0.592917 0.78375 0.0391667 0.0441667
0 0.63125 0.687083 0.0391667 0.0441667
0 0.524583 0.147083 0.0325 0.0375
0 0.607083 0.54625 0.0408333 0.0458333
0 0.288333 0.859583 0.035 0.0391667
0 0.215417 0.229167 0.0375 0.0433333
0 0.154583 0.555833 0.0458333 0.0533333
0 0.0608333 0.342083 0.0383333 0.0375
0 0.167083 0.420417 0.0341667 0.0358333
0 0.478333 0.553333 0.0333333 0.035
0 0.224167 0.66 0.0383333 0.04
0 0.495 0.675 0.035 0.0366667
0 0.363333 0.229167 0.04 0.0483333
0 0.43375 0.06 0.0375 0.0433333
0 0.726667 0.199583 0.04 0.0425
0 0.54125 0.672917 0.0375 0.0425
0 0.156667 0.238333 0.0383333 0.0416667
0 0.0729167 0.784167 0.0358333 0.0416667
0 0.225 0.702083 0.0333333 0.0358333
0 0.0620833 0.73125 0.0408333 0.0475
0 0.375833 0.63875 0.035 0.0358333
0 0.9675 0.520833 0.035 0.0433333
0 0.843333 0.0183333 0.035 0.035
0 0.580833 0.329167 0.0366667 0.0433333
0 0.445 0.3825 0.0333333 0.035
0 0.80375 0.475833 0.0375 0.04
0 0.0195833 0.284167 0.0358333 0.0433333
0 0.379583 0.871667 0.0408333 0.04
0 0.241667 0.842083 0.0366667 0.0391667
0 0.599583 0.718333 0.0358333 0.0416667
0 0.441667 0.71125 0.0366667 0.0408333
0 0.600417 0.619167 0.0341667 0.0383333
0 0.3975 0.677083 0.0366667 0.0391667
0 0.942083 0.348333 0.0341667 0.0383333
0 0.6875 0.642083 0.035 0.0358333
0 0.280833 0.931667 0.0366667 0.04
0 0.51625 0.36 0.0375 0.0433333
0 0.69125 0.156667 0.0375 0.0416667
0 0.201667 0.7775 0.03 0.0316667
0 0.51875 0.2075 0.0358333 0.0416667
0 0.320417 0.6875 0.0375 0.0383333
0 0.207917 0.924583 0.0391667 0.0391667
0 0.912083 0.559167 0.0375 0.0433333
0 0.824167 0.250417 0.0333333 0.0375
0 0.300833 0.811667 0.0333333 0.0366667
0 0.6125 0.21625 0.0333333 0.0358333
0 0.0725 0.318333 0.0366667 0.0383333
0 0.94375 0.909167 0.0375 0.0416667
0 0.0675 0.593333 0.0316667 0.035
0 0.860417 0.4075 0.0291667 0.0316667
0 0.706667 0.0933333 0.0316667 0.0333333
0 0.340833 0.0870833 0.0416667 0.0441667
0 0.50875 0.0729167 0.0375 0.0425
0 0.644583 0.203333 0.0341667 0.0366667
0 0.256667 0.394167 0.035 0.0366667
0 0.450833 0.45375 0.035 0.0391667
0 0.128333 0.698333 0.0383333 0.04
0 0.758333 0.286667 0.0333333 0.0366667
0 0.674583 0.515417 0.0358333 0.0408333
0 0.255417 0.134167 0.0308333 0.035
0 0.989167 0.415 0.0216667 0.0366667
0 0.942917 0.449583 0.0308333 0.0325
0 0.0220833 0.502917 0.0375 0.0391667
0 0.22625 0.975833 0.0325 0.035
0 0.494583 0.03125 0.0391667 0.0425
0 0.46125 0.3225 0.0358333 0.0383333
0 0.4275 0.115 0.035 0.0416667
0 0.457917 0.494167 0.0358333 0.04
0 0.343333 0.42375 0.035 0.0358333
0 0.955417 0.87625 0.0341667 0.0375
0 0.361667 0.910833 0.0316667 0.0316667
0 0.47125 0.894583 0.0358333 0.0375
0 0.03 0.440833 0.0333333 0.0366667
0 0.487917 0.83 0.0308333 0.035
0 0.244583 0.61 0.0358333 0.0383333
0 0.0995833 0.63375 0.0325 0.0375
0 0.530417 0.304167 0.0358333 0.04
0 0.40875 0.02 0.0325 0.0366667
0 0.558333 0.517083 0.0366667 0.0408333
0 0.656667 0.304583 0.035 0.0391667
0 0.128333 0.94375 0.035 0.0391667
0 0.229167 0.880833 0.035 0.0383333
0 0.49625 0.435 0.0358333 0.0383333
0 0.1925 0.359583 0.035 0.0375
0 0.615833 0.36375 0.035 0.0391667
0 0.112917 0.524583 0.0341667 0.0341667
0 0.75375 0.515833 0.0341667 0.0383333
0 0.799583 0.564583 0.0375 0.0408333
0 0.984583 0.562083 0.0308333 0.0358333
0 0.328333 0.317917 0.035 0.0358333
0 0.875 0.271667 0.0333333 0.035
0 0.0133333 0.602917 0.0266667 0.0408333
0 0.143333 0.735833 0.0366667 0.0383333
0 0.791667 0.347917 0.03 0.0325
0 0.945 0.394583 0.0316667 0.0341667
0 0.3375 0.7525 0.035 0.0366667
0 0.714167 0.470833 0.0333333 0.0366667
0 0.13875 0.28375 0.0341667 0.0358333
0 0.802083 0.40625 0.0341667 0.0358333
0 0.68125 0.259167 0.0325 0.035
0 0.281667 0.5025 0.0316667 0.035
0 0.644583 0.402917 0.0325 0.0341667
0 0.274167 0.79375 0.0333333 0.0358333
0 0.365833 0.379167 0.035 0.0383333
0 0.629583 0.13375 0.0275 0.0308333
0 0.939583 0.982917 0.0341667 0.0325
0 0.8325 0.33125 0.035 0.0391667
0 0.869167 0.440833 0.035 0.0366667
0 0.154167 0.37375 0.035 0.0375
0 0.477917 0.602917 0.0341667 0.0375
0 0.429583 0.88625 0.0358333 0.0375
0 0.420833 0.825417 0.03 0.0325
0 0.637917 0.60875 0.0325 0.0341667
0 0.729167 0.373333 0.0316667 0.035
0 0.23 0.1475 0.0316667 0.035
0 0.102917 0.24875 0.0325 0.0358333
0 0.715 0.552083 0.0383333 0.0408333
0 0.715833 0.397917 0.0316667 0.0325
0 0.232917 0.297083 0.0341667 0.0375
0 0.491667 0.246667 0.0333333 0.035
0 0.175833 0.902083 0.0316667 0.0375
0 0.284167 0.234167 0.035 0.04
0 0.325 0.217917 0.035 0.0391667
0 0.727083 0.3125 0.0325 0.035
0 0.180833 0.16625 0.0333333 0.0375
0 0.46625 0.785417 0.0308333 0.0341667
