0 0.505417 0.3925 0.0375 0.04
0 0.75125 0.18625 0.0275 0.0275
0 0.430833 0.256667 0.0366667 0.0433333
0 0.0745833 0.834583 0.0391667 0.0441667
0 0.314583 0.474583 0.0341667 0.0375
0 0.784167 0.71 0.0366667 0.03
0 0.21875 0.234167 0.0325 0.0366667
0 0.992083 0.920833 0.0158333 0.0283333
0 0.423333 0.365833 0.0366667 0.0366667
0 0.450833 0.70625 0.0233333 0.0258333
0 0.00458333 0.92625 0.00916667 0.0291667
0 0.539583 0.13375 0.0375 0.0425
0 0.569167 0.579583 0.0283333 0.0275
0 0.284583 0.30125 0.0225 0.0241667
0 0.365833 0.145833 0.04 0.0433333
0 0.68875 0.466667 0.0375 0.0383333
0 0.24 0.268333 0.0366667 0.0383333
0 0.652083 0.0270833 0.0375 0.0425
0 0.604167 0.122917 0.0333333 0.0358333
0 0.175 0.489583 0.035 0.0341667
0 0.432917 0.90375 0.0358333 0.0375
0 0.169583 0.457083 0.0341667 0.0375
0 0.427083 0.57625 0.0325 0.0325
0 0.365833 0.9125 0.0316667 0.0366667
0 0.209583 0.381667 0.0425 0.0466667
0 0.277917 0.377083 0.0275 0.0291667
0 0.604167 0.609583 0.04 0.0408333
0 0.0129167 0.596667 0.0258333 0.0383333
0 0.260417 0.750417 0.0391667 0.0441667
0 0.325833 0.858333 0.0316667 0.035
0 0.27375 0.629167 0.0375 0.0416667
0 0.840417 0.411667 0.0308333 0.0333333
0 0.394167 0.567917 0.035 0.0425
0 0.749167 0.659583 0.0333333 0.0375
0 0.469583 0.254583 0.0358333 0.0375
0 0.807917 0.09375 0.0375 0.0391667
0 0.875833 0.0379167 0.035 0.0375
0 0.167083 0.755833 0.0375 0.0416667
0 0.0641667 0.585833 0.0366667 0.0366667
0 0.95375 0.5025 0.0358333 0.0366667
0 0.908333 0.987083 0.0233333 0.0241667
0 0.2825 0.332083 0.0333333 0.0358333
0 0.0508333 0.954167 0.035 0.035
0 0.45375 0.670833 0.0358333 0.0366667
0 0.96 0.9325 0.035 0.0383333
0 0.44625 0.06625 0.0358333 0.0391667
0 0.7075 0.539583 0.0383333 0.0408333
0 0.699583 0.596667 0.0358333 0.0383333
0 0.66125 0.0983333 0.0358333 0.035
0 0.6725 0.0679167 0.0333333 0.0341667
0 0.0175 0.40375 0.035 0.0358333
0 0.839167 0.213333 0.0366667 0.0366667
0 0.2575 0.493333 0.0366667 0.04
0 0.68625 0.41375 0.0291667 0.0325
0 0.33875 0.219583 0.0341667 0.0375
0 0.4475 0.988333 0.03 0.0216667
0 0.647917 0.700833 0.0308333 0.0333333
0 0.626667 0.145833 0.0366667 0.0366667
0 0.51625 0.750833 0.0391667 0.0383333
0 0.03875 0.659167 0.0341667 0.0383333
0 0.0908333 0.648333 0.0383333 0.0383333
0 0.98125 0.166667 0.0291667 0.0316667
0 0.325833 0.60375 0.035 0.0408333
0 0.282083 0.815833 0.0258333 0.0266667
0 0.207917 0.42625 0.0308333 0.0308333
0 0.232917 0.645 0.0375 0.04
0 0.905417 0.505833 0.0341667 0.035
0 0.551667 0.200833 0.0333333 0.035
0 0.20375 0.89875 0.0291667 0.0308333
0 0.1 0.69875 0.035 0.0358333
0 0.947917 0.402917 0.0225 0.0225
0 0.192917 0.605417 0.0358333 0.0358333
0 0.721667 0.24 0.0283333 0.03
0 0.330833 0.947083 0.0333333 0.0341667
0 0.31 0.29375 0.035 0.0375
0 0.910833 0.139167 0.035 0.0383333
0 0.62625 0.770833 0.0358333 0.0416667
0 0.515417 0.45375 0.0341667 0.0358333
0 0.729583 0.271667 0.0308333 0.0316667
0 0.312917 0.912917 0.0291667 0.0308333
0 0.565833 0.639583 0.0333333 0.0358333
0 0.134583 0.984167 0.0358333 0.0316667
0 0.210833 0.845 0.0366667 0.0416667
0 0.819167 0.6925 0.035 0.035
0 0.790417 0.118333 0.0325 0.035
0 0.28375 0.97125 0.0291667 0.0291667
0 0.247917 0.435833 0.0341667 0.0366667
0 0.47625 0.374167 0.0341667 0.035
0 0.97625 0.561667 0.0341667 0.035
0 0.95625 0.288333 0.0325 0.0333333
0 0.780833 0.204167 0.0316667 0.0333333
0 0.542083 0.517083 0.0275 0.0275
0 0.119167 0.609583 0.0316667 0.0325
0 0.88625 0.645833 0.0358333 0.0366667
0 0.514583 0.225 0.0325 0.0366667
0 0.137917 0.345 0.0258333 0.0266667
0 0.171667 0.984583 0.0316667 0.0291667
0 0.332917 0.31375 0.0325 0.0341667
0 0.47375 0.638333 0.0325 0.035
0 0.33375 0.407917 0.0325 0.0341667
0 0.851667 0.382083 0.0316667 0.0325
0 0.604167 0.400417 0.0333333 0.0341667
0 0.38125 0.46 0.0308333 0.0333333
0 0.217083 0.534167 0.0358333 0.0383333
0 0.572083 0.740417 0.0325 0.0325
0 0.426667 0.635417 0.0366667 0.0391667
0 0.73375 0.129583 0.0308333 0.0325
0 0.45 0.856667 0.0366667 0.0383333
0 0.173333 0.652917 0.0366667 0.0391667
0 0.590417 0.288333 0.0325 0.035
0 0.952917 0.140417 0.0341667 0.0341667
0 0.213333 0.967083 0.035 0.0375
0 0.989167 0.265833 0.02 0.0333333
0 0.470417 0.13875 0.0325 0.0341667
0 0.925417 0.284583 0.0275 0.0291667
0 0.48125 0.524167 0.0325 0.035
0 0.833333 0.624167 0.03 0.0316667
0 0.167083 0.392917 0.0308333 0.0341667
0 0.02875 0.906667 0.0308333 0.0316667
0 0.88625 0.4375 0.0358333 0.0383333
0 0.68875 0.305 0.0308333 0.0333333
0 0.614583 0.0858333 0.0341667 0.035
0 0.0566667 0.7325 0.0333333 0.035
0 0.505 0.563333 0.0333333 0.035
0 0.79 0.43625 0.03 0.0325
0 0.5575 0.42375 0.0316667 0.0325
0 0.124583 0.794167 0.0308333 0.03
0 0.931667 0.07 0.0333333 0.035
0 0.0875 0.89625 0.035 0.0358333
0 0.903333 0.55875 0.0266667 0.0275
0 0.307083 0.23875 0.0275 0.0291667
0 0.530833 0.8275 0.03 0.03
0 0.394167 0.88625 0.03 0.0308333
0 0.9075 0.362083 0.03 0.0325
0 0.84875 0.496667 0.0341667 0.035
0 0.817083 0.33625 0.0308333 0.0325
0 0.769167 0.552917 0.03 0.0308333
0 0.565 0.33625 0.0283333 0.0308333
0 0.0879167 0.429167 0.0341667 0.035
0 0.84125 0.275833 0.0275 0.0283333
0 0.601667 0.253333 0.0316667 0.035
0 0.532917 0.662083 0.0291667 0.0308333
0 0.235417 0.3175 0.0325 0.035
0 0.853333 0.560833 0.0283333 0.03
0 0.229167 0.711667 0.0333333 0.035
0 0.29625 0.737917 0.0341667 0.0375
0 0.94625 0.456667 0.0308333 0.0316667
0 0.731667 0.345833 0.0283333 0.0283333
0 0.979583 0.025 0.0308333 0.03
0 0.42 0.795833 0.025 0.0266667
0 0.6675 0.235 0.03 0.0316667
0 0.9025 0.205417 0.0316667 0.0325
0 0.890833 0.27125 0.03 0.0325
0 0.12375 0.867917 0.0308333 0.0325
0 0.382083 0.7275 0.0308333 0.0316667
0 0.3925 0.623333 0.0316667 0.0333333
0 0.707917 0.65375 0.0325 0.0341667
0 0.371667 0.960417 0.0283333 0.0308333
0 0.37125 0.820833 0.0258333 0.0266667
0 0.634167 0.51875 0.0316667 0.0325
0 0.350417 0.681667 0.0325 0.0333333
