0 0.738333 0.674583 0.0216667 0.0208333
0 0.855 0.509167 0.0416667 0.045
0 0.125417 0.865 0.0341667 0.035
0 0.3125 0.992083 0.0316667 0.0158333
0 0.112083 0.992917 0.0225 0.0141667
0 0.873333 0.6775 0.03 0.0333333
0 0.992917 0.522917 0.0141667 0.0308333
0 0.330833 0.6975 0.0433333 0.0433333
0 0.745417 0.987083 0.0358333 0.0241667
0 0.681667 0.3375 0.0366667 0.0433333
0 0.79625 0.359167 0.0408333 0.0433333
0 0.940833 0.254583 0.04 0.0341667
0 0.1475 0.136667 0.0283333 0.0333333
0 0.168333 0.33 0.0333333 0.0366667
0 0.929167 0.764583 0.0316667 0.0325
0 0.829167 0.572917 0.0283333 0.0291667
0 0.813333 0.730833 0.0383333 0.0433333
0 0.0779167 0.872917 0.0391667 0.0425
0 0.33375 0.969583 0.0308333 0.0325
0 0.3475 0.09875 0.025 0.0241667
0 0.909167 0.657083 0.0366667 0.0375
0 0.0129167 0.989583 0.0258333 0.0191667
0 0.2 0.850417 0.035 0.0375
0 0.0891667 0.205 0.0216667 0.0216667
0 0.33625 0.945833 0.0291667 0.0316667
0 0.54625 0.687917 0.0341667 0.0358333
0 0.502083 0.06875 0.0291667 0.0291667
0 0.42 0.755 0.0266667 0.0283333
0 0.0729167 0.51125 0.0341667 0.0375
0 0.7225 0.515417 0.0383333 0.0408333
0 0.32125 0.875833 0.0375 0.04
0 0.53875 0.55375 0.0275 0.0291667
0 0.300417 0.25625 0.0408333 0.0408333
0 0.00875 0.265 0.0175 0.03
0 0.114167 0.249167 0.0366667 0.0433333
0 0.9375 0.317917 0.0383333 0.0391667
0 0.88375 0.89875 0.0275 0.0291667
0 0.319583 0.29 0.0308333 0.0333333
0 0.992083 0.707917 0.0141667 0.0291667
0 0.385417 0.840833 0.0375 0.0416667
0 0.1625 0.065 0.0183333 0.0183333
0 0.0316667 0.431667 0.0383333 0.04
0 0.214583 0.725833 0.0241667 0.025
0 0.533333 0.0841667 0.0333333 0.0316667
0 0.6125 0.445 0.035 0.04
0 0.488333 0.989583 0.0266667 0.0191667
0 0.435 0.68875 0.0366667 0.0408333
0 0.242917 0.771667 0.0341667 0.0333333
0 0.875417 0.175417 0.0275 0.0275
0 0.896667 0.464167 0.03 0.0316667
0 0.0579167 0.352917 0.0375 0.0425
0 0.145833 0.187917 0.0333333 0.0358333
0 0.6275 0.58 0.0333333 0.0366667
0 0.784583 0.795 0.0375 0.0366667
0 0.599583 0.747917 0.0358333 0.0358333
0 0.975 0.3625 0.0366667 0.0383333
0 0.842083 0.79875 0.0358333 0.0391667
0 0.206667 0.787917 0.0333333 0.0341667
0 0.85375 0.6475 0.0358333 0.0366667
0 0.317917 0.0254167 0.0308333 0.0308333
0 0.758333 0.885833 0.03 0.03
0 0.0179167 0.940417 0.0341667 0.0358333
0 0.752083 0.347917 0.0308333 0.0358333
0 0.106667 0.0858333 0.02 0.02
0 0.594167 0.0391667 0.0383333 0.0416667
0 0.9525 0.645833 0.03 0.03
0 0.304167 0.173333 0.03 0.0316667
0 0.836667 0.953333 0.0333333 0.035
0 0.955 0.44125 0.03 0.0325
0 0.341667 0.136667 0.02 0.02
0 0.26125 0.840417 0.0341667 0.0341667
0 0.215417 0.373333 0.0325 0.035
0 0.689583 0.82875 0.0308333 0.0325
0 0.18125 0.247083 0.0325 0.0358333
0 0.145417 0.4425 0.0325 0.0333333
0 0.858333 0.7025 0.025 0.0266667
0 0.427917 0.115417 0.0341667 0.0358333
0 0.5 0.76375 0.0266667 0.0291667
0 0.9375 0.835417 0.0383333 0.0408333
0 0.71 0.793333 0.04 0.04
0 0.38125 0.67 0.0358333 0.0383333
0 0.01625 0.0491667 0.0325 0.0366667
0 0.748333 0.312083 0.0333333 0.0341667
0 0.46875 0.865417 0.0375 0.0391667
0 0.510417 0.850417 0.0358333 0.0358333
0 0.592083 0.379583 0.0341667 0.0358333
0 0.8875 0.589583 0.035 0.0358333
0 0.595833 0.72 0.0333333 0.035
0 0.455833 0.721667 0.03 0.0316667
0 0.0154167 0.200417 0.0308333 0.0358333
0 0.21125 0.979583 0.0275 0.0291667
0 0.362917 0.785417 0.0325 0.0325
0 0.1175 0.02125 0.03 0.0325
0 0.239583 0.253333 0.0308333 0.0316667
0 0.692083 0.636667 0.0341667 0.035
0 0.989583 0.57125 0.0191667 0.0291667
0 0.65875 0.720417 0.0325 0.0358333
0 0.733333 0.909167 0.035 0.0383333
0 0.635833 0.80875 0.035 0.0375
0 0.56375 0.489167 0.0325 0.035
0 0.930417 0.19625 0.0341667 0.0358333
0 0.0116667 0.511667 0.0233333 0.035
0 0.06125 0.0208333 0.0325 0.0316667
0 0.505833 0.64375 0.035 0.0375
0 0.885 0.419583 0.0333333 0.0325
0 0.79 0.641667 0.0333333 0.035
0 0.807917 0.84375 0.0275 0.0275
0 0.9675 0.482083 0.0333333 0.0325
0 0.366667 0.907917 0.0366667 0.0375
0 0.506667 0.516667 0.0333333 0.035
0 0.657083 0.541667 0.0308333 0.0316667
0 0.346667 0.21125 0.0283333 0.0291667
0 0.871667 0.347917 0.0333333 0.0341667
0 0.938333 0.54625 0.035 0.0358333
0 0.289167 0.73625 0.0266667 0.0275
0 0.101667 0.17625 0.025 0.0258333
0 0.204167 0.265 0.0316667 0.0333333
0 0.868333 0.27 0.0316667 0.035
0 0.774167 0.677917 0.0316667 0.0341667
0 0.0504167 0.296667 0.0358333 0.0416667
0 0.22875 0.015 0.0291667 0.03
0 0.81875 0.88875 0.0325 0.0341667
0 0.472083 0.0183333 0.0241667 0.025
0 0.147917 0.929167 0.0325 0.0333333
0 0.88125 0.85125 0.0275 0.0291667
0 0.0766667 0.985 0.035 0.03
0 0.212917 0.0970833 0.0258333 0.0275
0 0.32375 0.64625 0.0308333 0.0325
0 0.597917 0.561667 0.0308333 0.0333333
0 0.334167 0.0679167 0.0283333 0.0291667
0 0.16375 0.98125 0.0341667 0.0341667
0 0.7375 0.861667 0.03 0.0316667
0 0.544167 0.925417 0.0316667 0.0341667
0 0.705 0.385833 0.03 0.03
0 0.7125 0.582083 0.0316667 0.0341667
0 0.580833 0.890833 0.0316667 0.0333333
0 0.82375 0.297083 0.0325 0.0341667
0 0.2625 0.0841667 0.03 0.0316667
0 0.222917 0.1675 0.0291667 0.03
0 0.645417 0.0520833 0.0291667 0.0308333
0 0.268333 0.228333 0.0316667 0.0333333
0 0.574583 0.855 0.0325 0.035
0 0.7925 0.570417 0.0333333 0.0341667
0 0.645833 0.95625 0.03 0.0308333
0 0.0675 0.14125 0.0283333 0.0291667
0 0.9375 0.98125 0.03 0.0308333
0 0.522083 0.61125 0.0308333 0.0325
0 0.988333 0.915417 0.0216667 0.0308333
0 0.641667 0.63125 0.0316667 0.0325
0 0.591667 0.64 0.03 0.0333333
0 0.910417 0.927917 0.0291667 0.0308333
0 0.371667 0.264583 0.0283333 0.0291667
0 0.58875 0.786667 0.0341667 0.035
0 0.702083 0.430417 0.0308333 0.0308333
0 0.79 0.42875 0.03 0.0308333
0 0.9875 0.639167 0.0233333 0.0316667
0 0.4275 0.0291667 0.0266667 0.0283333
0 0.39625 0.177083 0.0308333 0.0308333
0 0.0241667 0.112917 0.0283333 0.0291667
0 0.786667 0.970417 0.0283333 0.0291667
