0 0.00416667 0.913333 0.00833333 0.0283333
0 0.120417 0.348333 0.0341667 0.0383333
0 0.212917 0.20125 0.0375 0.0408333
0 0.272917 0.76125 0.0375 0.0391667
0 0.173333 0.206667 0.0333333 0.035
0 0.900417 0.2925 0.0258333 0.03
0 0.517917 0.00875 0.0375 0.0175
0 0.304167 0.5275 0.04 0.045
0 0.42 0.195 0.035 0.0383333
0 0.490833 0.41625 0.0283333 0.0291667
0 0.613333 0.254583 0.0366667 0.0425
0 0.799583 0.00625 0.0308333 0.0125
0 0.362083 0.492083 0.0391667 0.0425
0 0.830833 0.462917 0.0333333 0.0358333
0 0.487917 0.204583 0.0425 0.0425
0 0.0604167 0.37875 0.0375 0.0391667
0 0.897083 0.379583 0.0391667 0.0458333
0 0.25 0.0645833 0.0383333 0.0425
0 0.612917 0.612083 0.0391667 0.0491667
0 0.495833 0.821667 0.0316667 0.0333333
0 0.972917 0.185 0.0291667 0.03
0 0.219167 0.362083 0.0366667 0.0375
0 0.0695833 0.155417 0.0341667 0.0391667
0 0.135 0.239167 0.0316667 0.0333333
0 0.6725 0.07375 0.0366667 0.0375
0 0.744583 0.312917 0.0358333 0.0458333
0 0.462917 0.337083 0.0308333 0.0325
0 0.01125 0.5275 0.0225 0.0366667
0 0.920417 0.85375 0.0391667 0.0425
0 0.187083 0.563333 0.0325 0.0333333
0 0.204167 0.329167 0.03 0.0316667
0 0.98625 0.830417 0.0275 0.0325
0 0.993333 0.2525 0.0133333 0.03
0 0.810417 0.514167 0.0325 0.035
0 0.06 0.223333 0.0316667 0.0316667
0 0.6025 0.0533333 0.04 0.04
0 0.727917 0.0316667 0.0358333 0.0383333
0 0.895 0.04 0.0383333 0.04
0 0.553333 0.138333 0.0383333 0.0416667
0 0.1025 0.0833333 0.03 0.03
0 0.54125 0.185833 0.0375 0.04
0 0.0133333 0.421667 0.0266667 0.0366667
0 0.223333 0.86375 0.02 0.0208333
0 0.848333 0.87 0.0366667 0.0416667
0 0.21 0.407083 0.0316667 0.0325
0 0.193333 0.647917 0.0333333 0.0375
0 0.342917 0.337083 0.0291667 0.0308333
0 0.685417 0.2825 0.0391667 0.0416667
0 0.364583 0.70375 0.0375 0.0425
0 0.61 0.1 0.0316667 0.035
0 0.290417 0.802083 0.0341667 0.0358333
0 0.44 0.08375 0.0366667 0.0375
0 0.5375 0.304583 0.03 0.0341667
0 0.589167 0.347917 0.0316667 0.0325
0 0.00666667 0.707917 0.0133333 0.0275
0 0.722083 0.96875 0.0358333 0.0358333
0 0.234583 0.932917 0.0358333 0.0375
0 0.1975 0.9625 0.0266667 0.0283333
0 0.989583 0.740417 0.0208333 0.0308333
0 0.315417 0.6175 0.0391667 0.0433333
0 0.717917 0.377083 0.0358333 0.0408333
0 0.165833 0.120417 0.0316667 0.0325
0 0.779583 0.876667 0.0358333 0.0366667
0 0.415 0.542083 0.0266667 0.0291667
0 0.306667 0.16125 0.0366667 0.0375
0 0.879583 0.25125 0.0375 0.0425
0 0.970833 0.622917 0.035 0.0375
0 0.524583 0.458333 0.0358333 0.04
0 0.476667 0.0341667 0.03 0.0316667
0 0.834583 0.9725 0.0308333 0.03
0 0.93125 0.942083 0.0308333 0.0325
0 0.343333 0.22375 0.0333333 0.0341667
0 0.240417 0.145 0.0308333 0.0333333
0 0.308333 0.03 0.0283333 0.0316667
0 0.86375 0.0958333 0.0358333 0.0383333
0 0.840417 0.303333 0.0391667 0.0416667
0 0.34125 0.0904167 0.0275 0.0291667
0 0.28875 0.467917 0.0358333 0.0391667
0 0.553333 0.6025 0.0366667 0.0383333
0 0.130833 0.93375 0.0316667 0.0341667
0 0.724583 0.51375 0.0341667 0.0358333
0 0.673333 0.551667 0.0333333 0.0333333
0 0.42125 0.36625 0.0258333 0.0275
0 0.1975 0.04625 0.0333333 0.0358333
0 0.509167 0.0825 0.0383333 0.0383333
0 0.364167 0.575417 0.0233333 0.0241667
0 0.982083 0.297917 0.0358333 0.0425
0 0.60625 0.497917 0.0291667 0.0308333
0 0.392917 0.46375 0.0341667 0.0358333
0 0.0458333 0.78375 0.035 0.0391667
0 0.43125 0.03375 0.0341667 0.0358333
0 0.806667 0.0341667 0.0283333 0.0333333
0 0.397917 0.264167 0.0291667 0.03
0 0.940417 0.0166667 0.0358333 0.0333333
0 0.502083 0.274583 0.0325 0.0341667
0 0.12 0.409167 0.0283333 0.03
0 0.9825 0.700833 0.035 0.0383333
0 0.27375 0.301667 0.0291667 0.03
0 0.762083 0.151667 0.0358333 0.0416667
0 0.189167 0.818333 0.0333333 0.0366667
0 0.03 0.0695833 0.0316667 0.0341667
0 0.157917 0.71625 0.0358333 0.0375
0 0.68 0.0120833 0.0333333 0.0225
0 0.751667 0.477083 0.0316667 0.0358333
0 0.9775 0.379167 0.035 0.035
0 0.4825 0.50875 0.03 0.0308333
0 0.425417 0.293333 0.0325 0.0333333
0 0.577917 0.21625 0.0308333 0.0308333
0 0.0879167 0.58 0.0358333 0.0366667
0 0.325833 0.494583 0.035 0.0391667
0 0.354167 0.869583 0.0283333 0.0291667
0 0.975833 0.1225 0.0316667 0.0333333
0 0.11375 0.789167 0.0341667 0.035
0 0.655417 0.139583 0.0358333 0.0408333
0 0.76 0.0816667 0.0316667 0.035
0 0.387083 0.155417 0.0341667 0.0358333
0 0.0616667 0.71125 0.035 0.0358333
0 0.34375 0.295417 0.0291667 0.0308333
0 0.1625 0.86125 0.03 0.0325
0 0.4325 0.325417 0.0283333 0.0308333
0 0.8375 0.01375 0.03 0.0275
0 0.57 0.531667 0.035 0.0383333
0 0.267917 0.369167 0.0308333 0.0333333
0 0.595 0.454583 0.0333333 0.0341667
0 0.127917 0.14875 0.0341667 0.0358333
0 0.96875 0.0520833 0.0325 0.0358333
0 0.0145833 0.972917 0.0291667 0.0325
0 0.22875 0.599583 0.0258333 0.0275
0 0.74875 0.906667 0.0325 0.0333333
0 0.62625 0.376667 0.0325 0.035
0 0.50375 0.385833 0.0341667 0.035
0 0.73875 0.412917 0.0291667 0.0308333
0 0.98375 0.770417 0.0308333 0.0391667
0 0.129583 0.86 0.0291667 0.03
0 0.844167 0.41375 0.0333333 0.0391667
0 0.0429167 0.929167 0.0325 0.035
0 0.717083 0.4575 0.0275 0.0283333
0 0.360417 0.385833 0.0308333 0.0333333
0 0.2275 0.5175 0.0316667 0.0333333
0 0.810417 0.397083 0.0325 0.0341667
0 0.377083 0.0683333 0.0325 0.035
0 0.115417 0.8975 0.0341667 0.035
0 0.452917 0.417917 0.0308333 0.0325
0 0.0883333 0.452083 0.03 0.0325
0 0.100833 0.490417 0.0316667 0.0341667
0 0.942917 0.102917 0.0341667 0.0358333
0 0.648333 0.322917 0.035 0.0391667
0 0.930833 0.188333 0.035 0.0383333
0 0.196667 0.295 0.0333333 0.035
0 0.878333 0.903333 0.0333333 0.0366667
0 0.812917 0.922083 0.0325 0.0325
0 0.833333 0.135417 0.03 0.0308333
0 0.733333 0.205 0.0283333 0.03
0 0.517083 0.535833 0.0291667 0.0333333
0 0.16875 0.397083 0.0308333 0.0325
0 0.388333 0.345 0.0316667 0.0333333
0 0.07625 0.805417 0.0308333 0.0325
0 0.9425 0.24875 0.0316667 0.0341667
0 0.750417 0.241667 0.0325 0.0333333
0 0.202083 0.729167 0.0308333 0.0333333
0 0.98375 0.88875 0.0308333 0.0358333
0 0.104167 0.0445833 0.0316667 0.0325
0 0.778333 0.977917 0.03 0.0308333
0 0.394167 0.427917 0.0333333 0.0341667
0 0.374167 0.785833 0.025 0.0266667
0 0.41875 0.622083 0.0275 0.0291667
0 0.48375 0.57 0.0325 0.035
0 0.655833 0.614583 0.0333333 0.0358333
0 0.452917 0.504167 0.0341667 0.0366667
0 0.677917 0.446667 0.0341667 0.035
0 0.829583 0.177083 0.0341667 0.0358333
0 0.304583 0.835417 0.0325 0.0341667
0 0.575 0.485 0.0333333 0.0333333
0 0.817917 0.0825 0.0325 0.0333333
0 0.889583 0.15875 0.0308333 0.0341667
0 0.81375 0.257917 0.0358333 0.0375
0 0.922083 0.0695833 0.0325 0.0341667
0 0.27375 0.0879167 0.0341667 0.0358333
0 0.432083 0.744167 0.0358333 0.0383333
0 0.52 0.655833 0.0333333 0.035
0 0.64 0.43125 0.0316667 0.0325
0 0.86 0.20375 0.0316667 0.0358333
0 0.587083 0.414583 0.0325 0.0341667
0 0.114583 0.9725 0.0325 0.035
0 0.0754167 0.916667 0.0325 0.0366667
0 0.944583 0.985417 0.0291667 0.0275
0 0.882917 0.349167 0.0325 0.035
