0 0.77875 0.972083 0.0308333 0.0325
0 0.930417 0.560417 0.0325 0.0341667
0 0.19625 0.822917 0.0325 0.0375
0 0.520417 0.779583 0.0308333 0.0325
0 0.216667 0.18125 0.04 0.0508333
0 0.922083 0.29625 0.0408333 0.0425
0 0.77625 0.456667 0.0308333 0.0333333
0 0.3525 0.737083 0.0433333 0.0441667
0 0.5825 0.72625 0.0333333 0.0325
0 0.336667 0.06875 0.0366667 0.0358333
0 0.0579167 0.0908333 0.0341667 0.0366667
0 0.0166667 0.227083 0.03 0.0325
0 0.375833 0.650417 0.03 0.0341667
0 0.800833 0.0725 0.0416667 0.0416667
0 0.673333 0.481667 0.0416667 0.0416667
0 0.7975 0.620833 0.0366667 0.0366667
0 0.772083 0.2175 0.0341667 0.0383333
0 0.4575 0.858333 0.0316667 0.0333333
0 0.48625 0.665833 0.0408333 0.0416667
0 0.877083 0.0829167 0.0408333 0.0408333
0 0.699583 0.291667 0.0358333 0.0383333
0 0.916667 0.214167 0.03 0.0316667
0 0.635833 0.342917 0.0366667 0.0408333
0 0.44875 0.0333333 0.0391667 0.0416667
0 0.177917 0.15875 0.0391667 0.0441667
0 0.447917 0.602917 0.0325 0.0341667
0 0.340417 0.575417 0.0291667 0.0308333
0 0.125417 0.640833 0.0308333 0.0316667
0 0.675 0.18375 0.04 0.0408333
0 0.565 0.610833 0.0316667 0.035
0 0.636667 0.804583 0.04 0.0458333
0 0.828333 0.122083 0.0333333 0.0358333
0 0.789167 0.434583 0.0316667 0.0341667
0 0.610417 0.472917 0.0308333 0.0341667
0 0.15875 0.114167 0.0308333 0.0333333
0 0.91625 0.77375 0.0291667 0.0308333
0 0.6675 0.91125 0.0366667 0.0391667
0 0.0391667 0.2825 0.0333333 0.0333333
0 0.584167 0.791667 0.0383333 0.04
0 0.494167 0.31375 0.0366667 0.0408333
0 0.567917 0.689167 0.0375 0.0383333
0 0.794167 0.7275 0.0383333 0.045
0 0.59875 0.3425 0.0375 0.04
0 0.144167 0.71125 0.04 0.0441667
0 0.662917 0.74375 0.0341667 0.0375
0 0.39875 0.876667 0.0375 0.0383333
0 0.0441667 0.715833 0.0383333 0.045
0 0.956667 0.444583 0.0333333 0.0358333
0 0.663333 0.947917 0.0333333 0.0358333
0 0.992083 0.120417 0.0158333 0.0341667
0 0.79125 0.290417 0.0375 0.0375
0 0.671667 0.389583 0.0333333 0.0375
0 0.80875 0.902917 0.0358333 0.0408333
0 0.195 0.594583 0.03 0.0308333
0 0.79375 0.231667 0.0308333 0.0316667
0 0.925833 0.858333 0.035 0.035
0 0.259167 0.609167 0.0316667 0.035
0 0.0141667 0.255833 0.0283333 0.04
0 0.486667 0.3675 0.0383333 0.0383333
0 0.196667 0.01 0.0316667 0.0183333
0 0.273333 0.767917 0.0416667 0.0475
0 0.922917 0.957083 0.0341667 0.0358333
0 0.29 0.837917 0.0366667 0.0375
0 0.380417 0.954167 0.0325 0.035
0 0.564583 0.28125 0.0391667 0.0391667
0 0.89625 0.347917 0.0375 0.0408333
0 0.644167 0.5025 0.03 0.0316667
0 0.8425 0.27125 0.0316667 0.0325
0 0.47375 0.980833 0.0275 0.03
0 0.753333 0.86625 0.03 0.0291667
0 0.352083 0.990417 0.0291667 0.0191667
0 0.722917 0.57625 0.0341667 0.0375
0 0.1425 0.510833 0.0366667 0.04
0 0.28875 0.15 0.0375 0.04
0 0.122083 0.102083 0.0291667 0.0308333
0 0.89 0.174583 0.035 0.0375
0 0.703333 0.37875 0.035 0.0408333
0 0.794583 0.135 0.0358333 0.0383333
0 0.854167 0.800833 0.03 0.03
0 0.668333 0.52375 0.0316667 0.0341667
0 0.458333 0.476667 0.0383333 0.0383333
0 0.117083 0.60875 0.0325 0.0341667
0 0.345833 0.843333 0.0366667 0.04
0 0.63875 0.407917 0.0341667 0.0341667
0 0.770833 0.25125 0.03 0.0325
0 0.625417 0.6475 0.0325 0.035
0 0.26125 0.102083 0.0341667 0.0358333
0 0.2 0.866667 0.0333333 0.0333333
0 0.2575 0.479167 0.035 0.0366667
0 0.990417 0.764583 0.0175 0.0325
0 0.4125 0.985833 0.0333333 0.0283333
0 0.253333 0.540833 0.035 0.0383333
0 0.985833 0.950417 0.0283333 0.0375
0 0.936667 0.035 0.0316667 0.0333333
0 0.72875 0.155417 0.0341667 0.0375
0 0.75 0.93625 0.035 0.0358333
0 0.385417 0.522917 0.0358333 0.0375
0 0.184167 0.985 0.0283333 0.0266667
0 0.4525 0.929583 0.0316667 0.0341667
0 0.975 0.3675 0.03 0.0333333
0 0.260417 0.876667 0.0291667 0.0333333
0 0.57625 0.93125 0.0291667 0.0325
0 0.722917 0.489167 0.0341667 0.035
0 0.890417 0.637083 0.0325 0.0341667
0 0.0708333 0.331667 0.035 0.0366667
0 0.87875 0.225833 0.0341667 0.035
0 0.704583 0.84625 0.0358333 0.0391667
0 0.81125 0.52375 0.0325 0.0341667
0 0.84875 0.310833 0.0341667 0.035
0 0.115417 0.180417 0.0358333 0.0375
0 0.0629167 0.967917 0.0308333 0.0325
0 0.160417 0.837083 0.0308333 0.0341667
0 0.850833 0.689167 0.0283333 0.0316667
0 0.97875 0.5325 0.0341667 0.035
0 0.0883333 0.922083 0.0333333 0.0341667
0 0.52 0.410833 0.0333333 0.035
0 0.309583 0.620417 0.0341667 0.0375
0 0.407917 0.822083 0.0341667 0.0358333
0 0.397917 0.724583 0.0325 0.0341667
0 0.127917 0.549583 0.0341667 0.0375
0 0.3025 0.412917 0.0316667 0.0358333
0 0.54125 0.502917 0.0325 0.0325
0 0.182917 0.65125 0.0308333 0.0341667
0 0.31875 0.530417 0.0358333 0.0375
0 0.439167 0.634583 0.0333333 0.0341667
0 0.46625 0.419583 0.0358333 0.0375
0 0.714167 0.333333 0.0333333 0.0366667
0 0.499583 0.96875 0.0308333 0.0341667
0 0.63875 0.98625 0.0308333 0.0258333
0 0.249167 0.933333 0.03 0.0316667
0 0.8075 0.359167 0.0333333 0.035
0 0.771667 0.507917 0.035 0.0408333
0 0.62625 0.897917 0.0308333 0.0325
0 0.66625 0.589583 0.0341667 0.0358333
0 0.521667 0.59375 0.0316667 0.0341667
0 0.225417 0.0770833 0.0341667 0.0341667
0 0.368333 0.56375 0.0333333 0.0358333
0 0.637917 0.257917 0.0341667 0.0375
0 0.437083 0.335 0.0341667 0.035
0 0.91375 0.4775 0.0308333 0.0333333
0 0.872083 0.440417 0.0325 0.0358333
0 0.78375 0.784583 0.0308333 0.0325
0 0.581667 0.889583 0.0333333 0.0375
0 0.809583 0.87 0.0325 0.035
0 0.582917 0.52125 0.0308333 0.0341667
0 0.890833 0.727917 0.0333333 0.0341667
0 0.10375 0.874583 0.0325 0.0341667
0 0.102917 0.0383333 0.0308333 0.0333333
0 0.535833 0.811667 0.035 0.0383333
0 0.0745833 0.664167 0.0341667 0.0366667
0 0.9525 0.325417 0.0333333 0.0358333
0 0.557917 0.43 0.0291667 0.03
0 0.279167 0.985417 0.0316667 0.0275
0 0.0391667 0.205833 0.0316667 0.035
0 0.0754167 0.759583 0.0291667 0.0291667
0 0.425 0.700417 0.0316667 0.0341667
0 0.702917 0.43625 0.0325 0.0341667
0 0.918333 0.114167 0.0333333 0.035
0 0.42875 0.954167 0.0325 0.0316667
0 0.97 0.24375 0.0333333 0.0341667
0 0.665833 0.668333 0.0333333 0.0366667
0 0.0570833 0.843333 0.0291667 0.03
0 0.533333 0.290833 0.0333333 0.035
0 0.584167 0.420833 0.0333333 0.035
0 0.968333 0.179167 0.0333333 0.0333333
0 0.0158333 0.15 0.0283333 0.0316667
0 0.728333 0.710833 0.0316667 0.035
0 0.629167 0.548333 0.0316667 0.035
0 0.595417 0.581667 0.0308333 0.0333333
0 0.240833 0.03875 0.0316667 0.0325
0 0.523333 0.552083 0.0316667 0.0341667
0 0.348333 0.657917 0.03 0.0308333
0 0.263333 0.714583 0.0333333 0.0341667
0 0.158333 0.810417 0.03 0.0325
0 0.312917 0.7 0.0341667 0.0366667
0 0.49125 0.468333 0.0325 0.035
0 0.887917 0.550833 0.0325 0.0333333
0 0.43125 0.580417 0.0358333 0.0375
0 0.176667 0.93125 0.0316667 0.0341667
0 0.475417 0.899583 0.0308333 0.0341667
0 0.120833 0.760833 0.03 0.0316667
0 0.37125 0.775 0.0325 0.035
0 0.7025 0.613333 0.0333333 0.035
0 0.352083 0.4325 0.0341667 0.035
0 0.41875 0.4675 0.0341667 0.0366667
