0 0.99 0.0820833 0.02 0.0391667
0 0.456667 0.126667 0.04 0.0416667
0 0.685 0.7175 0.04 0.045
0 0.99375 0.390833 0.0125 0.03
0 0.0075 0.370417 0.015 0.0325
0 0.370417 0.0108333 0.0375 0.0216667
0 0.435 0.329167 0.0283333 0.03
0 0.234167 0.126667 0.0433333 0.05
0 0.987083 0.534583 0.0258333 0.0358333
0 0.77875 0.619167 0.0375 0.0416667
0 0.809583 0.0133333 0.0375 0.0233333
0 0.581667 0.883333 0.0416667 0.0466667
0 0.605833 0.785833 0.0316667 0.0316667
0 0.20125 0.575833 0.0391667 0.0466667
0 0.613333 0.0991667 0.0316667 0.0333333
0 0.580833 0.13 0.04 0.0433333
0 0.794583 0.5825 0.0325 0.0316667
0 0.858333 0.670417 0.0383333 0.0425
0 0.22625 0.0458333 0.0325 0.035
0 0.02875 0.576667 0.0325 0.0366667
0 0.989167 0.435 0.0216667 0.035
0 0.3925 0.559583 0.0316667 0.0341667
0 0.944167 0.8875 0.04 0.0433333
0 0.00958333 0.767917 0.0191667 0.0358333
0 0.370833 0.4925 0.04 0.0416667
0 0.0966667 0.02125 0.0383333 0.0391667
0 0.0808333 0.74375 0.0383333 0.0391667
0 0.440833 0.293333 0.035 0.0383333
0 0.575417 0.317083 0.0408333 0.0408333
0 0.740417 0.68625 0.0408333 0.0425
0 0.883333 0.912917 0.025 0.0258333
0 0.76375 0.707917 0.0325 0.0341667
0 0.1975 0.202083 0.0316667 0.0341667
0 0.0204167 0.0441667 0.0375 0.04
0 0.324583 0.9875 0.0291667 0.025
0 0.672083 0.9225 0.0358333 0.0416667
0 0.479167 0.619583 0.0316667 0.0325
0 0.445417 0.542917 0.0408333 0.0408333
0 0.652917 0.8025 0.0358333 0.0383333
0 0.664167 0.272083 0.0366667 0.0408333
0 0.0783333 0.139167 0.0383333 0.0433333
0 0.497083 0.123333 0.0308333 0.0333333
0 0.23125 0.588333 0.0341667 0.0366667
0 0.286667 0.28125 0.035 0.0375
0 0.01875 0.319167 0.0308333 0.0333333
0 0.565 0.17625 0.0316667 0.0325
0 0.5225 0.00833333 0.0283333 0.0166667
0 0.282083 0.716667 0.0341667 0.0366667
0 0.6 0.2175 0.0366667 0.04
0 0.87625 0.780417 0.0325 0.0358333
0 0.74375 0.195417 0.0358333 0.0425
0 0.0308333 0.67375 0.0383333 0.0425
0 0.260833 0.225833 0.0366667 0.04
0 0.78125 0.0470833 0.0341667 0.0341667
0 0.976667 0.978333 0.03 0.0333333
0 0.515417 0.277917 0.0341667 0.0375
0 0.82625 0.880417 0.0375 0.0408333
0 0.64375 0.185833 0.0341667 0.0383333
0 0.127917 0.7825 0.0325 0.035
0 0.640833 0.0729167 0.0316667 0.0341667
0 0.187083 0.0741667 0.0358333 0.0366667
0 0.318333 0.1475 0.03 0.035
0 0.58875 0.971667 0.0358333 0.0366667
0 0.56625 0.263333 0.0375 0.0383333
0 0.48375 0.274167 0.0325 0.0333333
0 0.119583 0.443333 0.0325 0.035
0 0.545 0.425833 0.03 0.0316667
0 0.805417 0.989583 0.0325 0.0191667
0 0.50375 0.0720833 0.0258333 0.0275
0 0.988333 0.5875 0.0233333 0.0333333
0 0.50125 0.895 0.0358333 0.0383333
0 0.19875 0.688333 0.0341667 0.0366667
0 0.942083 0.09375 0.0408333 0.0441667
0 0.839167 0.954167 0.0383333 0.04
0 0.952917 0.684583 0.0325 0.0358333
0 0.762917 0.94625 0.0325 0.0325
0 0.110833 0.805417 0.0383333 0.0375
0 0.6875 0.326667 0.0366667 0.0383333
0 0.257083 0.53375 0.0341667 0.0358333
0 0.596667 0.0445833 0.03 0.0291667
0 0.522083 0.207083 0.0341667 0.0375
0 0.682083 0.416667 0.0358333 0.0366667
0 0.902917 0.756667 0.0358333 0.0383333
0 0.785833 0.162917 0.0383333 0.0375
0 0.90625 0.89125 0.0391667 0.0441667
0 0.456667 0.409583 0.03 0.0308333
0 0.0333333 0.867083 0.0366667 0.0391667
0 0.332083 0.246667 0.0358333 0.0416667
0 0.0970833 0.289167 0.0341667 0.0366667
0 0.722083 0.98625 0.0308333 0.0258333
0 0.168333 0.36875 0.0316667 0.0341667
0 0.645417 0.987917 0.0341667 0.0241667
0 0.99125 0.777917 0.0175 0.0325
0 0.195 0.442917 0.035 0.0408333
0 0.23375 0.6275 0.0341667 0.0366667
0 0.356667 0.42125 0.03 0.0308333
0 0.69625 0.0404167 0.0241667 0.0258333
0 0.825833 0.187083 0.0266667 0.0275
0 0.2275 0.678333 0.0333333 0.0366667
0 0.52625 0.122917 0.0291667 0.0308333
0 0.47 0.298333 0.03 0.0316667
0 0.670417 0.12625 0.0358333 0.0375
0 0.30125 0.60875 0.0391667 0.0375
0 0.0254167 0.490417 0.0341667 0.0358333
0 0.8775 0.0175 0.035 0.035
0 0.7975 0.765417 0.0366667 0.0408333
0 0.271667 0.686667 0.0316667 0.035
0 0.949167 0.82375 0.0333333 0.0358333
0 0.13875 0.31125 0.0308333 0.0341667
0 0.0158333 0.185833 0.0316667 0.0383333
0 0.805417 0.704167 0.0341667 0.0383333
0 0.1225 0.647083 0.03 0.0325
0 0.0108333 0.116667 0.0216667 0.0383333
0 0.257917 0.39625 0.0341667 0.0375
0 0.720417 0.77 0.0375 0.0416667
0 0.461667 0.365 0.0283333 0.03
0 0.81 0.6475 0.0316667 0.035
0 0.0341667 0.60625 0.0316667 0.0341667
0 0.722917 0.133333 0.0325 0.035
0 0.509583 0.3325 0.0325 0.0333333
0 0.0716667 0.393333 0.035 0.0383333
0 0.357917 0.675 0.0325 0.0333333
0 0.10875 0.91375 0.0341667 0.0358333
0 0.668333 0.853333 0.0283333 0.03
0 0.145417 0.700417 0.0258333 0.0275
0 0.4875 0.4425 0.0333333 0.035
0 0.817083 0.823333 0.0358333 0.0383333
0 0.0895833 0.492917 0.0358333 0.0375
0 0.445833 0.232917 0.0266667 0.0275
0 0.94 0.0404167 0.0366667 0.0358333
0 0.611667 0.917917 0.035 0.0375
0 0.1125 0.539167 0.0333333 0.0333333
0 0.344583 0.589167 0.0308333 0.0316667
0 0.195 0.496667 0.0333333 0.0366667
0 0.16 0.12375 0.0316667 0.0325
0 0.05875 0.3325 0.0308333 0.0316667
0 0.888333 0.605 0.0316667 0.0333333
0 0.76 0.904583 0.0333333 0.0358333
0 0.9225 0.6425 0.0333333 0.0333333
0 0.0420833 0.41625 0.0341667 0.0375
0 0.259167 0.564167 0.0316667 0.0316667
0 0.46375 0.210833 0.0325 0.035
0 0.0308333 0.230833 0.03 0.0316667
0 0.189167 0.60875 0.0333333 0.0358333
0 0.21125 0.375833 0.0325 0.0333333
0 0.720417 0.85375 0.0308333 0.0325
0 0.688333 0.771667 0.0333333 0.0383333
0 0.599583 0.384167 0.0308333 0.035
0 0.154583 0.217083 0.0341667 0.0358333
0 0.467917 0.05625 0.0291667 0.0325
0 0.165417 0.743333 0.0308333 0.0316667
0 0.402917 0.147083 0.0291667 0.0308333
0 0.0729167 0.63375 0.0291667 0.0325
0 0.402917 0.246667 0.0308333 0.0316667
0 0.93875 0.530417 0.0291667 0.0308333
0 0.27875 0.332917 0.0325 0.0341667
0 0.154167 0.643333 0.03 0.0316667
