0 0.0233333 0.994583 0.0283333 0.0108333
0 0.645 0.96375 0.0433333 0.0491667
0 0.165833 0.37375 0.0416667 0.0475
0 0.809167 0.502917 0.035 0.0358333
0 0.06875 0.84625 0.0308333 0.0341667
0 0.0720833 0.469583 0.0341667 0.0375
0 0.647917 0.530833 0.0391667 0.0483333
0 0.164167 0.588333 0.04 0.0383333
0 0.725833 0.557083 0.045 0.0475
0 0.42375 0.710417 0.0375 0.0408333
0 0.799583 0.678333 0.0408333 0.0466667
0 0.00666667 0.882083 0.0133333 0.0291667
0 0.5475 0.44625 0.0333333 0.0341667
0 0.73625 0.44625 0.0341667 0.0375
0 0.645 0.3975 0.035 0.035
0 0.631667 0.835 0.0416667 0.05
0 0.762083 0.3575 0.0308333 0.035
0 0.00875 0.590833 0.0175 0.0366667
0 0.125 0.444167 0.0383333 0.0466667
0 0.696667 0.0908333 0.0283333 0.03
0 0.4875 0.825 0.0416667 0.0433333
0 0.880417 0.01125 0.0325 0.0225
0 0.0591667 0.98125 0.0333333 0.0341667
0 0.366667 0.669583 0.0266667 0.0291667
0 0.516667 0.470417 0.0383333 0.0375
0 0.673333 0.427917 0.0316667 0.0341667
0 0.3725 0.59125 0.0333333 0.0375
0 0.82375 0.62625 0.0375 0.0425
0 0.0620833 0.67375 0.0408333 0.0491667
0 0.209583 0.772917 0.0341667 0.0375
0 0.470417 0.675417 0.0291667 0.0325
0 0.43375 0.932917 0.0425 0.0458333
0 0.15375 0.94 0.0425 0.05
0 0.00708333 0.777917 0.0141667 0.0275
0 0.401667 0.394167 0.0333333 0.035
0 0.71375 0.81375 0.0308333 0.0325
0 0.870833 0.839583 0.04 0.0441667
0 0.404167 0.62375 0.0383333 0.0408333
0 0.279583 0.920833 0.0341667 0.0383333
0 0.900417 0.105 0.0358333 0.0383333
0 0.751667 0.211667 0.0383333 0.0416667
0 0.0266667 0.625417 0.0366667 0.0425
0 0.524583 0.555417 0.0325 0.0325
0 0.515833 0.35 0.0366667 0.0383333
0 0.51375 0.755833 0.0408333 0.0433333
0 0.265 0.210833 0.0383333 0.04
0 0.432917 0.844583 0.0441667 0.0458333
0 0.0108333 0.0833333 0.0216667 0.0433333
0 0.530833 0.920833 0.0416667 0.0433333
0 0.532917 0.112083 0.0375 0.0408333
0 0.625417 0.62125 0.0408333 0.0441667
0 0.52875 0.271667 0.0408333 0.0416667
0 0.46625 0.41125 0.0408333 0.0441667
0 0.701667 0.693333 0.035 0.0366667
0 0.350833 0.197083 0.035 0.0375
0 0.882083 0.214167 0.0391667 0.0416667
0 0.453333 0.461667 0.0366667 0.0383333
0 0.525833 0.195417 0.0333333 0.0358333
0 0.351667 0.738333 0.0383333 0.04
0 0.00875 0.537917 0.0175 0.0358333
0 0.249167 0.2625 0.0383333 0.0416667
0 0.362083 0.8825 0.0391667 0.0416667
0 0.3125 0.654167 0.0366667 0.0416667
0 0.990833 0.575417 0.0183333 0.0291667
0 0.60375 0.31 0.0391667 0.0416667
0 0.479167 0.490833 0.035 0.035
0 0.75875 0.06125 0.0341667 0.0375
0 0.97 0.783333 0.035 0.0416667
0 0.38 0.348333 0.0366667 0.0416667
0 0.6775 0.375833 0.0366667 0.0366667
0 0.771667 0.503333 0.04 0.0433333
0 0.577083 0.0320833 0.0358333 0.0391667
0 0.888333 0.738333 0.0316667 0.0333333
0 0.367083 0.257917 0.0391667 0.0425
0 0.453333 0.30875 0.0366667 0.0391667
0 0.41625 0.273333 0.0358333 0.04
0 0.586667 0.375417 0.035 0.0375
0 0.238333 0.99125 0.0333333 0.0175
0 0.734167 0.34625 0.04 0.0391667
0 0.8125 0.322917 0.035 0.0391667
0 0.4975 0.879167 0.0383333 0.045
0 0.172917 0.290417 0.0375 0.0375
0 0.0829167 0.784583 0.0391667 0.0391667
0 0.451667 0.0858333 0.0333333 0.035
0 0.454583 0.57875 0.0358333 0.0358333
0 0.11125 0.51 0.0358333 0.0416667
0 0.557083 0.88625 0.0375 0.0441667
0 0.820417 0.12625 0.0375 0.0375
0 0.0370833 0.0358333 0.0375 0.04
0 0.99125 0.0541667 0.0158333 0.0333333
0 0.14875 0.554583 0.0375 0.0408333
0 0.83375 0.477917 0.0341667 0.0358333
0 0.895833 0.86625 0.0283333 0.0308333
0 0.2725 0.8025 0.0366667 0.0383333
0 0.8275 0.26125 0.0366667 0.0375
0 0.275417 0.83 0.0341667 0.0366667
0 0.181667 0.484167 0.0383333 0.0416667
0 0.798333 0.230417 0.0366667 0.0375
0 0.33625 0.47875 0.0358333 0.0375
0 0.291667 0.595 0.0366667 0.04
0 0.643333 0.15875 0.0283333 0.0291667
0 0.762917 0.1175 0.0358333 0.0366667
0 0.936667 0.491667 0.03 0.0316667
0 0.0625 0.418333 0.0366667 0.0416667
0 0.40125 0.113333 0.0341667 0.0366667
0 0.935833 0.0445833 0.0366667 0.0408333
0 0.495417 0.717917 0.0375 0.0391667
0 0.938333 0.267083 0.035 0.0358333
0 0.327083 0.581667 0.0358333 0.0383333
0 0.670833 0.3 0.0333333 0.0366667
0 0.545 0.0179167 0.0316667 0.0325
0 0.0145833 0.38875 0.0291667 0.0391667
0 0.540833 0.0725 0.0366667 0.0366667
0 0.74375 0.637917 0.0358333 0.0408333
0 0.580833 0.51125 0.0316667 0.0325
0 0.619583 0.0158333 0.0358333 0.0316667
0 0.522917 0.228333 0.0325 0.0333333
0 0.242083 0.379167 0.0341667 0.035
0 0.74 0.867083 0.0316667 0.0341667
0 0.872083 0.37125 0.0325 0.0341667
0 0.327083 0.3125 0.0358333 0.0366667
0 0.260833 0.569583 0.035 0.0375
0 0.814167 0.742917 0.0383333 0.0425
0 0.225417 0.539167 0.0358333 0.0366667
0 0.514167 0.16375 0.0333333 0.0341667
0 0.50625 0.53 0.0358333 0.0366667
0 0.289583 0.44125 0.0358333 0.0375
0 0.479167 0.269167 0.0333333 0.035
0 0.690833 0.983333 0.0366667 0.0333333
0 0.560417 0.813333 0.0341667 0.0383333
0 0.857917 0.171667 0.0325 0.0333333
0 0.174167 0.901667 0.035 0.035
0 0.735833 0.946667 0.0366667 0.0383333
0 0.112917 0.01125 0.0341667 0.0208333
0 0.19625 0.847083 0.0375 0.0391667
0 0.889167 0.688333 0.0383333 0.0416667
0 0.40625 0.53125 0.0308333 0.0308333
0 0.719167 0.2025 0.0366667 0.0383333
0 0.476667 0.345417 0.035 0.0358333
0 0.45875 0.615 0.0325 0.0333333
0 0.905417 0.527917 0.0308333 0.0325
0 0.0579167 0.570417 0.0325 0.0358333
0 0.0229167 0.9225 0.0375 0.04
0 0.241667 0.445417 0.0333333 0.0341667
0 0.975833 0.735833 0.03 0.0316667
0 0.958333 0.175417 0.0333333 0.0341667
0 0.0795833 0.92625 0.0341667 0.0358333
0 0.865833 0.318333 0.0333333 0.035
0 0.6475 0.665 0.035 0.0383333
0 0.57 0.476667 0.0333333 0.0333333
0 0.166667 0.41125 0.0316667 0.0325
0 0.54625 0.679583 0.0341667 0.0391667
0 0.373333 0.704167 0.035 0.0366667
0 0.645 0.124583 0.0333333 0.0341667
0 0.0783333 0.36625 0.0333333 0.0341667
0 0.66625 0.247083 0.0308333 0.0325
0 0.37125 0.153333 0.0308333 0.0333333
0 0.629167 0.195417 0.0366667 0.0391667
0 0.655 0.724167 0.0333333 0.035
0 0.237083 0.6425 0.0308333 0.035
0 0.974583 0.337917 0.0325 0.0358333
0 0.140417 0.729167 0.0358333 0.035
0 0.402917 0.990417 0.0341667 0.0191667
0 0.7575 0.015 0.0333333 0.0283333
0 0.275833 0.523333 0.0316667 0.0333333
0 0.215 0.965833 0.0333333 0.0333333
0 0.3175 0.9675 0.03 0.0333333
0 0.359167 0.55125 0.0366667 0.0391667
0 0.924167 0.659167 0.03 0.0316667
0 0.595417 0.949583 0.0358333 0.0375
0 0.537083 0.61625 0.0308333 0.0325
0 0.863333 0.417917 0.0333333 0.0341667
0 0.320417 0.834583 0.0341667 0.0358333
0 0.858333 0.769167 0.0333333 0.0366667
0 0.620417 0.748333 0.0341667 0.0333333
0 0.977917 0.653333 0.0325 0.035
0 0.942917 0.815417 0.0341667 0.0358333
0 0.916667 0.567083 0.0333333 0.0358333
0 0.885833 0.61 0.0333333 0.035
0 0.199167 0.716667 0.0333333 0.035
0 0.505833 0.980833 0.0333333 0.035
0 0.8075 0.0508333 0.03 0.0316667
0 0.810417 0.87875 0.0341667 0.0375
0 0.614583 0.879583 0.0341667 0.0375
0 0.741667 0.761667 0.035 0.0366667
0 0.214167 0.460833 0.0316667 0.0333333
0 0.667917 0.873333 0.0291667 0.0316667
0 0.13625 0.882083 0.0358333 0.0391667
0 0.65875 0.8075 0.0358333 0.0366667
0 0.782917 0.943333 0.0325 0.035
