0 0.5775 0.377917 0.0416667 0.0491667
0 0.99125 0.00708333 0.0175 0.0141667
0 0.08625 0.0383333 0.0358333 0.0366667
0 0.280417 0.0808333 0.0291667 0.0333333
0 0.858333 0.5425 0.035 0.04
0 0.410417 0.0904167 0.0408333 0.0408333
0 0.239167 0.005 0.03 0.01
0 0.633333 0.0108333 0.035 0.0216667
0 0.71875 0.782917 0.0391667 0.0475
0 0.228333 0.556667 0.0416667 0.045
0 0.02125 0.00541667 0.0291667 0.0108333
0 0.905417 0.11125 0.0375 0.0458333
0 0.357917 0.17625 0.0425 0.0441667
0 0.00458333 0.465833 0.00916667 0.03
0 0.845417 0.95 0.0391667 0.0433333
0 0.791667 0.990833 0.035 0.0166667
0 0.670833 0.993333 0.0316667 0.0133333
0 0.512083 0.362917 0.0308333 0.0341667
0 0.00708333 0.57625 0.0141667 0.0325
0 0.656667 0.6625 0.0416667 0.0416667
0 0.635417 0.615833 0.0358333 0.0366667
0 0.5125 0.956667 0.0366667 0.0383333
0 0.850833 0.79125 0.04 0.0425
0 0.985417 0.957083 0.0275 0.0291667
0 0.07625 0.14625 0.0391667 0.0441667
0 0.737917 0.7425 0.0441667 0.045
0 0.748333 0.63 0.0383333 0.0416667
0 0.311667 0.981667 0.0333333 0.035
0 0.778333 0.748333 0.0333333 0.0333333
0 0.303333 0.02875 0.0316667 0.0358333
0 0.717083 0.6725 0.0391667 0.0433333
0 0.437917 0.175417 0.0441667 0.0458333
0 0.81 0.603333 0.0366667 0.0416667
0 0.312917 0.84625 0.0341667 0.0375
0 0.493333 0.421667 0.0383333 0.0416667
0 0.065 0.78625 0.0366667 0.0408333
0 0.265833 0.41125 0.04 0.0475
0 0.317917 0.230833 0.0341667 0.0383333
0 0.989583 0.62625 0.0208333 0.0341667
0 0.195 0.334583 0.0366667 0.0425
0 0.0595833 0.09 0.0358333 0.0366667
0 0.542083 0.251667 0.0375 0.04
0 0.124167 0.192083 0.0366667 0.0458333
0 0.945 0.974583 0.0316667 0.0358333
0 0.363333 0.872083 0.0416667 0.0458333
0 0.375417 0.374167 0.0391667 0.0433333
0 0.3975 0.452083 0.0383333 0.0425
0 0.35375 0.405 0.0375 0.0416667
0 0.210833 0.48375 0.0333333 0.0358333
0 0.98125 0.92375 0.0275 0.0291667
0 0.15125 0.429583 0.0308333 0.0325
0 0.0995833 0.420417 0.0325 0.0341667
0 0.68125 0.719167 0.0375 0.0433333
0 0.134167 0.05875 0.0366667 0.0391667
0 0.649167 0.102917 0.035 0.0391667
0 0.3375 0.461667 0.0366667 0.04
0 0.970417 0.0808333 0.0325 0.0366667
0 0.818333 0.662917 0.0383333 0.0441667
0 0.274167 0.514583 0.04 0.0408333
0 0.71125 0.853333 0.0375 0.04
0 0.57875 0.913333 0.0375 0.04
0 0.218333 0.142083 0.035 0.0408333
0 0.49125 0.70875 0.0358333 0.0375
0 0.45375 0.319167 0.0358333 0.0366667
0 0.112917 0.989583 0.0241667 0.0208333
0 0.709583 0.0775 0.0375 0.04
0 0.330833 0.07 0.0366667 0.04
0 0.545417 0.0154167 0.0358333 0.0308333
0 0.949167 0.605417 0.0333333 0.0375
0 0.86625 0.400833 0.0341667 0.0383333
0 0.640417 0.264167 0.0358333 0.0383333
0 0.03625 0.361667 0.0358333 0.0366667
0 0.68 0.24625 0.0366667 0.0425
0 0.2175 0.399583 0.0333333 0.0358333
0 0.63 0.980833 0.0333333 0.035
0 0.829167 0.901667 0.0366667 0.0383333
0 0.475417 0.0204167 0.0358333 0.0391667
0 0.450417 0.77125 0.0375 0.0391667
0 0.595417 0.242917 0.0341667 0.0391667
0 0.227083 0.0920833 0.0375 0.0425
0 0.507083 0.817083 0.0391667 0.0408333
0 0.740417 0.1975 0.0375 0.0383333
0 0.499167 0.182083 0.035 0.0375
0 0.300833 0.183333 0.0366667 0.0383333
0 0.205833 0.268333 0.0266667 0.03
0 0.918333 0.75125 0.0366667 0.0391667
0 0.629167 0.762917 0.0266667 0.0291667
0 0.943333 0.530833 0.03 0.0316667
0 0.692083 0.910417 0.0358333 0.0375
0 0.887083 0.632083 0.0375 0.0391667
0 0.988333 0.376667 0.0216667 0.035
0 0.632083 0.139167 0.0358333 0.0383333
0 0.124583 0.712917 0.0325 0.0341667
0 0.39 0.225833 0.04 0.0416667
0 0.00958333 0.0558333 0.0191667 0.035
0 0.67625 0.154167 0.0358333 0.04
0 0.785 0.18125 0.0333333 0.0358333
0 0.145833 0.32375 0.035 0.0391667
0 0.908333 0.955833 0.035 0.0383333
0 0.522083 0.91125 0.0358333 0.0408333
0 0.836667 0.0966667 0.035 0.0383333
0 0.728333 0.98875 0.03 0.0208333
0 0.0441667 0.457083 0.0333333 0.0341667
0 0.907917 0.833333 0.0358333 0.0383333
0 0.7375 0.92875 0.03 0.0325
0 0.94 0.495 0.0366667 0.0433333
0 0.395 0.954167 0.0283333 0.03
0 0.873333 0.987917 0.0333333 0.0241667
0 0.0679167 0.64125 0.0358333 0.0375
0 0.194167 0.939167 0.0366667 0.0383333
0 0.611667 0.293333 0.035 0.0383333
0 0.58375 0.02375 0.0325 0.0358333
0 0.0625 0.707083 0.0333333 0.0358333
0 0.742083 0.105 0.0341667 0.0383333
0 0.639167 0.916667 0.0333333 0.035
0 0.323333 0.28875 0.0333333 0.0341667
0 0.245417 0.321667 0.0308333 0.0333333
0 0.415417 0.834583 0.0375 0.0391667
0 0.222917 0.0254167 0.0275 0.0291667
0 0.500833 0.0954167 0.035 0.0358333
0 0.949167 0.833333 0.0316667 0.0333333
0 0.757917 0.949167 0.0325 0.035
0 0.9275 0.0141667 0.0316667 0.0266667
0 0.57625 0.835833 0.0358333 0.0416667
0 0.161667 0.639583 0.035 0.0391667
0 0.47625 0.986667 0.0341667 0.0266667
0 0.11375 0.665417 0.0325 0.0358333
0 0.306667 0.545417 0.0316667 0.0325
0 0.08 0.56 0.0333333 0.035
0 0.799167 0.897917 0.03 0.0325
0 0.9825 0.4925 0.0333333 0.035
0 0.425417 0.3375 0.0325 0.035
0 0.455 0.90875 0.0333333 0.0358333
0 0.81125 0.8275 0.0358333 0.04
0 0.0320833 0.520833 0.0325 0.0366667
0 0.916667 0.620417 0.035 0.0375
0 0.602917 0.07625 0.0341667 0.0375
0 0.509583 0.749167 0.0325 0.035
0 0.990417 0.673333 0.0175 0.0333333
0 0.214167 0.98375 0.0316667 0.0325
0 0.332083 0.945 0.0308333 0.0316667
0 0.582083 0.168333 0.0308333 0.0333333
0 0.45125 0.131667 0.0341667 0.0383333
0 0.133333 0.572083 0.0333333 0.0358333
0 0.21125 0.195417 0.0341667 0.0375
0 0.518333 0.06875 0.0316667 0.0341667
0 0.456667 0.228333 0.0333333 0.035
0 0.917083 0.449167 0.0358333 0.0366667
0 0.660417 0.8275 0.0358333 0.035
0 0.390833 0.278333 0.03 0.0316667
0 0.682083 0.01375 0.0358333 0.0275
0 0.881667 0.496667 0.035 0.0366667
0 0.985417 0.559167 0.0291667 0.0383333
0 0.0175 0.71875 0.03 0.0325
0 0.0895833 0.23625 0.0308333 0.0341667
0 0.904583 0.685417 0.0341667 0.0375
0 0.142917 0.378333 0.0325 0.035
0 0.187917 0.519167 0.0325 0.0333333
0 0.666667 0.206667 0.0333333 0.0383333
0 0.840417 0.746667 0.0341667 0.0366667
