0 0.463333 0.910417 0.035 0.0375
0 0.0745833 0.42125 0.0308333 0.0325
0 0.102917 0.577917 0.0358333 0.0441667
0 0.708333 0.0191667 0.0416667 0.0383333
0 0.894167 0.516667 0.045 0.05
0 0.165833 0.64875 0.0466667 0.0475
0 0.145833 0.51 0.0433333 0.0483333
0 0.842917 0.00875 0.0325 0.0175
0 0.256667 0.607917 0.0416667 0.0491667
0 0.694167 0.822917 0.0383333 0.0441667
0 0.0504167 0.20625 0.0291667 0.0308333
0 0.45625 0.640417 0.0258333 0.0275
0 0.992083 0.148333 0.0158333 0.0366667
0 0.885833 0.261667 0.0266667 0.0283333
0 0.87875 0.97875 0.0391667 0.0391667
0 0.627917 0.793333 0.0441667 0.0466667
0 0.66625 0.719167 0.0325 0.0366667
0 0.380417 0.322917 0.0341667 0.0358333
0 0.939583 0.6075 0.0408333 0.0466667
0 0.065 0.6175 0.0333333 0.0383333
0 0.929583 0.330417 0.0291667 0.0308333
0 0.843333 0.4875 0.0416667 0.0483333
0 0.505417 0.4625 0.0308333 0.0333333
0 0.227083 0.78375 0.0291667 0.0325
0 0.278333 0.12 0.0416667 0.0416667
0 0.520833 0.868333 0.0283333 0.03
0 0.992083 0.0320833 0.0158333 0.0325
0 0.628333 0.6225 0.0333333 0.035
0 0.6925 0.325 0.0383333 0.0483333
0 0.0808333 0.31 0.0366667 0.04
0 0.507917 0.337083 0.0325 0.0341667
0 0.73875 0.678333 0.0391667 0.0416667
0 0.824583 0.357917 0.0375 0.0408333
0 0.3225 0.04 0.035 0.0366667
0 0.619583 0.51125 0.0325 0.0341667
0 0.0958333 0.230833 0.035 0.0366667
0 0.561667 0.86375 0.0366667 0.0425
0 0.648333 0.662083 0.0333333 0.0341667
0 0.406667 0.43375 0.035 0.0391667
0 0.8575 0.553333 0.0433333 0.0433333
0 0.407083 0.0483333 0.0391667 0.0416667
0 0.08 0.722917 0.0383333 0.0425
0 0.435833 0.00916667 0.03 0.0166667
0 0.28625 0.644167 0.0325 0.035
0 0.21 0.21875 0.0366667 0.0391667
0 0.860833 0.640833 0.035 0.04
0 0.595 0.0458333 0.0383333 0.04
0 0.349167 0.674583 0.0433333 0.0491667
0 0.453333 0.258333 0.0333333 0.0366667
0 0.559583 0.171667 0.0391667 0.0416667
0 0.675833 0.50875 0.035 0.0375
0 0.00541667 0.672917 0.0108333 0.0308333
0 0.917083 0.970417 0.0341667 0.0375
0 0.40375 0.97 0.0358333 0.04
0 0.41125 0.883333 0.0391667 0.045
0 0.818333 0.605 0.0366667 0.04
0 0.731667 0.544167 0.03 0.0333333
0 0.584583 0.239583 0.0391667 0.0408333
0 0.739167 0.0491667 0.0383333 0.0416667
0 0.512917 0.217083 0.0425 0.0425
0 0.384167 0.256667 0.0366667 0.0416667
0 0.689583 0.659167 0.0391667 0.0433333
0 0.00833333 0.37375 0.0166667 0.0341667
0 0.258333 0.267083 0.0283333 0.0325
0 0.230833 0.3725 0.0366667 0.04
0 0.701667 0.117917 0.04 0.0408333
0 0.275 0.204583 0.0366667 0.0425
0 0.534167 0.0429167 0.0383333 0.0441667
0 0.98875 0.3375 0.0225 0.035
0 0.406667 0.385417 0.0383333 0.0391667
0 0.17875 0.5275 0.0325 0.035
0 0.44625 0.595417 0.0375 0.0391667
0 0.112083 0.144167 0.0341667 0.0366667
0 0.49375 0.424583 0.0358333 0.0358333
0 0.635 0.239167 0.0333333 0.0366667
0 0.148333 0.448333 0.035 0.0366667
0 0.0220833 0.845417 0.0341667 0.0391667
0 0.754583 0.0833333 0.0358333 0.0383333
0 0.341667 0.331667 0.0366667 0.04
0 0.22125 0.911667 0.0408333 0.0466667
0 0.364167 0.84375 0.0383333 0.0408333
0 0.0791667 0.925833 0.0366667 0.04
0 0.170833 0.98 0.0316667 0.035
0 0.56625 0.779167 0.0358333 0.04
0 0.425417 0.8325 0.0325 0.0333333
0 0.352917 0.166667 0.0375 0.04
0 0.357917 0.474583 0.0308333 0.0325
0 0.615833 0.856667 0.0333333 0.035
0 0.141667 0.83125 0.0366667 0.0391667
0 0.7 0.621667 0.0316667 0.0316667
0 0.22 0.653333 0.035 0.04
0 0.51 0.559583 0.0383333 0.0425
0 0.564583 0.73375 0.0291667 0.0308333
0 0.60125 0.187083 0.0341667 0.0375
0 0.66125 0.369167 0.0308333 0.0333333
0 0.740833 0.470417 0.0366667 0.0391667
0 0.155417 0.76625 0.0341667 0.0358333
0 0.696667 0.1725 0.035 0.0366667
0 0.467917 0.382083 0.0375 0.0408333
0 0.83625 0.100833 0.0375 0.0433333
0 0.985 0.264583 0.03 0.0358333
0 0.935417 0.487917 0.0375 0.0391667
0 0.37125 0.552917 0.0341667 0.0375
0 0.510417 0.1225 0.0358333 0.0366667
0 0.9275 0.1825 0.0366667 0.0416667
0 0.515417 0.934167 0.0341667 0.035
0 0.954167 0.446667 0.035 0.04
0 0.284167 0.789583 0.0333333 0.0341667
0 0.340833 0.438333 0.0333333 0.0366667
0 0.759583 0.552083 0.0375 0.0391667
0 0.0558333 0.831667 0.035 0.0366667
0 0.292917 0.36625 0.0325 0.0325
0 0.0220833 0.417083 0.0341667 0.0391667
0 0.768333 0.600833 0.035 0.0383333
0 0.43625 0.54375 0.0308333 0.0325
0 0.1725 0.2175 0.035 0.0366667
0 0.219583 0.274583 0.0358333 0.0391667
0 0.792917 0.436667 0.0325 0.035
0 0.85875 0.400833 0.0358333 0.04
0 0.702917 0.412083 0.0325 0.0358333
0 0.22 0.95875 0.035 0.0391667
0 0.8725 0.236667 0.0333333 0.035
0 0.904583 0.359167 0.0341667 0.0366667
0 0.305 0.729583 0.03 0.0325
0 0.92875 0.0925 0.0341667 0.0383333
0 0.88375 0.095 0.0341667 0.0366667
0 0.46375 0.782917 0.0375 0.0391667
0 0.56375 0.631667 0.0341667 0.0366667
0 0.490417 0.680833 0.0291667 0.0316667
0 0.397083 0.61125 0.0358333 0.0375
0 0.547917 0.579167 0.0358333 0.0383333
0 0.412083 0.5075 0.0275 0.03
0 0.44 0.20625 0.035 0.0358333
0 0.16375 0.277083 0.0341667 0.0375
0 0.27875 0.951667 0.0308333 0.0316667
0 0.975 0.100833 0.03 0.0366667
0 0.635 0.40125 0.035 0.0375
0 0.71875 0.760833 0.0358333 0.0366667
0 0.524583 0.29125 0.0341667 0.0358333
0 0.326667 0.582917 0.035 0.0375
0 0.487083 0.730417 0.0358333 0.0375
0 0.859167 0.0225 0.035 0.0366667
0 0.142917 0.905417 0.0358333 0.0375
0 0.52875 0.679167 0.0325 0.0333333
0 0.8525 0.7075 0.0333333 0.035
0 0.596667 0.641667 0.0316667 0.035
0 0.431667 0.73875 0.035 0.0375
0 0.515833 0.397917 0.0333333 0.0358333
0 0.352917 0.72125 0.0325 0.0341667
0 0.928333 0.0545833 0.035 0.0375
0 0.768333 0.297917 0.035 0.0425
0 0.414583 0.34125 0.0358333 0.0375
0 0.312917 0.813333 0.0341667 0.0366667
0 0.31875 0.165 0.0358333 0.0366667
0 0.439583 0.28625 0.0325 0.0358333
0 0.23 0.48875 0.035 0.0375
0 0.7 0.0783333 0.0316667 0.035
0 0.34875 0.904167 0.0308333 0.0333333
0 0.0575 0.981667 0.0316667 0.0333333
0 0.804167 0.0166667 0.0333333 0.0333333
0 0.58875 0.469167 0.0358333 0.04
0 0.255 0.442917 0.0333333 0.0358333
0 0.07375 0.538333 0.0341667 0.035
0 0.215 0.841667 0.0333333 0.0366667
0 0.45625 0.325417 0.0341667 0.0375
0 0.702917 0.243333 0.0325 0.0366667
0 0.509167 0.518333 0.0366667 0.0366667
0 0.0754167 0.471667 0.0325 0.035
0 0.756667 0.143333 0.0333333 0.035
0 0.9675 0.366667 0.0316667 0.0333333
