0 0.8625 0.717083 0.045 0.0558333
0 0.96375 0.408333 0.0441667 0.05
0 0.287917 0.909583 0.0341667 0.0391667
0 0.507917 0.477917 0.0408333 0.0458333
0 0.3325 0.120833 0.0366667 0.04
0 0.912083 0.194167 0.0291667 0.0333333
0 0.845417 0.461667 0.0341667 0.0383333
0 0.98375 0.0770833 0.0325 0.0441667
0 0.241667 0.0175 0.0366667 0.035
0 0.238333 0.0933333 0.0466667 0.0516667
0 0.932083 0.346667 0.0491667 0.0566667
0 0.437083 0.81625 0.0325 0.0325
0 0.89875 0.113333 0.0341667 0.0366667
0 0.787917 0.362917 0.0391667 0.0475
0 0.174583 0.439167 0.0375 0.045
0 0.337083 0.0566667 0.0291667 0.03
0 0.8725 0.354583 0.0466667 0.0458333
0 0.932083 0.99 0.0358333 0.02
0 0.418333 0.505833 0.0366667 0.0433333
0 0.0883333 0.0575 0.035 0.0416667
0 0.9325 0.629167 0.0383333 0.045
0 0.339583 0.98375 0.0325 0.0325
0 0.722917 0.455 0.0425 0.0433333
0 0.260417 0.797917 0.0358333 0.0408333
0 0.8325 0.51125 0.0416667 0.0441667
0 0.80125 0.40375 0.0375 0.0408333
0 0.53625 0.56875 0.0341667 0.0391667
0 0.881667 0.197917 0.0366667 0.0391667
0 0.382083 0.58 0.0391667 0.0433333
0 0.462083 0.614583 0.0441667 0.0441667
0 0.932083 0.908333 0.0341667 0.04
0 0.11875 0.921667 0.0391667 0.0416667
0 0.66625 0.0191667 0.0375 0.0383333
0 0.780833 0.925 0.035 0.0366667
0 0.7 0.339167 0.0333333 0.035
0 0.2525 0.291667 0.0383333 0.045
0 0.957917 0.2825 0.0391667 0.045
0 0.340833 0.0283333 0.0333333 0.035
0 0.735417 0.920833 0.0408333 0.0433333
0 0.0154167 0.295417 0.0308333 0.0425
0 0.330417 0.57 0.0358333 0.04
0 0.95375 0.194167 0.0375 0.04
0 0.607083 0.572917 0.0375 0.0391667
0 0.184167 0.872083 0.0433333 0.0441667
0 0.991667 0.928333 0.0166667 0.0333333
0 0.597083 0.5025 0.0375 0.0383333
0 0.847083 0.965417 0.0325 0.0325
0 0.852083 0.85 0.0358333 0.045
0 0.504167 0.930833 0.0366667 0.0416667
0 0.908333 0.708333 0.0366667 0.04
0 0.117083 0.99125 0.0308333 0.0175
0 0.08375 0.127917 0.0408333 0.0458333
0 0.5825 0.722083 0.035 0.0375
0 0.41875 0.114167 0.0391667 0.0466667
0 0.756667 0.569167 0.04 0.045
0 0.117917 0.135833 0.0391667 0.0416667
0 0.925417 0.79 0.0425 0.045
0 0.0216667 0.514167 0.0366667 0.04
0 0.39 0.991667 0.03 0.0166667
0 0.00916667 0.15375 0.0183333 0.0325
0 0.982917 0.12875 0.0308333 0.0341667
0 0.750833 0.6975 0.04 0.0433333
0 0.654583 0.571667 0.0341667 0.0366667
0 0.0379167 0.210833 0.0375 0.0383333
0 0.1775 0.37 0.04 0.04
0 0.93875 0.144167 0.0358333 0.0383333
0 0.822083 0.215 0.0341667 0.0366667
0 0.6 0.886667 0.0416667 0.05
0 0.916667 0.440833 0.0383333 0.045
0 0.404167 0.941667 0.0316667 0.0333333
0 0.835 0.93625 0.03 0.0308333
0 0.176667 0.07 0.04 0.0433333
0 0.5575 0.624167 0.0383333 0.0416667
0 0.175417 0.766667 0.0391667 0.0416667
0 0.370417 0.767083 0.0341667 0.0391667
0 0.4125 0.0425 0.0366667 0.04
0 0.982083 0.654583 0.0341667 0.0408333
0 0.132917 0.0941667 0.0325 0.0383333
0 0.0945833 0.203333 0.0291667 0.0316667
0 0.694583 0.895417 0.0391667 0.0425
0 0.79125 0.49 0.0375 0.04
0 0.803333 0.645417 0.0333333 0.0358333
0 0.369583 0.874167 0.0341667 0.0383333
0 0.13 0.261667 0.0266667 0.0283333
0 0.280833 0.0945833 0.0366667 0.0375
0 0.32125 0.186667 0.0358333 0.0383333
0 0.65 0.983333 0.035 0.0333333
0 0.302917 0.770833 0.0391667 0.0416667
0 0.222083 0.237083 0.0341667 0.0358333
0 0.163333 0.153333 0.0366667 0.04
0 0.766667 0.985 0.035 0.03
0 0.282083 0.655417 0.0358333 0.0391667
0 0.517917 0.645833 0.0375 0.0383333
0 0.285 0.70375 0.0383333 0.0408333
0 0.254583 0.615833 0.0308333 0.0333333
0 0.5975 0.633333 0.0383333 0.0416667
0 0.39 0.685833 0.0383333 0.04
0 0.449167 0.854583 0.0333333 0.0358333
0 0.424167 0.91875 0.0366667 0.0391667
0 0.44875 0.704583 0.0391667 0.0425
0 0.257917 0.87625 0.0358333 0.0375
0 0.590417 0.427917 0.0275 0.0291667
0 0.428333 0.560417 0.0366667 0.0391667
0 0.5425 0.778333 0.035 0.0383333
0 0.669583 0.495417 0.0341667 0.0375
0 0.243333 0.370417 0.035 0.0391667
0 0.12375 0.340833 0.0308333 0.0333333
0 0.14 0.960417 0.0316667 0.0325
0 0.494167 0.776667 0.0383333 0.0416667
0 0.02 0.945417 0.035 0.0391667
0 0.545 0.502083 0.0383333 0.0408333
0 0.673333 0.7575 0.035 0.0366667
0 0.29125 0.215 0.0325 0.0333333
0 0.08125 0.270833 0.0291667 0.0316667
0 0.569167 0.465417 0.0333333 0.0341667
0 0.6075 0.75375 0.035 0.0375
0 0.531667 0.8825 0.0383333 0.04
0 0.29 0.6075 0.0333333 0.035
0 0.457083 0.66625 0.0358333 0.0408333
0 0.375 0.1025 0.0366667 0.04
0 0.125417 0.18625 0.0358333 0.0375
0 0.48875 0.0183333 0.0325 0.0333333
0 0.452083 0.983333 0.0325 0.0333333
0 0.482917 0.09375 0.0358333 0.0375
0 0.127917 0.222083 0.0341667 0.0358333
0 0.0408333 0.264167 0.0316667 0.035
0 0.229167 0.950417 0.0366667 0.0391667
0 0.09875 0.407083 0.0325 0.0341667
0 0.384167 0.827917 0.0316667 0.0358333
0 0.78 0.72875 0.0316667 0.0341667
0 0.697083 0.545833 0.0308333 0.0333333
0 0.618333 0.929167 0.035 0.0366667
0 0.0579167 0.0383333 0.0325 0.035
0 0.47875 0.56625 0.0358333 0.0391667
0 0.228333 0.183333 0.0316667 0.035
0 0.968333 0.542083 0.0333333 0.0358333
0 0.554583 0.08375 0.0358333 0.0375
0 0.310417 0.954167 0.0341667 0.0333333
0 0.126667 0.439583 0.035 0.0358333
0 0.54625 0.969167 0.0325 0.035
0 0.630417 0.644167 0.0308333 0.0333333
0 0.171667 0.308333 0.035 0.035
0 0.2825 0.01375 0.0366667 0.0275
0 0.772083 0.514583 0.0325 0.0358333
0 0.0666667 0.92625 0.0316667 0.0341667
0 0.982917 0.360417 0.0325 0.0341667
0 0.0758333 0.449167 0.0316667 0.035
0 0.871667 0.425833 0.035 0.0383333
0 0.423333 0.745833 0.0366667 0.04
0 0.727083 0.629167 0.0308333 0.0316667
0 0.878333 0.622917 0.0316667 0.0341667
0 0.325 0.890417 0.0333333 0.0358333
0 0.02 0.378333 0.0316667 0.0333333
0 0.1875 0.96125 0.0283333 0.0325
0 0.689583 0.8125 0.0325 0.035
0 0.0691667 0.33625 0.0333333 0.0391667
0 0.658333 0.689167 0.0333333 0.035
0 0.3275 0.847083 0.0316667 0.0341667
0 0.53375 0.01375 0.0291667 0.0275
0 0.89 0.52375 0.0333333 0.0358333
