0 0.529167 0.435833 0.0266667 0.03
0 0.22375 0.32875 0.0391667 0.0491667
0 0.0433333 0.750417 0.0383333 0.0441667
0 0.994583 0.785 0.0108333 0.0283333
0 0.407083 0.6025 0.0325 0.0366667
0 0.747083 0.607917 0.0358333 0.0375
0 0.990833 0.945417 0.0166667 0.0325
0 0.53625 0.204167 0.0425 0.045
0 0.524583 0.766667 0.0408333 0.05
0 0.25 0.0116667 0.0366667 0.0233333
0 0.228333 0.134167 0.0433333 0.0516667
0 0.55125 0.811667 0.0375 0.04
0 0.192917 0.50375 0.0391667 0.0441667
0 0.114583 0.534583 0.0291667 0.0325
0 0.301667 0.398333 0.0466667 0.05
0 0.93375 0.398333 0.0258333 0.0283333
0 0.337083 0.669583 0.0275 0.0275
0 0.233333 0.770417 0.0383333 0.0425
0 0.984583 0.891667 0.0308333 0.0383333
0 0.12 0.0825 0.0366667 0.0366667
0 0.845 0.9875 0.0333333 0.025
0 0.45875 0.657917 0.0358333 0.0375
0 0.324583 0.0704167 0.0408333 0.0425
0 0.46 0.115833 0.0383333 0.04
0 0.506667 0.291667 0.0383333 0.0416667
0 0.476667 0.525 0.04 0.0433333
0 0.780417 0.535417 0.0358333 0.0375
0 0.0166667 0.239167 0.0333333 0.0483333
0 0.304583 0.540417 0.0358333 0.0408333
0 0.524583 0.7025 0.0391667 0.045
0 0.55125 0.42625 0.0308333 0.0358333
0 0.65625 0.0483333 0.0425 0.0466667
0 0.965 0.354167 0.0433333 0.0466667
0 0.413333 0.4425 0.0333333 0.035
0 0.344583 0.227083 0.0391667 0.0441667
0 0.04 0.965417 0.0416667 0.0458333
0 0.18875 0.642917 0.0325 0.0358333
0 0.0379167 0.289167 0.0425 0.0483333
0 0.389167 0.270833 0.0366667 0.0433333
0 0.8675 0.239167 0.0416667 0.0483333
0 0.125 0.626667 0.035 0.04
0 0.40625 0.0325 0.0358333 0.0433333
0 0.111667 0.390833 0.0316667 0.0333333
0 0.16625 0.99125 0.0308333 0.0175
0 0.945417 0.551667 0.0375 0.0416667
0 0.422083 0.151667 0.0375 0.04
0 0.248333 0.19375 0.03 0.0308333
0 0.15375 0.0116667 0.0441667 0.0233333
0 0.252083 0.527083 0.0391667 0.0441667
0 0.912917 0.015 0.0391667 0.03
0 0.12375 0.0304167 0.0408333 0.0425
0 0.517083 0.344583 0.0325 0.0341667
0 0.830417 0.90125 0.0391667 0.0425
0 0.82125 0.165 0.0308333 0.035
0 0.51375 0.224167 0.0308333 0.0316667
0 0.19 0.566667 0.04 0.045
0 0.0479167 0.67375 0.0375 0.0408333
0 0.80625 0.00875 0.0358333 0.0175
0 0.585417 0.222083 0.0375 0.0391667
0 0.542083 0.1325 0.0375 0.0433333
0 0.348333 0.415 0.0333333 0.035
0 0.925 0.971667 0.03 0.0333333
0 0.68375 0.0779167 0.0358333 0.0375
0 0.248333 0.256667 0.0366667 0.04
0 0.575833 0.665417 0.04 0.0458333
0 0.990417 0.398333 0.0191667 0.0366667
0 0.141667 0.426667 0.0383333 0.04
0 0.160833 0.929583 0.035 0.0375
0 0.702083 0.0308333 0.0308333 0.0333333
0 0.155 0.180417 0.0383333 0.0458333
0 0.269583 0.306667 0.0408333 0.0433333
0 0.469167 0.055 0.0366667 0.04
0 0.641667 0.729583 0.04 0.0441667
0 0.130833 0.33875 0.0333333 0.0358333
0 0.744583 0.463333 0.0325 0.0366667
0 0.949167 0.274583 0.0316667 0.0341667
0 0.46 0.383333 0.0333333 0.0366667
0 0.512083 0.474583 0.0375 0.0408333
0 0.135833 0.38375 0.0333333 0.0358333
0 0.522083 0.554167 0.0375 0.0433333
0 0.870833 0.0925 0.04 0.04
0 0.6525 0.975 0.0333333 0.04
0 0.0154167 0.900417 0.0308333 0.0391667
0 0.985 0.73875 0.03 0.0358333
0 0.1525 0.472917 0.0366667 0.0408333
0 0.577917 0.596667 0.0375 0.0433333
0 0.0183333 0.621667 0.0366667 0.045
0 0.7825 0.977917 0.0383333 0.0391667
0 0.365417 0.908333 0.0341667 0.0366667
0 0.0729167 0.540417 0.0358333 0.0375
0 0.0420833 0.375 0.0391667 0.0433333
0 0.32 0.824167 0.04 0.0416667
0 0.872083 0.30125 0.0308333 0.0325
0 0.7425 0.134583 0.0383333 0.0425
0 0.09 0.358333 0.035 0.0366667
0 0.3475 0.498333 0.0366667 0.04
0 0.9175 0.452083 0.04 0.0475
0 0.785833 0.0670833 0.03 0.0325
0 0.91875 0.085 0.0375 0.0433333
0 0.454583 0.489167 0.0391667 0.04
0 0.279583 0.910833 0.0408333 0.045
0 0.57125 0.496667 0.0358333 0.0416667
0 0.359167 0.78375 0.0333333 0.0358333
0 0.42 0.53 0.0366667 0.0416667
0 0.399583 0.209167 0.0308333 0.0333333
0 0.120833 0.27 0.0333333 0.0333333
0 0.624583 0.45 0.0375 0.04
0 0.08375 0.7375 0.0375 0.0416667
0 0.01875 0.127083 0.0341667 0.0375
0 0.523333 0.01375 0.0316667 0.0258333
0 0.38 0.694583 0.03 0.0325
0 0.724167 0.685417 0.035 0.0391667
0 0.0558333 0.235 0.0366667 0.0383333
0 0.956667 0.188333 0.0366667 0.04
0 0.574583 0.0533333 0.0341667 0.0383333
0 0.148333 0.67875 0.035 0.0375
0 0.885833 0.342083 0.0366667 0.0391667
0 0.43375 0.795417 0.0391667 0.0425
0 0.8725 0.986667 0.035 0.0266667
0 0.095 0.620833 0.0366667 0.04
0 0.707917 0.22375 0.0358333 0.0358333
0 0.464583 0.623333 0.0358333 0.0366667
0 0.66 0.24625 0.035 0.0375
0 0.225 0.638333 0.0333333 0.035
0 0.84625 0.0329167 0.0325 0.0325
0 0.107917 0.303333 0.0325 0.035
0 0.990417 0.4625 0.0191667 0.035
0 0.356667 0.537083 0.035 0.0375
0 0.785833 0.320417 0.0416667 0.0475
0 0.17 0.292083 0.0333333 0.0358333
0 0.79375 0.896667 0.0358333 0.04
0 0.810417 0.218333 0.0341667 0.0366667
0 0.824583 0.328333 0.0375 0.0416667
0 0.897917 0.279583 0.0308333 0.0325
0 0.730417 0.0133333 0.0358333 0.0266667
0 0.265833 0.462083 0.0333333 0.0358333
0 0.452083 0.834583 0.0358333 0.0391667
0 0.695417 0.563333 0.0375 0.0416667
0 0.84875 0.359583 0.0358333 0.0408333
0 0.17 0.757917 0.035 0.0375
0 0.332083 0.595 0.0341667 0.0366667
0 0.367917 0.105 0.0325 0.035
0 0.573333 0.317083 0.0366667 0.0408333
0 0.6425 0.1125 0.035 0.0416667
0 0.595833 0.0116667 0.035 0.0216667
0 0.352917 0.307917 0.0341667 0.0375
0 0.0841667 0.192917 0.035 0.0408333
0 0.80125 0.936667 0.0358333 0.0366667
0 0.62125 0.547083 0.0375 0.0408333
0 0.274167 0.765833 0.035 0.0383333
0 0.612083 0.7075 0.0358333 0.04
0 0.98875 0.0941667 0.0208333 0.035
0 0.98375 0.835417 0.0325 0.0425
0 0.257917 0.48875 0.0341667 0.0358333
0 0.294583 0.165417 0.0341667 0.0358333
0 0.38125 0.611667 0.0375 0.04
0 0.290833 0.686667 0.0333333 0.035
0 0.03625 0.58375 0.0375 0.0375
0 0.755833 0.49125 0.035 0.0375
0 0.811667 0.06375 0.0283333 0.0308333
0 0.92625 0.841667 0.0358333 0.0366667
0 0.450417 0.410417 0.0325 0.0358333
0 0.207083 0.716667 0.0325 0.035
0 0.0345833 0.787917 0.0358333 0.0375
0 0.631667 0.384167 0.0333333 0.0366667
0 0.39125 0.828333 0.0375 0.04
0 0.07 0.896667 0.035 0.0366667
0 0.469583 0.58375 0.0375 0.0391667
0 0.330417 0.282917 0.0325 0.0341667
0 0.172917 0.859167 0.0325 0.035
0 0.115417 0.867917 0.0341667 0.0358333
0 0.595 0.132917 0.0316667 0.0341667
0 0.519583 0.107083 0.0325 0.0358333
0 0.734167 0.329167 0.0316667 0.0333333
0 0.404583 0.762917 0.0341667 0.0375
0 0.116667 0.142917 0.0333333 0.0341667
0 0.230833 0.0833333 0.0366667 0.04
0 0.659167 0.656667 0.035 0.035
0 0.76875 0.262917 0.0358333 0.0375
0 0.91125 0.929167 0.0341667 0.0383333
0 0.26625 0.82625 0.0358333 0.0391667
0 0.799583 0.473333 0.0358333 0.0383333
0 0.885833 0.5375 0.03 0.0316667
0 0.84625 0.417917 0.0358333 0.0375
0 0.713333 0.450833 0.03 0.0333333
0 0.648333 0.494583 0.0316667 0.0358333
0 0.0879167 0.698333 0.0325 0.0366667
0 0.06 0.631667 0.035 0.0383333
0 0.799583 0.125833 0.0341667 0.0383333
