0 0.24625 0.993333 0.0275 0.0133333
0 0.540417 0.330833 0.0391667 0.0433333
0 0.28 0.667083 0.0466667 0.0458333
0 0.3925 0.0891667 0.035 0.04
0 0.0425 0.738333 0.0416667 0.0483333
0 0.367917 0.857917 0.0341667 0.0358333
0 0.871667 0.473333 0.035 0.0383333
0 0.382083 0.581667 0.0458333 0.0483333
0 0.186667 0.56625 0.0366667 0.0391667
0 0.991667 0.239583 0.015 0.0358333
0 0.834167 0.570417 0.025 0.0275
0 0.0720833 0.745417 0.0308333 0.0341667
0 0.562083 0.615 0.0325 0.0366667
0 0.065 0.0445833 0.0383333 0.0441667
0 0.707917 0.960833 0.0258333 0.03
0 0.00583333 0.0908333 0.0116667 0.03
0 0.09375 0.101667 0.0425 0.0483333
0 0.0383333 0.380833 0.035 0.0383333
0 0.689167 0.63625 0.0416667 0.0458333
0 0.827917 0.365833 0.0325 0.035
0 0.785417 0.775 0.0358333 0.04
0 0.500833 0.750417 0.035 0.0408333
0 0.984583 0.779167 0.0275 0.03
0 0.00791667 0.397917 0.0158333 0.0341667
0 0.749167 0.612083 0.045 0.0475
0 0.88375 0.0145833 0.0375 0.0291667
0 0.470833 0.0170833 0.035 0.0341667
0 0.461667 0.724167 0.04 0.0416667
0 0.0570833 0.341667 0.0391667 0.0416667
0 0.76625 0.972917 0.0391667 0.0441667
0 0.95875 0.06125 0.0358333 0.0425
0 0.785833 0.0954167 0.04 0.0475
0 0.01375 0.790833 0.0275 0.0416667
0 0.670417 0.777083 0.0341667 0.0375
0 0.96125 0.953333 0.0408333 0.0433333
0 0.957083 0.87875 0.0358333 0.0391667
0 0.2725 0.840833 0.03 0.035
0 0.43625 0.689583 0.0341667 0.0375
0 0.395 0.433333 0.0383333 0.04
0 0.07375 0.885833 0.0425 0.05
0 0.170417 0.245 0.0341667 0.035
0 0.285833 0.620833 0.0416667 0.045
0 0.639167 0.927917 0.0383333 0.0475
0 0.178333 0.70875 0.0366667 0.0441667
0 0.32625 0.820833 0.0358333 0.0416667
0 0.06625 0.660417 0.0358333 0.0408333
0 0.13875 0.909583 0.0408333 0.0475
0 0.72875 0.403333 0.0358333 0.045
0 0.983333 0.21375 0.03 0.0375
0 0.990417 0.463333 0.0191667 0.04
0 0.0133333 0.959167 0.0266667 0.0433333
0 0.846667 0.65875 0.04 0.0441667
0 0.483333 0.379583 0.0366667 0.0408333
0 0.688333 0.499583 0.0416667 0.0408333
0 0.300833 0.0479167 0.035 0.0408333
0 0.440417 0.0629167 0.0358333 0.0408333
0 0.274583 0.539583 0.0391667 0.0425
0 0.73125 0.351667 0.0358333 0.0433333
0 0.575417 0.75875 0.0375 0.0441667
0 0.99 0.651667 0.0183333 0.035
0 0.275 0.742083 0.04 0.0408333
0 0.537083 0.863333 0.0375 0.0466667
0 0.7775 0.515417 0.0333333 0.0375
0 0.12 0.79375 0.0383333 0.0408333
0 0.64625 0.275833 0.0391667 0.0433333
0 0.734583 0.226667 0.0391667 0.04
0 0.01125 0.23625 0.0225 0.0358333
0 0.62625 0.588333 0.0358333 0.04
0 0.362083 0.684583 0.0358333 0.0391667
0 0.114583 0.955833 0.0358333 0.0416667
0 0.22875 0.817083 0.0375 0.0408333
0 0.451667 0.562917 0.035 0.0425
0 0.221667 0.926667 0.0416667 0.0416667
0 0.90125 0.24375 0.0375 0.0441667
0 0.20125 0.884583 0.0341667 0.0375
0 0.989583 0.925 0.0208333 0.0433333
0 0.802083 0.670417 0.0391667 0.0391667
0 0.638333 0.99 0.0283333 0.02
0 0.987083 0.317917 0.0258333 0.0375
0 0.0433333 0.818333 0.0366667 0.0416667
0 0.818333 0.443333 0.0366667 0.0366667
0 0.5925 0.3225 0.0333333 0.035
0 0.698333 0.70875 0.0366667 0.0391667
0 0.901667 0.813333 0.04 0.0433333
0 0.165417 0.304167 0.0325 0.0333333
0 0.939583 0.478333 0.0358333 0.04
0 0.403333 0.487083 0.0366667 0.0391667
0 0.846667 0.79625 0.035 0.0375
0 0.1675 0.0829167 0.0333333 0.0358333
0 0.605 0.874167 0.0383333 0.0416667
0 0.175833 0.616667 0.0366667 0.0416667
0 0.577917 0.493333 0.0358333 0.0383333
0 0.8425 0.722917 0.04 0.0425
0 0.897917 0.900833 0.0358333 0.0383333
0 0.121667 0.208333 0.035 0.0366667
0 0.985 0.549583 0.03 0.0375
0 0.53625 0.9325 0.0358333 0.0383333
0 0.149167 0.827083 0.04 0.0425
0 0.267917 0.80375 0.0308333 0.0341667
0 0.46125 0.900833 0.0358333 0.0383333
0 0.0604167 0.942917 0.0358333 0.0408333
0 0.47375 0.44625 0.0358333 0.0375
0 0.86375 0.38125 0.0325 0.0358333
0 0.167917 0.9675 0.0358333 0.04
0 0.470833 0.80875 0.035 0.0408333
0 0.770833 0.400833 0.0383333 0.04
0 0.362917 0.0470833 0.0308333 0.0325
0 0.121667 0.25375 0.035 0.0375
0 0.63125 0.352083 0.0325 0.0341667
0 0.786667 0.365417 0.0316667 0.0325
0 0.7275 0.465417 0.0316667 0.0341667
0 0.97875 0.277917 0.0341667 0.0375
0 0.600833 0.418333 0.035 0.04
0 0.832083 0.278333 0.0325 0.035
0 0.31 0.870417 0.035 0.0391667
0 0.410417 0.935 0.0325 0.035
0 0.230833 0.84875 0.0366667 0.0391667
0 0.833333 0.528333 0.035 0.0366667
0 0.91625 0.317083 0.0341667 0.0375
0 0.85625 0.955 0.0341667 0.0383333
0 0.912917 0.74875 0.0358333 0.0375
0 0.69875 0.30875 0.0358333 0.0375
0 0.108333 0.310417 0.0333333 0.0375
0 0.765833 0.247917 0.035 0.0375
0 0.4775 0.944583 0.035 0.0358333
0 0.112917 0.7375 0.0341667 0.0366667
0 0.985833 0.150417 0.0283333 0.0441667
0 0.95625 0.416667 0.0341667 0.0383333
0 0.23375 0.0958333 0.0375 0.04
0 0.267083 0.985833 0.0325 0.0266667
0 0.121667 0.146667 0.035 0.0366667
0 0.756667 0.84875 0.035 0.0375
0 0.400417 0.634583 0.0341667 0.0341667
0 0.0325 0.0558333 0.0333333 0.035
0 0.625 0.384583 0.0366667 0.0391667
0 0.715 0.790417 0.0366667 0.0375
0 0.890833 0.1325 0.035 0.0366667
0 0.354167 0.769167 0.0366667 0.04
0 0.193333 0.763333 0.0316667 0.0333333
0 0.0304167 0.12125 0.0325 0.0358333
0 0.863333 0.300833 0.035 0.0366667
0 0.647917 0.617917 0.0341667 0.0375
0 0.469583 0.98 0.0325 0.0333333
0 0.586667 0.789583 0.035 0.0375
0 0.657917 0.888333 0.0341667 0.0366667
0 0.923333 0.387917 0.0333333 0.0375
0 0.523333 0.694583 0.035 0.0375
0 0.241667 0.18375 0.035 0.0375
0 0.6125 0.2375 0.035 0.0366667
0 0.0545833 0.1825 0.0325 0.035
0 0.352917 0.637083 0.0375 0.0391667
0 0.28625 0.93125 0.0325 0.0358333
0 0.851667 0.33625 0.035 0.0375
0 0.347083 0.9775 0.0308333 0.035
0 0.812917 0.239583 0.0341667 0.0375
0 0.64125 0.835417 0.0341667 0.0375
0 0.39125 0.89125 0.0341667 0.0391667
0 0.307917 0.121667 0.0325 0.035
0 0.935833 0.70875 0.035 0.0375
0 0.745833 0.287083 0.0316667 0.0341667
0 0.952917 0.825 0.0308333 0.0333333
0 0.977917 0.71125 0.0325 0.0341667
