0 0.491667 0.520417 0.02 0.0225
0 0.817083 0.187917 0.0491667 0.0525
0 0.0829167 0.567083 0.0358333 0.0425
0 0.0654167 0.849583 0.0275 0.0308333
0 0.992083 0.972083 0.0158333 0.0375
0 0.257083 0.60625 0.0408333 0.0458333
0 0.174167 0.499167 0.035 0.0383333
0 0.2975 0.511667 0.0216667 0.0216667
0 0.1775 0.00583333 0.03 0.0116667
0 0.143333 0.400417 0.0366667 0.0425
0 0.422083 0.3075 0.0475 0.0483333
0 0.0625 0.766667 0.03 0.035
0 0.340417 0.99 0.0241667 0.02
0 0.00875 0.993333 0.0175 0.0133333
0 0.545833 0.00791667 0.03 0.0158333
0 0.806667 0.882917 0.035 0.0391667
0 0.899583 0.989583 0.0325 0.0191667
0 0.107917 0.935833 0.0391667 0.0466667
0 0.940833 0.91875 0.0266667 0.0291667
0 0.335 0.166667 0.0333333 0.0366667
0 0.0791667 0.324167 0.04 0.045
0 0.55125 0.0454167 0.0441667 0.0475
0 0.255833 0.662917 0.04 0.0491667
0 0.44125 0.27 0.0441667 0.0516667
0 0.246667 0.0458333 0.0383333 0.045
0 0.264583 0.419167 0.0308333 0.0333333
0 0.514167 0.395417 0.04 0.0475
0 0.735833 0.555833 0.0316667 0.0333333
0 0.06125 0.722917 0.0358333 0.0391667
0 0.0291667 0.244583 0.0466667 0.0508333
0 0.384583 0.390833 0.0408333 0.0483333
0 0.0791667 0.0254167 0.0383333 0.0458333
0 0.364167 0.0433333 0.0366667 0.04
0 0.400833 0.449583 0.0416667 0.0441667
0 0.934167 0.239583 0.035 0.0391667
0 0.8975 0.346667 0.0333333 0.0333333
0 0.370417 0.467917 0.0408333 0.0425
0 0.48875 0.647083 0.0391667 0.0458333
0 0.31625 0.825833 0.0408333 0.045
0 0.326667 0.6375 0.0416667 0.0466667
0 0.972083 0.8375 0.0408333 0.0466667
0 0.7225 0.435417 0.0416667 0.0458333
0 0.682083 0.865833 0.0358333 0.0416667
0 0.39 0.6525 0.0383333 0.0433333
0 0.982917 0.765833 0.0341667 0.045
0 0.00833333 0.92375 0.0166667 0.0341667
0 0.63625 0.127917 0.0408333 0.0425
0 0.02375 0.399583 0.0425 0.0425
0 0.1675 0.333333 0.0316667 0.0333333
0 0.50625 0.225417 0.0391667 0.0425
0 0.70125 0.0816667 0.0375 0.0416667
0 0.141667 0.8975 0.0383333 0.0416667
0 0.0645833 0.981667 0.0341667 0.0366667
0 0.71875 0.38 0.0258333 0.0283333
0 0.665 0.01125 0.0366667 0.0225
0 0.902917 0.859167 0.0391667 0.045
0 0.130833 0.35 0.0433333 0.045
0 0.265833 0.49625 0.0366667 0.0391667
0 0.97625 0.96375 0.0275 0.0308333
0 0.0129167 0.65375 0.0258333 0.0475
0 0.642917 0.387917 0.0408333 0.0408333
0 0.0175 0.78875 0.0333333 0.0358333
0 0.242917 0.3325 0.0408333 0.045
0 0.19125 0.162083 0.0375 0.0425
0 0.7225 0.0129167 0.035 0.0258333
0 0.161667 0.11625 0.0366667 0.0408333
0 0.466667 0.3575 0.0333333 0.0383333
0 0.43375 0.41125 0.0408333 0.0425
0 0.367917 0.8075 0.0391667 0.04
0 0.408333 0.16625 0.0366667 0.0391667
0 0.363333 0.715417 0.035 0.0375
0 0.709583 0.1475 0.0441667 0.0433333
0 0.03 0.3575 0.0416667 0.0433333
0 0.0983333 0.135 0.0383333 0.0433333
0 0.62 0.362083 0.0366667 0.0391667
0 0.5725 0.219167 0.0366667 0.04
0 0.126667 0.183333 0.0366667 0.0383333
0 0.0908333 0.425833 0.035 0.0383333
0 0.66875 0.23125 0.0391667 0.0475
0 0.0116667 0.462083 0.0233333 0.0408333
0 0.3025 0.36375 0.04 0.0408333
0 0.773333 0.240833 0.04 0.04
0 0.34375 0.41875 0.0358333 0.0375
0 0.827083 0.395 0.0291667 0.0316667
0 0.15 0.720833 0.0316667 0.0366667
0 0.695 0.9875 0.0366667 0.0233333
0 0.579583 0.0966667 0.0358333 0.0366667
0 0.96 0.135 0.0333333 0.035
0 0.370417 0.01 0.0375 0.02
0 0.989167 0.675417 0.0183333 0.0358333
0 0.37875 0.109167 0.0375 0.0383333
0 0.6475 0.0783333 0.0383333 0.0433333
0 0.325 0.202083 0.0383333 0.0408333
0 0.142083 0.56625 0.0375 0.0408333
0 0.114167 0.224167 0.035 0.0383333
0 0.795417 0.05125 0.0341667 0.0375
0 0.0854167 0.900417 0.0325 0.0358333
0 0.8425 0.0175 0.0333333 0.0333333
0 0.454583 0.545 0.0375 0.0416667
0 0.0504167 0.12125 0.0325 0.0358333
0 0.24625 0.39125 0.0341667 0.0358333
0 0.194583 0.705 0.0358333 0.04
0 0.06125 0.4975 0.0358333 0.0416667
0 0.97375 0.0333333 0.0341667 0.0366667
0 0.35125 0.7775 0.0341667 0.0366667
0 0.347917 0.535417 0.0341667 0.0375
0 0.7975 0.913333 0.0366667 0.0366667
0 0.14 0.260833 0.035 0.04
0 0.283333 0.20125 0.0366667 0.0408333
0 0.605833 0.07375 0.035 0.0375
0 0.487917 0.144167 0.0358333 0.0366667
0 0.56125 0.59625 0.0391667 0.0425
0 0.729583 0.05625 0.0358333 0.0391667
0 0.464167 0.685833 0.0333333 0.035
0 0.497917 0.06875 0.0391667 0.0391667
0 0.9525 0.949583 0.0316667 0.0358333
0 0.338333 0.335833 0.0383333 0.04
0 0.428333 0.626667 0.0366667 0.0433333
0 0.590417 0.440417 0.0291667 0.0325
0 0.165 0.841667 0.0366667 0.0383333
0 0.304167 0.119167 0.03 0.0316667
0 0.0420833 0.621667 0.0341667 0.0383333
0 0.800833 0.316667 0.04 0.04
0 0.223333 0.542917 0.035 0.0391667
0 0.989167 0.9 0.0216667 0.03
0 0.218333 0.804167 0.0333333 0.035
0 0.159167 0.615417 0.035 0.0358333
0 0.02125 0.82375 0.0358333 0.0408333
0 0.4175 0.0775 0.035 0.0383333
0 0.116667 0.502917 0.035 0.0391667
0 0.111667 0.8575 0.035 0.0366667
0 0.0979167 0.784167 0.0358333 0.0416667
0 0.48 0.435833 0.0383333 0.04
0 0.908333 0.909583 0.0333333 0.0358333
0 0.503333 0.333333 0.0333333 0.0366667
0 0.72125 0.329167 0.0341667 0.0366667
0 0.5125 0.51 0.035 0.0383333
0 0.851667 0.12125 0.0333333 0.0358333
0 0.505417 0.299583 0.0358333 0.0375
0 0.0245833 0.514583 0.0341667 0.0375
0 0.980833 0.30125 0.03 0.0325
0 0.0779167 0.627083 0.0375 0.0408333
0 0.162917 0.429583 0.0341667 0.0375
0 0.884167 0.0995833 0.035 0.0358333
0 0.854167 0.374167 0.03 0.0316667
0 0.656667 0.449167 0.0316667 0.035
0 0.917917 0.04625 0.0325 0.0358333
0 0.272083 0.125 0.0325 0.0333333
0 0.252917 0.268333 0.0341667 0.0366667
0 0.900833 0.9675 0.0316667 0.035
0 0.896667 0.280417 0.0283333 0.0308333
0 0.604167 0.50625 0.0316667 0.0341667
0 0.427083 0.508333 0.0341667 0.0383333
0 0.0416667 0.177083 0.0366667 0.0391667
0 0.187083 0.30125 0.0341667 0.0358333
0 0.585417 0.54125 0.0375 0.0408333
0 0.869583 0.785833 0.0308333 0.0316667
0 0.430417 0.576667 0.0358333 0.0416667
0 0.564583 0.32375 0.0358333 0.0375
0 0.929583 0.795 0.0341667 0.0366667
0 0.582083 0.18 0.0341667 0.04
0 0.260833 0.45 0.0333333 0.035
0 0.365 0.589583 0.0333333 0.0358333
0 0.179167 0.0579167 0.0333333 0.0358333
0 0.25375 0.151667 0.0325 0.035
0 0.0433333 0.694167 0.0333333 0.0383333
