0 0.0225 0.229167 0.0383333 0.0433333
0 0.75 0.333333 0.0366667 0.045
0 0.437917 0.984167 0.0291667 0.0283333
0 0.3125 0.68125 0.0333333 0.0375
0 0.107083 0.645417 0.0308333 0.0308333
0 0.0591667 0.70625 0.03 0.0325
0 0.446667 0.86625 0.0433333 0.0458333
0 0.835833 0.559167 0.035 0.04
0 0.255417 0.07875 0.0408333 0.0408333
0 0.0120833 0.9725 0.0241667 0.0433333
0 0.131667 0.84 0.0283333 0.0316667
0 0.643333 0.692083 0.04 0.0491667
0 0.159167 0.0595833 0.0433333 0.0458333
0 0.646667 0.515417 0.0416667 0.0491667
0 0.50625 0.88625 0.0391667 0.0441667
0 0.828333 0.707917 0.0416667 0.0458333
0 0.192083 0.1225 0.0425 0.045
0 0.4725 0.571667 0.0383333 0.0433333
0 0.272917 0.462917 0.0358333 0.0391667
0 0.620833 0.375 0.0416667 0.0433333
0 0.529583 0.81875 0.0391667 0.0441667
0 0.687083 0.122083 0.0375 0.0391667
0 0.452917 0.409583 0.0408333 0.0491667
0 0.552083 0.905 0.0441667 0.0466667
0 0.0904167 0.589167 0.0341667 0.0366667
0 0.3275 0.792083 0.0433333 0.0491667
0 0.0766667 0.0395833 0.035 0.0391667
0 0.34375 0.399167 0.0425 0.0483333
0 0.9925 0.26375 0.015 0.0358333
0 0.331667 0.312083 0.0366667 0.0391667
0 0.435417 0.367917 0.0408333 0.0475
0 0.543333 0.860833 0.04 0.045
0 0.994167 0.327917 0.0116667 0.0325
0 0.395 0.472083 0.0366667 0.0391667
0 0.942917 0.489583 0.0441667 0.0525
0 0.947083 0.992917 0.0291667 0.0141667
0 0.12625 0.903333 0.0341667 0.0366667
0 0.7825 0.232917 0.0366667 0.0475
0 0.495833 0.368333 0.0383333 0.0416667
0 0.400833 0.39125 0.0383333 0.0425
0 0.573333 0.398333 0.0416667 0.0416667
0 0.251667 0.909583 0.04 0.0475
0 0.609167 0.835833 0.0433333 0.045
0 0.699167 0.685417 0.0383333 0.0408333
0 0.167917 0.52125 0.0358333 0.0425
0 0.7175 0.0691667 0.0366667 0.0383333
0 0.637083 0.445 0.0375 0.0433333
0 0.0558333 0.974167 0.035 0.0333333
0 0.42375 0.792083 0.0391667 0.0441667
0 0.38 0.63625 0.045 0.0441667
0 0.328333 0.477083 0.0416667 0.0425
0 0.737917 0.985833 0.0308333 0.025
0 0.4925 0.49 0.04 0.04
0 0.907917 0.253333 0.0408333 0.0416667
0 0.150417 0.185417 0.0391667 0.0441667
0 0.752083 0.615833 0.0341667 0.035
0 0.337083 0.02125 0.0375 0.0425
0 0.25 0.785 0.0366667 0.0383333
0 0.830417 0.930417 0.0358333 0.0408333
0 0.665833 0.8775 0.0316667 0.035
0 0.634583 0.304583 0.0291667 0.0325
0 0.795417 0.525 0.0358333 0.0416667
0 0.352083 0.925833 0.0408333 0.0466667
0 0.798333 0.0558333 0.0383333 0.0416667
0 0.76125 0.40625 0.0375 0.0408333
0 0.79625 0.936667 0.0375 0.0416667
0 0.30625 0.00916667 0.0291667 0.0183333
0 0.451667 0.524583 0.04 0.0441667
0 0.573333 0.68625 0.0383333 0.0391667
0 0.609167 0.65 0.035 0.0366667
0 0.668333 0.147917 0.0416667 0.0425
0 0.686667 0.787083 0.0366667 0.0391667
0 0.80625 0.98375 0.0358333 0.0325
0 0.945417 0.3425 0.0408333 0.045
0 0.883333 0.988333 0.0316667 0.0216667
0 0.862917 0.28125 0.0308333 0.0325
0 0.0583333 0.199167 0.04 0.0416667
0 0.969583 0.565 0.0358333 0.04
0 0.600417 0.558333 0.0391667 0.045
0 0.859583 0.20875 0.0375 0.0408333
0 0.262917 0.0308333 0.0408333 0.0416667
0 0.441667 0.704583 0.035 0.0425
0 0.87375 0.329167 0.0358333 0.0383333
0 0.615 0.910833 0.04 0.0416667
0 0.885833 0.522917 0.0316667 0.0341667
0 0.774167 0.990417 0.0283333 0.0191667
0 0.715 0.75625 0.0383333 0.0425
0 0.824167 0.165417 0.0383333 0.0458333
0 0.784167 0.122083 0.04 0.0441667
0 0.952917 0.962917 0.0291667 0.0325
0 0.0779167 0.89125 0.0308333 0.0341667
0 0.773333 0.818333 0.0383333 0.0433333
0 0.0270833 0.106667 0.0258333 0.03
0 0.69 0.72375 0.0316667 0.0358333
0 0.292917 0.619583 0.0391667 0.0441667
0 0.19875 0.560417 0.0375 0.0408333
0 0.915833 0.6275 0.035 0.0416667
0 0.98875 0.115833 0.0208333 0.0366667
0 0.387083 0.971667 0.0275 0.0283333
0 0.290833 0.560417 0.0366667 0.0391667
0 0.832083 0.321667 0.0341667 0.0383333
0 0.858333 0.824167 0.0366667 0.0383333
0 0.141667 0.985833 0.0316667 0.0283333
0 0.0645833 0.642083 0.0391667 0.0408333
0 0.895417 0.745417 0.0375 0.0408333
0 0.22625 0.522917 0.0375 0.0375
0 0.204583 0.883333 0.0358333 0.04
0 0.6 0.765 0.0366667 0.04
0 0.95625 0.670833 0.0325 0.035
0 0.0129167 0.6725 0.0258333 0.0433333
0 0.715417 0.484167 0.0341667 0.0366667
0 0.66125 0.291667 0.0358333 0.0383333
0 0.759167 0.657083 0.035 0.0375
0 0.510417 0.59875 0.0391667 0.0425
0 0.5225 0.749583 0.0366667 0.0391667
0 0.694167 0.63375 0.0366667 0.0391667
0 0.511667 0.976667 0.035 0.04
0 0.97875 0.155 0.0358333 0.0383333
0 0.97625 0.372917 0.0325 0.0341667
0 0.265417 0.5025 0.0325 0.035
0 0.437917 0.601667 0.0375 0.0383333
0 0.747917 0.227083 0.0308333 0.0325
0 0.0370833 0.845833 0.0375 0.04
0 0.710833 0.215 0.0366667 0.0383333
0 0.577083 0.4725 0.0341667 0.0366667
0 0.16875 0.914583 0.0358333 0.0391667
0 0.1225 0.8025 0.0366667 0.0366667
0 0.689167 0.906667 0.035 0.0366667
0 0.905417 0.189167 0.0341667 0.0366667
0 0.824583 0.86125 0.0358333 0.0375
0 0.904583 0.395417 0.0375 0.0425
0 0.719583 0.96125 0.0325 0.0358333
0 0.02 0.0591667 0.0366667 0.0416667
0 0.987083 0.418333 0.0241667 0.035
0 0.1625 0.0170833 0.035 0.0341667
0 0.476667 0.930417 0.035 0.0391667
0 0.171667 0.634167 0.035 0.0383333
0 0.418333 0.905 0.0366667 0.04
0 0.740417 0.919167 0.0358333 0.0383333
0 0.927917 0.799167 0.0308333 0.0333333
0 0.53 0.489583 0.0333333 0.0341667
0 0.754583 0.527083 0.0341667 0.0375
0 0.591667 0.98875 0.0366667 0.0225
0 0.865833 0.690417 0.0366667 0.0391667
0 0.0883333 0.935833 0.0316667 0.0366667
0 0.195417 0.702917 0.0358333 0.0391667
0 0.76 0.5675 0.0366667 0.0383333
0 0.96 0.225833 0.0316667 0.035
0 0.972083 0.87 0.0325 0.0366667
0 0.891667 0.937917 0.04 0.0441667
0 0.273333 0.849583 0.035 0.0391667
0 0.733333 0.178333 0.0366667 0.0416667
0 0.0820833 0.104583 0.0375 0.0408333
0 0.141667 0.665833 0.0333333 0.0366667
0 0.650417 0.250833 0.0341667 0.0366667
0 0.524167 0.415833 0.035 0.0383333
0 0.168333 0.739167 0.0333333 0.0366667
0 0.780833 0.725 0.0333333 0.0366667
0 0.366667 0.530417 0.0333333 0.0358333
0 0.0179167 0.900833 0.0358333 0.0383333
0 0.218333 0.800417 0.035 0.0391667
0 0.980833 0.708333 0.0316667 0.0333333
0 0.87875 0.0929167 0.0358333 0.0375
0 0.849583 0.0654167 0.0341667 0.0358333
0 0.54 0.652083 0.0333333 0.0375
0 0.917917 0.89125 0.0358333 0.0375
0 0.335833 0.61625 0.0333333 0.0375
0 0.967083 0.0695833 0.0291667 0.0325
0 0.931667 0.58625 0.035 0.0391667
0 0.935833 0.1125 0.0333333 0.0366667
0 0.0475 0.01375 0.0366667 0.0275
