0 0.61375 0.293333 0.0491667 0.0583333
0 0.47625 0.394167 0.0408333 0.04
0 0.00916667 0.0508333 0.0183333 0.035
0 0.1875 0.235833 0.0483333 0.0466667
0 0.995 0.615417 0.01 0.0291667
0 0.871667 0.720833 0.0366667 0.04
0 0.00875 0.115833 0.0175 0.0366667
0 0.09375 0.919167 0.0325 0.035
0 0.1725 0.475 0.0383333 0.0466667
0 0.215833 0.553333 0.04 0.0466667
0 0.799167 0.88375 0.0416667 0.0491667
0 0.200833 0.108333 0.0416667 0.05
0 0.127083 0.774167 0.0375 0.0416667
0 0.722083 0.2 0.0325 0.0383333
0 0.559167 0.0116667 0.03 0.0233333
0 0.13375 0.23 0.0425 0.045
0 0.654167 0.362917 0.0366667 0.0391667
0 0.38 0.187917 0.0383333 0.0491667
0 0.916667 0.779583 0.0333333 0.0375
0 0.810417 0.96625 0.0291667 0.0325
0 0.402917 0.122083 0.0391667 0.0441667
0 0.424167 0.730417 0.0383333 0.0441667
0 0.144167 0.0108333 0.0383333 0.0216667
0 0.58875 0.232083 0.0291667 0.0308333
0 0.0875 0.409583 0.0416667 0.0475
0 0.5 0.965 0.0366667 0.04
0 0.65875 0.539583 0.0375 0.0441667
0 0.54625 0.244583 0.0375 0.0491667
0 0.264583 0.415833 0.0341667 0.035
0 0.478333 0.164167 0.045 0.0483333
0 0.980833 0.83375 0.0383333 0.0458333
0 0.589167 0.367917 0.0383333 0.0408333
0 0.22875 0.0125 0.0408333 0.025
0 0.220833 0.4 0.0416667 0.0466667
0 0.505417 0.0933333 0.0408333 0.045
0 0.340833 0.250833 0.0366667 0.04
0 0.221667 0.33625 0.04 0.0441667
0 0.0145833 0.825 0.0291667 0.0483333
0 0.91 0.702083 0.0416667 0.0441667
0 0.120833 0.462917 0.0316667 0.0341667
0 0.33875 0.0354167 0.0341667 0.0408333
0 0.434583 0.679583 0.0408333 0.0425
0 0.0225 0.780417 0.0416667 0.0408333
0 0.658333 0.264167 0.03 0.0333333
0 0.657917 0.9525 0.0408333 0.0416667
0 0.47375 0.225833 0.0375 0.0466667
0 0.0870833 0.80625 0.0408333 0.0458333
0 0.545417 0.604167 0.0375 0.0433333
0 0.162083 0.564167 0.0325 0.035
0 0.99125 0.759583 0.0158333 0.0341667
0 0.244167 0.82 0.04 0.0433333
0 0.34125 0.499167 0.0375 0.0416667
0 0.206667 0.685417 0.0333333 0.0358333
0 0.623333 0.796667 0.035 0.0383333
0 0.43375 0.640833 0.0375 0.04
0 0.604583 0.440833 0.0375 0.0433333
0 0.92 0.98 0.0316667 0.0333333
0 0.23 0.264583 0.035 0.0391667
0 0.494167 0.52375 0.0316667 0.0341667
0 0.494167 0.27875 0.0383333 0.0425
0 0.0133333 0.330833 0.0266667 0.0416667
0 0.509583 0.554167 0.0308333 0.035
0 0.72125 0.857083 0.0408333 0.0425
0 0.0120833 0.270417 0.0241667 0.0458333
0 0.0829167 0.3575 0.0391667 0.045
0 0.590833 0.135833 0.03 0.0333333
0 0.216667 0.71625 0.035 0.0375
0 0.325417 0.0770833 0.0358333 0.0425
0 0.290833 0.514167 0.035 0.04
0 0.360417 0.292917 0.0391667 0.0441667
0 0.235417 0.20125 0.0391667 0.0408333
0 0.0508333 0.922917 0.04 0.0408333
0 0.287083 0.159167 0.0358333 0.04
0 0.0770833 0.989167 0.0275 0.0216667
0 0.942083 0.667917 0.0375 0.0441667
0 0.306667 0.363333 0.0366667 0.04
0 0.443333 0.420833 0.0383333 0.0433333
0 0.0541667 0.111667 0.0366667 0.0433333
0 0.522083 0.647917 0.0391667 0.0458333
0 0.0433333 0.219167 0.0383333 0.04
0 0.5925 0.490417 0.035 0.0358333
0 0.24375 0.779583 0.0375 0.0391667
0 0.321667 0.674167 0.035 0.0383333
0 0.152083 0.608333 0.0358333 0.0383333
0 0.305 0.705833 0.035 0.0383333
0 0.745833 0.349583 0.0383333 0.0441667
0 0.290417 0.24125 0.0341667 0.0375
0 0.0354167 0.456667 0.0375 0.0466667
0 0.69375 0.985833 0.0325 0.0266667
0 0.23125 0.507917 0.0358333 0.0408333
0 0.53125 0.492917 0.0341667 0.0375
0 0.12125 0.85625 0.0391667 0.0425
0 0.354583 0.647083 0.0275 0.0291667
0 0.430417 0.0141667 0.0325 0.0266667
0 0.0983333 0.241667 0.0366667 0.0416667
0 0.765833 0.292083 0.035 0.0391667
0 0.437083 0.282083 0.0325 0.0358333
0 0.382083 0.685833 0.0341667 0.035
0 0.580833 0.0875 0.0366667 0.04
0 0.0175 0.920417 0.0333333 0.0358333
0 0.05625 0.19125 0.0341667 0.0358333
0 0.1475 0.332083 0.0333333 0.0358333
0 0.533333 0.33125 0.0383333 0.0408333
0 0.115 0.725833 0.0333333 0.035
0 0.297917 0.630833 0.0375 0.04
0 0.465 0.352083 0.0366667 0.0391667
0 0.150417 0.65625 0.0325 0.0358333
0 0.0416667 0.324583 0.035 0.0408333
0 0.776667 0.784167 0.0333333 0.035
0 0.9875 0.969583 0.0216667 0.0308333
0 0.602917 0.602917 0.0375 0.0408333
0 0.465 0.580417 0.0383333 0.0408333
0 0.345833 0.567917 0.035 0.0391667
0 0.62 0.54625 0.0333333 0.0358333
0 0.490833 0.491667 0.0333333 0.035
0 0.295 0.735833 0.0366667 0.0383333
0 0.07 0.67 0.0366667 0.0383333
0 0.773333 0.850833 0.0383333 0.0416667
0 0.015 0.0166667 0.03 0.0333333
0 0.0666667 0.04375 0.035 0.0375
0 0.865417 0.754583 0.0358333 0.0408333
0 0.49125 0.630417 0.0308333 0.0341667
0 0.0491667 0.414583 0.035 0.0391667
0 0.839583 0.903333 0.0341667 0.0366667
0 0.537083 0.39375 0.0358333 0.0375
0 0.0441667 0.974167 0.0333333 0.035
0 0.07625 0.582917 0.0358333 0.0391667
0 0.0483333 0.152917 0.0333333 0.0358333
0 0.696667 0.27125 0.0333333 0.0358333
0 0.96 0.938333 0.0316667 0.035
0 0.207083 0.189583 0.0341667 0.0375
0 0.944167 0.746667 0.035 0.0383333
0 0.650417 0.184583 0.0325 0.0358333
0 0.404167 0.512083 0.035 0.0375
0 0.904167 0.810833 0.0366667 0.04
