0 0.00791667 0.925833 0.0158333 0.0316667
0 0.687083 0.144583 0.0358333 0.0375
0 0.6075 0.0533333 0.0416667 0.0433333
0 0.436667 0.37625 0.0266667 0.0291667
0 0.005 0.51625 0.01 0.0275
0 0.264167 0.23125 0.0333333 0.0358333
0 0.484583 0.0154167 0.0325 0.0308333
0 0.05 0.191667 0.0383333 0.0433333
0 0.485833 0.09 0.04 0.04
0 0.0991667 0.239583 0.03 0.0308333
0 0.674167 0.7175 0.035 0.0366667
0 0.887917 0.91 0.0308333 0.0316667
0 0.546667 0.542083 0.04 0.0441667
0 0.326667 0.67125 0.0266667 0.0275
0 0.90125 0.00833333 0.0275 0.0166667
0 0.187083 0.176667 0.0325 0.035
0 0.49 0.26 0.04 0.04
0 0.64875 0.230833 0.0325 0.035
0 0.995 0.1675 0.01 0.025
0 0.90125 0.255417 0.0291667 0.0291667
0 0.07625 0.182083 0.0358333 0.0358333
0 0.0404167 0.899583 0.0391667 0.0441667
0 0.622917 0.668333 0.0358333 0.04
0 0.375417 0.471667 0.0241667 0.025
0 0.994583 0.284583 0.0108333 0.0241667
0 0.335833 0.72 0.0333333 0.0333333
0 0.472917 0.22375 0.0358333 0.0375
0 0.624167 0.30625 0.0316667 0.0325
0 0.501667 0.660833 0.0266667 0.03
0 0.0691667 0.436667 0.0383333 0.0433333
0 0.355417 0.336667 0.0325 0.035
0 0.7675 0.0195833 0.035 0.0341667
0 0.3875 0.261667 0.035 0.035
0 0.94625 0.39375 0.0291667 0.0291667
0 0.336667 0.897083 0.0366667 0.0391667
0 0.0404167 0.75 0.0358333 0.0416667
0 0.00875 0.62125 0.0175 0.0341667
0 0.970833 0.220833 0.0233333 0.025
0 0.00916667 0.280833 0.0183333 0.035
0 0.410833 0.0304167 0.0416667 0.0475
0 0.175833 0.866667 0.0283333 0.03
0 0.800833 0.00958333 0.0333333 0.0191667
0 0.395 0.415 0.0316667 0.0333333
0 0.61625 0.401667 0.0341667 0.0383333
0 0.549583 0.174583 0.0341667 0.0358333
0 0.204583 0.682917 0.0358333 0.0391667
0 0.65875 0.0683333 0.0275 0.03
0 0.532917 0.0625 0.0341667 0.035
0 0.139583 0.63125 0.0325 0.0358333
0 0.328333 0.146667 0.035 0.0383333
0 0.359583 0.03625 0.0358333 0.0375
0 0.394167 0.806667 0.0316667 0.035
0 0.787083 0.1175 0.0341667 0.04
0 0.125 0.88625 0.0383333 0.0425
0 0.0404167 0.34625 0.0341667 0.0375
0 0.163333 0.470833 0.0316667 0.0333333
0 0.352917 0.545 0.0358333 0.0366667
0 0.847083 0.931667 0.0375 0.0383333
0 0.962083 0.0395833 0.0275 0.0291667
0 0.16875 0.294167 0.0358333 0.04
0 0.664583 0.58625 0.0275 0.0291667
0 0.555417 0.330833 0.0308333 0.0316667
0 0.9825 0.0791667 0.0266667 0.0283333
0 0.255833 0.13625 0.0283333 0.0308333
0 0.264583 0.651667 0.0325 0.0333333
0 0.666667 0.265417 0.035 0.0358333
0 0.934167 0.2025 0.03 0.03
0 0.926667 0.0391667 0.03 0.03
0 0.48125 0.674167 0.0308333 0.0316667
0 0.282083 0.513333 0.0325 0.0333333
0 0.226667 0.608333 0.0333333 0.0366667
0 0.251667 0.610833 0.03 0.0333333
0 0.0791667 0.6975 0.035 0.0366667
0 0.79 0.419167 0.03 0.0316667
0 0.920833 0.77875 0.0333333 0.0358333
0 0.1825 0.8975 0.0316667 0.0333333
0 0.289583 0.0404167 0.0358333 0.0358333
0 0.153333 0.585 0.035 0.0383333
0 0.76 0.280417 0.0383333 0.0375
0 0.361667 0.0891667 0.035 0.0366667
0 0.451667 0.0675 0.035 0.0366667
0 0.0433333 0.267917 0.035 0.0375
0 0.5425 0.760833 0.035 0.035
0 0.0545833 0.844167 0.0325 0.0333333
0 0.93 0.147083 0.0333333 0.0375
0 0.65625 0.177917 0.0325 0.0341667
0 0.87875 0.963333 0.0308333 0.035
0 0.488333 0.408333 0.0316667 0.0333333
0 0.606667 0.500833 0.035 0.0383333
0 0.60125 0.2275 0.0291667 0.0316667
0 0.270833 0.437083 0.0283333 0.0308333
0 0.380833 0.36875 0.0333333 0.0341667
0 0.8025 0.8 0.0283333 0.0283333
0 0.547083 0.218333 0.0308333 0.03
0 0.226667 0.32375 0.0333333 0.0375
0 0.937917 0.274167 0.0375 0.0383333
0 0.442083 0.412083 0.0258333 0.0275
0 0.5525 0.28 0.025 0.0266667
0 0.413333 0.1725 0.035 0.0383333
0 0.705833 0.0175 0.03 0.0316667
0 0.2775 0.278333 0.0316667 0.035
0 0.945 0.96125 0.0266667 0.0275
0 0.574167 0.108333 0.035 0.0383333
0 0.0920833 0.469167 0.0308333 0.0333333
0 0.242083 0.715 0.0341667 0.0366667
0 0.03625 0.538333 0.0341667 0.0366667
0 0.317083 0.376667 0.0358333 0.0366667
0 0.0795833 0.307083 0.0308333 0.0325
0 0.33125 0.265417 0.0341667 0.0358333
0 0.449167 0.32 0.03 0.03
0 0.903333 0.105417 0.0283333 0.0291667
0 0.7 0.954167 0.0266667 0.03
0 0.942083 0.07375 0.0275 0.0291667
0 0.720417 0.27 0.0308333 0.0316667
0 0.261667 0.466667 0.0283333 0.0283333
0 0.177917 0.7825 0.0341667 0.035
0 0.227083 0.903333 0.0325 0.0333333
0 0.692083 0.43 0.0308333 0.0316667
0 0.420833 0.57375 0.03 0.0325
0 0.314167 0.62875 0.025 0.0275
0 0.217083 0.230417 0.0291667 0.0291667
0 0.717083 0.47625 0.0325 0.0325
0 0.324167 0.31 0.03 0.03
0 0.435833 0.5075 0.035 0.0366667
0 0.910417 0.899167 0.0308333 0.0316667
0 0.851667 0.175 0.03 0.03
0 0.217917 0.560833 0.0258333 0.0283333
0 0.697083 0.511667 0.0308333 0.0316667
0 0.106667 0.666667 0.0333333 0.0366667
0 0.63375 0.145 0.0291667 0.03
0 0.815833 0.898333 0.0316667 0.0316667
0 0.346667 0.765417 0.0316667 0.0325
0 0.77875 0.357083 0.0325 0.0341667
0 0.860833 0.985833 0.03 0.025
0 0.0720833 0.885 0.0358333 0.035
0 0.103333 0.772083 0.0333333 0.0358333
0 0.5175 0.704167 0.0316667 0.0316667
0 0.245 0.9375 0.03 0.0316667
0 0.509583 0.562917 0.0325 0.0341667
0 0.86 0.323333 0.0316667 0.0333333
0 0.19 0.371667 0.0333333 0.035
0 0.122917 0.517083 0.0325 0.0341667
0 0.317083 0.2075 0.0291667 0.0316667
0 0.969583 0.0158333 0.0275 0.0283333
0 0.86875 0.0370833 0.0275 0.0291667
0 0.839583 0.0716667 0.0258333 0.025
0 0.582083 0.700417 0.0341667 0.0341667
0 0.752083 0.189583 0.0241667 0.0258333
0 0.75375 0.1 0.0308333 0.0316667
0 0.71375 0.302917 0.0308333 0.0341667
0 0.107917 0.403333 0.0291667 0.03
0 0.199583 0.843333 0.0308333 0.0333333
0 0.287083 0.187917 0.0358333 0.0375
0 0.6425 0.46625 0.03 0.0325
0 0.823333 0.968333 0.03 0.03
0 0.224583 0.761667 0.0308333 0.0333333
0 0.535417 0.355417 0.0275 0.0291667
0 0.512917 0.465417 0.0325 0.0325
0 0.545417 0.617083 0.0308333 0.0308333
0 0.55 0.442917 0.03 0.0325
0 0.0395833 0.95375 0.0325 0.0325
0 0.215417 0.99 0.0275 0.0183333
0 0.374167 0.197083 0.03 0.0308333
0 0.234167 0.816667 0.0333333 0.0333333
0 0.84125 0.246667 0.0275 0.0283333
0 0.30875 0.932917 0.0308333 0.0308333
0 0.233333 0.408333 0.0316667 0.0333333
0 0.162083 0.422917 0.0291667 0.0308333
0 0.357083 0.122917 0.0325 0.0325
0 0.470833 0.621667 0.0316667 0.0316667
0 0.479583 0.142083 0.0325 0.0341667
0 0.37125 0.680417 0.0291667 0.0308333
0 0.149167 0.540417 0.03 0.0308333
0 0.44 0.830833 0.0316667 0.0333333
0 0.1375 0.970833 0.03 0.03
0 0.959167 0.845 0.0283333 0.0316667
0 0.748333 0.96875 0.03 0.0308333
