0 0.351667 0.7675 0.0316667 0.0333333
0 0.735833 0.181667 0.0216667 0.0233333
0 0.929167 0.549583 0.0333333 0.0408333
0 0.91625 0.025 0.0308333 0.0316667
0 0.558333 0.982083 0.0333333 0.0325
0 0.874583 0.837083 0.0325 0.0358333
0 0.812917 0.29625 0.0408333 0.0475
0 0.0741667 0.815417 0.04 0.0441667
0 0.984167 0.57375 0.0316667 0.0391667
0 0.383333 0.615833 0.0416667 0.045
0 0.749583 0.99375 0.0275 0.0125
0 0.99375 0.518333 0.0125 0.0283333
0 0.774167 0.2225 0.035 0.0366667
0 0.360833 0.0641667 0.0216667 0.0233333
0 0.67 0.834167 0.0283333 0.0333333
0 0.00666667 0.963333 0.0133333 0.0316667
0 0.4475 0.5875 0.025 0.025
0 0.03375 0.857917 0.0408333 0.0408333
0 0.97625 0.852083 0.0325 0.0341667
0 0.370833 0.530417 0.0233333 0.0241667
0 0.976667 0.9775 0.0316667 0.0366667
0 0.702083 0.483333 0.0341667 0.0366667
0 0.92 0.377917 0.0383333 0.0375
0 0.489583 0.52 0.0341667 0.035
0 0.530833 0.855833 0.0266667 0.0283333
0 0.7225 0.92375 0.03 0.0325
0 0.931667 0.448333 0.035 0.0366667
0 0.426667 0.815417 0.0316667 0.0341667
0 0.517083 0.633333 0.0325 0.03
0 0.873333 0.744167 0.0266667 0.0283333
0 0.2625 0.693333 0.03 0.0333333
0 0.716667 0.632917 0.03 0.0308333
0 0.762917 0.375833 0.0375 0.04
0 0.18875 0.613333 0.0341667 0.0333333
0 0.168333 0.691667 0.025 0.025
0 0.124583 0.86375 0.0341667 0.0358333
0 0.849167 0.357917 0.0383333 0.0391667
0 0.0341667 0.0125 0.0316667 0.025
0 0.610833 0.29125 0.0383333 0.0425
0 0.579583 0.757917 0.0391667 0.0425
0 0.508333 0.695 0.0366667 0.0416667
0 0.87125 0.625417 0.0325 0.0341667
0 0.882083 0.0454167 0.0341667 0.0341667
0 0.822917 0.141667 0.0358333 0.04
0 0.58625 0.6775 0.0358333 0.0366667
0 0.167083 0.78125 0.0341667 0.0375
0 0.24875 0.52375 0.0358333 0.0391667
0 0.405 0.9075 0.035 0.0366667
0 0.981667 0.269583 0.0266667 0.0291667
0 0.815417 0.229167 0.0358333 0.0366667
0 0.11625 0.8975 0.0375 0.0366667
0 0.92125 0.6825 0.0275 0.0283333
0 0.575833 0.91625 0.0333333 0.0341667
0 0.555 0.4625 0.0316667 0.0316667
0 0.398333 0.81625 0.0383333 0.0408333
0 0.44 0.43 0.0366667 0.0366667
0 0.668333 0.453333 0.0383333 0.0433333
0 0.765833 0.658333 0.0366667 0.0366667
0 0.435 0.69375 0.0333333 0.0341667
0 0.764583 0.55875 0.0358333 0.0375
0 0.0854167 0.674583 0.0341667 0.0358333
0 0.671667 0.887917 0.0366667 0.0391667
0 0.410417 0.0683333 0.0375 0.0383333
0 0.34375 0.984583 0.0341667 0.0308333
0 0.83375 0.845 0.0391667 0.04
0 0.0654167 0.989583 0.0225 0.0208333
0 0.96625 0.127083 0.0341667 0.0391667
0 0.460833 0.785417 0.0283333 0.0325
0 0.145417 0.983333 0.0275 0.0283333
0 0.627917 0.8025 0.0341667 0.0333333
0 0.897083 0.258333 0.0358333 0.0366667
0 0.0391667 0.751667 0.0333333 0.035
0 0.987083 0.229167 0.0258333 0.0383333
0 0.88 0.581667 0.0333333 0.0333333
0 0.0179167 0.720417 0.0341667 0.0375
0 0.245833 0.961667 0.03 0.035
0 0.917083 0.5075 0.0275 0.03
0 0.335833 0.02375 0.0366667 0.0391667
0 0.53 0.519167 0.0333333 0.035
0 0.717917 0.515833 0.0341667 0.035
0 0.4375 0.64 0.0366667 0.0366667
0 0.892917 0.954167 0.0291667 0.0316667
0 0.0379167 0.137917 0.0325 0.0325
0 0.699167 0.334583 0.0333333 0.0341667
0 0.77625 0.926667 0.0308333 0.0316667
0 0.975 0.329583 0.0283333 0.0291667
0 0.234583 0.65375 0.0225 0.0225
0 0.795 0.480417 0.0266667 0.0275
0 0.262917 0.152917 0.0291667 0.0308333
0 0.56875 0.349167 0.0391667 0.0416667
0 0.245417 0.777917 0.0225 0.0225
0 0.5525 0.409583 0.0333333 0.0358333
0 0.990417 0.802917 0.0175 0.0375
0 0.745 0.68625 0.0333333 0.0358333
0 0.529167 0.907917 0.0333333 0.0325
0 0.832917 0.525 0.0241667 0.0266667
0 0.579583 0.556667 0.0341667 0.0366667
0 0.1675 0.935 0.0366667 0.04
0 0.92625 0.0866667 0.0291667 0.0316667
0 0.335 0.950417 0.0366667 0.0391667
0 0.27375 0.613333 0.0375 0.04
0 0.747083 0.157917 0.0225 0.0241667
0 0.856667 0.951667 0.0333333 0.0366667
0 0.50125 0.8175 0.0325 0.035
0 0.384167 0.986667 0.0333333 0.0266667
0 0.312917 0.0945833 0.0291667 0.0308333
0 0.395 0.405833 0.035 0.0366667
0 0.148333 0.212917 0.0283333 0.0291667
0 0.898333 0.71375 0.0333333 0.0341667
0 0.93125 0.905417 0.0308333 0.0325
0 0.39125 0.711667 0.0291667 0.0316667
0 0.871667 0.677083 0.0316667 0.0325
0 0.1975 0.811667 0.0333333 0.0366667
0 0.44375 0.767083 0.0341667 0.0358333
0 0.440417 0.543333 0.0325 0.035
0 0.0266667 0.055 0.0283333 0.0316667
0 0.755833 0.108333 0.025 0.0266667
0 0.4725 0.869167 0.0266667 0.0283333
0 0.825417 0.0716667 0.0341667 0.0333333
0 0.597083 0.445 0.0358333 0.0366667
0 0.791667 0.190417 0.0316667 0.0341667
0 0.774167 0.422917 0.03 0.0308333
0 0.767083 0.343333 0.0291667 0.03
0 0.132917 0.145833 0.0258333 0.025
0 0.355 0.89 0.03 0.0333333
0 0.775417 0.722083 0.0325 0.0341667
0 0.810833 0.791667 0.0266667 0.0283333
0 0.850417 0.453333 0.0225 0.0233333
0 0.0291667 0.256667 0.0316667 0.0316667
0 0.241667 0.0991667 0.0283333 0.03
0 0.0854167 0.207083 0.0258333 0.0258333
0 0.0266667 0.191667 0.03 0.03
0 0.18375 0.1875 0.0275 0.03
0 0.98625 0.764167 0.0275 0.035
0 0.665417 0.942917 0.0325 0.0341667
0 0.460417 0.9325 0.0325 0.0333333
0 0.274583 0.855 0.0341667 0.0366667
0 0.0841667 0.0433333 0.0266667 0.0283333
0 0.8 0.685833 0.03 0.03
0 0.64875 0.370833 0.0308333 0.0333333
0 0.459167 0.372917 0.0283333 0.0308333
0 0.951667 0.791667 0.0283333 0.03
0 0.907083 0.155 0.0291667 0.03
0 0.9575 0.21 0.03 0.035
0 0.730417 0.7325 0.0291667 0.03
0 0.665 0.6875 0.0316667 0.0333333
0 0.189583 0.87 0.0325 0.0333333
0 0.725417 0.24 0.0308333 0.0316667
0 0.495 0.42 0.0283333 0.0283333
0 0.147917 0.712917 0.0341667 0.0375
0 0.755833 0.945 0.0316667 0.0333333
0 0.11875 0.745833 0.0358333 0.0366667
0 0.85375 0.889167 0.0291667 0.03
0 0.905833 0.793333 0.0266667 0.0266667
0 0.0858333 0.172917 0.0283333 0.0291667
0 0.972083 0.520833 0.0258333 0.03
0 0.872917 0.185 0.0308333 0.0333333
0 0.769167 0.62 0.0316667 0.0333333
0 0.0275 0.98125 0.0283333 0.0291667
0 0.682917 0.214583 0.0325 0.0341667
0 0.356667 0.574167 0.0316667 0.0316667
0 0.987083 0.729167 0.0258333 0.0383333
0 0.72625 0.862917 0.0308333 0.0325
0 0.33125 0.667083 0.0291667 0.0291667
0 0.784167 0.857917 0.0316667 0.0325
0 0.330417 0.730833 0.0325 0.0333333
0 0.22 0.155833 0.0283333 0.0283333
