0 0.463333 0.130417 0.03 0.0308333
0 0.5125 0.209583 0.0383333 0.0391667
0 0.719167 0.240417 0.0366667 0.0391667
0 0.68625 0.00416667 0.0258333 0.00833333
0 0.178333 0.452083 0.035 0.0358333
0 0.7025 0.0866667 0.0333333 0.0333333
0 0.670833 0.107917 0.03 0.0341667
0 0.0383333 0.0995833 0.04 0.0458333
0 0.08875 0.4825 0.0225 0.0216667
0 0.427083 0.107083 0.0391667 0.0458333
0 0.629583 0.384167 0.0425 0.045
0 0.324167 0.0116667 0.0366667 0.0216667
0 0.005 0.227083 0.01 0.0291667
0 0.787083 0.0133333 0.0308333 0.0266667
0 0.33875 0.51625 0.0308333 0.0308333
0 0.14 0.858333 0.0333333 0.035
0 0.553333 0.0879167 0.0283333 0.0308333
0 0.344167 0.0916667 0.04 0.04
0 0.0166667 0.00875 0.0283333 0.0175
0 0.357917 0.155 0.0308333 0.03
0 0.278333 0.618333 0.0383333 0.0416667
0 0.0120833 0.8875 0.0241667 0.0383333
0 0.824583 0.9625 0.0308333 0.0316667
0 0.16 0.225417 0.035 0.0391667
0 0.814583 0.385 0.0375 0.0416667
0 0.01625 0.52875 0.0325 0.0391667
0 0.517083 0.467917 0.0358333 0.0391667
0 0.15375 0.637917 0.0258333 0.0275
0 0.06375 0.517917 0.0275 0.0291667
0 0.170833 0.5175 0.0333333 0.0366667
0 0.602083 0.05 0.0308333 0.035
0 0.887083 0.9875 0.0341667 0.0233333
0 0.414583 0.0616667 0.0358333 0.04
0 0.567917 0.517083 0.0325 0.0325
0 0.00833333 0.805417 0.0166667 0.0341667
0 0.973333 0.960833 0.035 0.04
0 0.463333 0.49625 0.035 0.0341667
0 0.993333 0.735833 0.0133333 0.03
0 0.78 0.671667 0.0366667 0.0383333
0 0.20625 0.26875 0.0375 0.0391667
0 0.07375 0.3925 0.0275 0.0283333
0 0.24625 0.2325 0.0308333 0.0333333
0 0.95375 0.119167 0.0358333 0.0366667
0 0.13875 0.29 0.0325 0.035
0 0.5975 0.4325 0.03 0.03
0 0.03875 0.0383333 0.0341667 0.035
0 0.507083 0.560833 0.0325 0.035
0 0.362917 0.431667 0.0341667 0.0383333
0 0.3 0.285 0.0233333 0.025
0 0.690417 0.941667 0.0358333 0.0366667
0 0.92625 0.829167 0.0258333 0.0283333
0 0.27 0.482917 0.02 0.0208333
0 0.985833 0.0329167 0.0283333 0.0391667
0 0.460417 0.322083 0.0275 0.0291667
0 0.0154167 0.611667 0.0291667 0.0316667
0 0.902083 0.23375 0.0291667 0.0325
0 0.566667 0.314167 0.035 0.0366667
0 0.49125 0.337083 0.0191667 0.0175
0 0.242917 0.323333 0.0308333 0.0316667
0 0.0804167 0.329167 0.0308333 0.0333333
0 0.209167 0.0558333 0.0366667 0.0416667
0 0.132083 0.0154167 0.0308333 0.0308333
0 0.57625 0.86125 0.0341667 0.0358333
0 0.852917 0.3325 0.0358333 0.0366667
0 0.435833 0.672083 0.0366667 0.0391667
0 0.147917 0.347917 0.0341667 0.0358333
0 0.93125 0.655417 0.0358333 0.0391667
0 0.38875 0.470833 0.0325 0.0316667
0 0.750833 0.00958333 0.0366667 0.0191667
0 0.1225 0.898333 0.035 0.035
0 0.195833 0.382917 0.03 0.0308333
0 0.45375 0.2075 0.0341667 0.035
0 0.97 0.18625 0.035 0.0408333
0 0.265 0.0625 0.0316667 0.0316667
0 0.873333 0.815833 0.0383333 0.04
0 0.894583 0.937083 0.0358333 0.0391667
0 0.69375 0.359167 0.0308333 0.035
0 0.484583 0.1525 0.0341667 0.035
0 0.48125 0.243333 0.0308333 0.0316667
0 0.685417 0.157917 0.0275 0.0291667
0 0.503333 0.385417 0.03 0.0308333
0 0.31125 0.25375 0.0341667 0.0375
0 0.8125 0.75125 0.0366667 0.0391667
0 0.750833 0.852083 0.035 0.0358333
0 0.645833 0.2625 0.0333333 0.035
0 0.304583 0.417083 0.0258333 0.0275
0 0.324167 0.335 0.0316667 0.0333333
0 0.63 0.8725 0.0383333 0.0383333
0 0.239167 0.517917 0.0366667 0.0391667
0 0.00916667 0.15375 0.0183333 0.0275
0 0.3025 0.0991667 0.0333333 0.0333333
0 0.598333 0.276667 0.03 0.03
0 0.749583 0.131667 0.0341667 0.0366667
0 0.885 0.0433333 0.0333333 0.0383333
0 0.08375 0.286667 0.0325 0.0333333
0 0.383333 0.6125 0.03 0.0316667
0 0.847083 0.055 0.0358333 0.04
0 0.755417 0.915417 0.0325 0.0325
0 0.509167 0.518333 0.0333333 0.0366667
0 0.214583 0.419583 0.0325 0.0341667
0 0.0345833 0.41875 0.0291667 0.0291667
0 0.525 0.255 0.0333333 0.0333333
0 0.937917 0.0254167 0.0275 0.0308333
0 0.0308333 0.2275 0.0316667 0.0333333
0 0.206667 0.81375 0.0333333 0.0358333
0 0.824583 0.7975 0.0325 0.035
0 0.20375 0.75875 0.0291667 0.0308333
0 0.183333 0.630417 0.0316667 0.0341667
0 0.130417 0.570833 0.0275 0.0283333
0 0.388333 0.189167 0.03 0.03
0 0.719167 0.332917 0.03 0.0291667
0 0.66 0.9875 0.0266667 0.025
0 0.8375 0.99125 0.0316667 0.0175
0 0.929583 0.79625 0.0358333 0.0358333
0 0.295 0.77625 0.0333333 0.0341667
0 0.580833 0.346667 0.0316667 0.0333333
0 0.425833 0.296667 0.0283333 0.03
0 0.572917 0.965 0.0325 0.0333333
0 0.254167 0.174167 0.03 0.0316667
0 0.125417 0.255 0.0325 0.0316667
0 0.42 0.98625 0.0266667 0.0241667
0 0.147083 0.0920833 0.0358333 0.0375
0 0.562917 0.0425 0.0291667 0.0316667
0 0.795417 0.929167 0.0325 0.0333333
0 0.217917 0.569167 0.0325 0.035
0 0.58 0.4675 0.0283333 0.0283333
0 0.857083 0.92 0.0375 0.04
0 0.912083 0.183333 0.0341667 0.035
0 0.0429167 0.733333 0.0291667 0.03
0 0.252917 0.56 0.0341667 0.0366667
0 0.882083 0.17375 0.0308333 0.0325
0 0.550833 0.432083 0.0283333 0.0308333
0 0.4775 0.417917 0.0266667 0.0258333
0 0.871667 0.722083 0.03 0.0308333
0 0.1175 0.649167 0.04 0.04
0 0.800417 0.240833 0.0258333 0.0266667
0 0.39 0.589583 0.0283333 0.0308333
0 0.0320833 0.6725 0.0325 0.035
0 0.263333 0.404167 0.0316667 0.0333333
0 0.988333 0.600833 0.0233333 0.0333333
0 0.961667 0.6975 0.0316667 0.0333333
0 0.88 0.6275 0.03 0.0316667
0 0.08375 0.463333 0.0291667 0.0316667
0 0.705417 0.912917 0.0308333 0.0308333
0 0.717083 0.27375 0.0291667 0.0308333
0 0.785 0.13375 0.0383333 0.0375
0 0.176667 0.737917 0.0333333 0.0341667
0 0.760833 0.99 0.0316667 0.02
0 0.57625 0.389583 0.0291667 0.0308333
0 0.3125 0.45875 0.0316667 0.0341667
0 0.475833 0.297917 0.0266667 0.0275
0 0.27875 0.68875 0.0258333 0.0291667
0 0.608333 0.154583 0.0266667 0.0275
0 0.0954167 0.222083 0.0308333 0.0325
0 0.865417 0.760417 0.0341667 0.0358333
0 0.945833 0.739167 0.0316667 0.0333333
0 0.87125 0.0129167 0.0291667 0.0258333
0 0.0941667 0.149167 0.0266667 0.0283333
0 0.460833 0.37125 0.03 0.0291667
0 0.285833 0.522083 0.0333333 0.0358333
0 0.271667 0.85375 0.0333333 0.0341667
0 0.641667 0.33875 0.0283333 0.0291667
0 0.9025 0.09875 0.0266667 0.0291667
0 0.524583 0.0579167 0.0308333 0.0341667
0 0.27375 0.370833 0.0325 0.0333333
0 0.746667 0.3025 0.0316667 0.035
0 0.780833 0.807083 0.0316667 0.0308333
0 0.0829167 0.655 0.0325 0.0366667
0 0.749583 0.0520833 0.0258333 0.0275
0 0.06375 0.585833 0.0325 0.0333333
0 0.05 0.181667 0.0283333 0.03
0 0.365 0.365417 0.0333333 0.0375
0 0.175833 0.550833 0.0316667 0.0333333
0 0.813333 0.15125 0.0316667 0.0341667
0 0.7425 0.16375 0.035 0.0358333
0 0.38875 0.25375 0.0291667 0.0325
0 0.970833 0.869167 0.0316667 0.035
0 0.945 0.0754167 0.0316667 0.0341667
0 0.128333 0.715417 0.0333333 0.0358333
0 0.664583 0.4225 0.0341667 0.0366667
0 0.348333 0.620833 0.03 0.0316667
0 0.807917 0.0833333 0.0341667 0.0366667
0 0.86375 0.240833 0.0325 0.035
0 0.622083 0.91875 0.0325 0.0308333
0 0.665833 0.89375 0.03 0.0308333
