0 0.131667 0.414583 0.0333333 0.0391667
0 0.140833 0.0416667 0.03 0.03
0 0.0525 0.559583 0.04 0.0458333
0 0.549583 0.993333 0.0325 0.0133333
0 0.77 0.0308333 0.0266667 0.0283333
0 0.684167 0.515 0.03 0.03
0 0.0816667 0.0779167 0.0333333 0.0341667
0 0.91 0.426667 0.0283333 0.03
0 0.92 0.10875 0.03 0.0375
0 0.00791667 0.600833 0.0158333 0.0333333
0 0.809167 0.524583 0.0333333 0.0325
0 0.298333 0.70625 0.0366667 0.0375
0 0.65 0.28 0.0416667 0.0483333
0 0.96125 0.171667 0.0341667 0.0366667
0 0.510833 0.44 0.0283333 0.03
0 0.800417 0.97875 0.0225 0.0241667
0 0.498333 0.6475 0.0333333 0.0416667
0 0.0291667 0.0216667 0.0316667 0.0333333
0 0.00666667 0.672083 0.0133333 0.0308333
0 0.6075 0.0120833 0.03 0.0241667
0 0.923333 0.897917 0.0366667 0.0408333
0 0.3225 0.184167 0.0366667 0.04
0 0.994583 0.232083 0.0108333 0.0291667
0 0.746667 0.0629167 0.0383333 0.0458333
0 0.43875 0.212083 0.0358333 0.0391667
0 0.955833 0.0704167 0.035 0.0375
0 0.462083 0.81375 0.0358333 0.0375
0 0.387917 0.960417 0.0308333 0.0325
0 0.814583 0.889167 0.0308333 0.0333333
0 0.0554167 0.594167 0.0308333 0.035
0 0.60875 0.196667 0.0341667 0.04
0 0.0133333 0.86875 0.0266667 0.0375
0 0.25 0.528333 0.0316667 0.0316667
0 0.330833 0.6775 0.0316667 0.035
0 0.13375 0.534583 0.0408333 0.0408333
0 0.544583 0.385 0.0408333 0.045
0 0.626667 0.534583 0.0383333 0.0475
0 0.92875 0.345 0.0325 0.0366667
0 0.865 0.0204167 0.035 0.0375
0 0.685833 0.729167 0.0416667 0.045
0 0.23125 0.930417 0.0275 0.0291667
0 0.542083 0.689167 0.0308333 0.035
0 0.769583 0.465833 0.0258333 0.0283333
0 0.198333 0.970417 0.0283333 0.0291667
0 0.74 0.7125 0.04 0.045
0 0.769583 0.83 0.0375 0.0416667
0 0.325 0.626667 0.0366667 0.0416667
0 0.631667 0.227917 0.035 0.0358333
0 0.234167 0.385833 0.0383333 0.0383333
0 0.0904167 0.953333 0.0325 0.0333333
0 0.263333 0.91125 0.03 0.0341667
0 0.429167 0.319583 0.035 0.0391667
0 0.919167 0.70875 0.035 0.0391667
0 0.46 0.375833 0.04 0.045
0 0.735833 0.392083 0.0333333 0.0358333
0 0.405417 0.616667 0.0375 0.0416667
0 0.852083 0.334167 0.0391667 0.0433333
0 0.336667 0.787083 0.0333333 0.0375
0 0.57625 0.339167 0.0291667 0.0316667
0 0.0820833 0.826667 0.0358333 0.0366667
0 0.724167 0.485 0.0383333 0.045
0 0.555833 0.43375 0.035 0.0391667
0 0.687917 0.0183333 0.0341667 0.0366667
0 0.74125 0.350417 0.0375 0.0391667
0 0.8525 0.662083 0.0366667 0.0391667
0 0.369583 0.32875 0.0341667 0.0375
0 0.821667 0.74375 0.0366667 0.0408333
0 0.949583 0.462917 0.0375 0.0425
0 0.209167 0.709167 0.035 0.0366667
0 0.57125 0.832083 0.0391667 0.0408333
0 0.277917 0.632917 0.0341667 0.0375
0 0.287083 0.976667 0.0375 0.0366667
0 0.365417 0.605833 0.0375 0.0416667
0 0.875833 0.0895833 0.035 0.0391667
0 0.54 0.1175 0.035 0.0366667
0 0.08875 0.883333 0.0375 0.0416667
0 0.492917 0.922917 0.0341667 0.0375
0 0.790833 0.594167 0.0366667 0.04
0 0.610833 0.784583 0.035 0.0408333
0 0.785833 0.0958333 0.0366667 0.0383333
0 0.587083 0.420833 0.0308333 0.0316667
0 0.644167 0.110417 0.0383333 0.0408333
0 0.6175 0.93375 0.0333333 0.0358333
0 0.175 0.8775 0.0366667 0.0366667
0 0.200417 0.637917 0.0358333 0.0391667
0 0.25875 0.440833 0.0358333 0.0366667
0 0.985833 0.4975 0.0283333 0.035
0 0.269167 0.56625 0.035 0.0375
0 0.20125 0.922083 0.0358333 0.0375
0 0.974167 0.303333 0.03 0.0333333
0 0.0816667 0.744583 0.03 0.0325
0 0.33125 0.877083 0.0341667 0.0358333
0 0.598333 0.870417 0.03 0.0325
0 0.440833 0.711667 0.0316667 0.0333333
0 0.00958333 0.737083 0.0191667 0.0325
0 0.472917 0.870417 0.0325 0.0325
0 0.129583 0.805417 0.0325 0.0358333
0 0.354583 0.524167 0.0358333 0.0383333
0 0.08 0.0429167 0.0283333 0.0291667
0 0.3825 0.41375 0.0366667 0.0375
0 0.943333 0.548333 0.0366667 0.0433333
0 0.604167 0.06375 0.03 0.0325
0 0.779583 0.752917 0.0325 0.0358333
0 0.6175 0.699583 0.035 0.0358333
0 0.382083 0.909167 0.0308333 0.0333333
0 0.97375 0.603333 0.0341667 0.0366667
0 0.495 0.3175 0.0366667 0.04
0 0.727917 0.809167 0.0375 0.0383333
0 0.818333 0.1675 0.035 0.0366667
0 0.234583 0.7825 0.0325 0.035
0 0.015 0.133333 0.03 0.0333333
0 0.55 0.57625 0.035 0.0391667
0 0.34 0.365417 0.035 0.0358333
0 0.866667 0.705833 0.0333333 0.035
0 0.8025 0.2175 0.0366667 0.0416667
0 0.57375 0.652917 0.0291667 0.0325
0 0.798333 0.659583 0.0266667 0.0291667
0 0.815833 0.290833 0.035 0.0366667
0 0.154583 0.90875 0.0325 0.0341667
0 0.643333 0.3775 0.035 0.0383333
0 0.736667 0.16 0.0316667 0.0333333
0 0.13875 0.606667 0.0358333 0.0366667
0 0.464583 0.266667 0.0308333 0.035
0 0.970833 0.699583 0.0333333 0.0375
0 0.0466667 0.660417 0.0316667 0.0358333
0 0.01375 0.93125 0.0275 0.0358333
0 0.866667 0.386667 0.0316667 0.0316667
0 0.56375 0.76875 0.0341667 0.0358333
0 0.4375 0.9325 0.0333333 0.0333333
0 0.652917 0.6475 0.0308333 0.0333333
0 0.75125 0.117917 0.0308333 0.0341667
0 0.94625 0.12 0.0341667 0.035
0 0.394583 0.47125 0.0258333 0.0275
0 0.894167 0.307083 0.0316667 0.0325
0 0.977917 0.20125 0.0325 0.0341667
0 0.134167 0.705417 0.0333333 0.0358333
0 0.549167 0.29875 0.0283333 0.0291667
0 0.0883333 0.514167 0.035 0.0366667
0 0.5575 0.958333 0.0316667 0.0333333
0 0.35625 0.744583 0.0341667 0.0375
0 0.679583 0.428333 0.0308333 0.0316667
0 0.78125 0.31125 0.0325 0.0358333
0 0.911667 0.66625 0.0333333 0.0358333
0 0.430833 0.855833 0.03 0.0316667
0 0.685833 0.13125 0.0316667 0.0325
0 0.694583 0.382917 0.0341667 0.0341667
0 0.502083 0.191667 0.0358333 0.0383333
0 0.689167 0.317917 0.03 0.0325
0 0.382083 0.67 0.0341667 0.035
0 0.488333 0.7125 0.035 0.035
0 0.862083 0.555417 0.0325 0.0358333
0 0.627917 0.455 0.0341667 0.0366667
0 0.298333 0.524167 0.0316667 0.035
0 0.670833 0.180417 0.035 0.0358333
0 0.727083 0.917083 0.0325 0.0341667
0 0.249167 0.667083 0.0333333 0.0341667
0 0.406667 0.832917 0.0283333 0.0291667
0 0.817917 0.483333 0.0341667 0.035
0 0.920417 0.06375 0.0358333 0.0391667
0 0.322083 0.495417 0.0308333 0.0325
0 0.650833 0.923333 0.0333333 0.0366667
0 0.136667 0.948333 0.0266667 0.0283333
0 0.5325 0.880417 0.035 0.0375
0 0.76375 0.525833 0.0308333 0.0316667
0 0.812917 0.0704167 0.0325 0.0341667
0 0.609583 0.654583 0.0341667 0.0358333
0 0.502917 0.552917 0.0358333 0.0391667
0 0.25125 0.737083 0.0325 0.0341667
0 0.656667 0.785 0.0316667 0.035
0 0.452917 0.515 0.0375 0.0383333
0 0.390417 0.242083 0.0358333 0.0391667
0 0.8825 0.137083 0.03 0.0308333
0 0.986667 0.38625 0.0266667 0.0375
0 0.947917 0.392083 0.0308333 0.0308333
0 0.470417 0.737083 0.0358333 0.0375
0 0.592917 0.575833 0.0325 0.035
0 0.4575 0.5875 0.035 0.0383333
0 0.68125 0.604167 0.0325 0.035
0 0.0470833 0.934583 0.0358333 0.0375
0 0.0304167 0.77125 0.0291667 0.0308333
0 0.218333 0.849583 0.0316667 0.0325
0 0.811667 0.437083 0.0333333 0.0358333
0 0.732917 0.5675 0.0325 0.0366667
0 0.4125 0.512083 0.0333333 0.0341667
0 0.56 0.466667 0.035 0.035
0 0.82125 0.0141667 0.0325 0.0283333
0 0.534167 0.727917 0.0333333 0.0358333
0 0.717917 0.640833 0.0358333 0.0383333
0 0.623333 0.166667 0.0333333 0.0366667
0 0.49125 0.812083 0.0308333 0.0341667
0 0.891667 0.1825 0.0333333 0.0366667
0 0.03625 0.695417 0.0325 0.0325
0 0.849583 0.41875 0.0325 0.0341667
0 0.810417 0.69125 0.0358333 0.0375
0 0.944583 0.218333 0.0325 0.035
0 0.809167 0.327917 0.0316667 0.0358333
