0 0.247083 0.755417 0.0391667 0.0458333
0 0.249167 0.829167 0.04 0.0433333
0 0.700417 0.58375 0.0441667 0.0458333
0 0.426667 0.0533333 0.03 0.0316667
0 0.90625 0.615417 0.0341667 0.0375
0 0.550833 0.769167 0.0316667 0.0333333
0 0.572083 0.0120833 0.0358333 0.0225
0 0.00541667 0.685417 0.0108333 0.0275
0 0.440833 0.627083 0.0366667 0.0375
0 0.4675 0.755 0.0333333 0.0366667
0 0.661667 0.724167 0.0316667 0.035
0 0.415417 0.00625 0.0291667 0.0125
0 0.345 0.990417 0.0266667 0.0191667
0 0.205 0.411667 0.0433333 0.0483333
0 0.700417 0.197917 0.0408333 0.0408333
0 0.353333 0.789583 0.03 0.0308333
0 0.005 0.385833 0.01 0.03
0 0.839583 0.532917 0.0425 0.0491667
0 0.842917 0.734583 0.0441667 0.0475
0 0.285833 0.419167 0.0316667 0.0333333
0 0.960833 0.93375 0.0366667 0.0408333
0 0.234583 0.34875 0.0441667 0.0441667
0 0.0516667 0.620833 0.0333333 0.0333333
0 0.800833 0.615833 0.0416667 0.045
0 0.20375 0.86 0.0375 0.04
0 0.89625 0.6575 0.0408333 0.045
0 0.351667 0.00833333 0.0316667 0.0166667
0 0.687083 0.99375 0.0258333 0.0125
0 0.573333 0.59 0.0366667 0.0416667
0 0.599583 0.919583 0.0358333 0.0375
0 0.774583 0.805833 0.0425 0.045
0 0.191667 0.958333 0.0333333 0.0316667
0 0.742917 0.686667 0.0391667 0.0433333
0 0.132083 0.44 0.0375 0.04
0 0.51625 0.943333 0.0275 0.0283333
0 0.0329167 0.68 0.0308333 0.0333333
0 0.934583 0.282917 0.0341667 0.0358333
0 0.90125 0.04625 0.0341667 0.0375
0 0.581667 0.191667 0.0383333 0.04
0 0.33125 0.910833 0.0325 0.035
0 0.845833 0.919583 0.0316667 0.0325
0 0.119583 0.606667 0.0325 0.0333333
0 0.168333 0.50125 0.0366667 0.0391667
0 0.85125 0.467917 0.0375 0.0375
0 0.620833 0.541667 0.0333333 0.0366667
0 0.155417 0.0175 0.0358333 0.035
0 0.731667 0.580833 0.0333333 0.035
0 0.0216667 0.189167 0.04 0.0416667
0 0.392083 0.99125 0.0258333 0.0175
0 0.481667 0.085 0.0366667 0.04
0 0.502917 0.282917 0.0391667 0.0425
0 0.244167 0.242917 0.035 0.0375
0 0.0229167 0.116667 0.0375 0.0433333
0 0.987917 0.9275 0.0241667 0.0333333
0 0.84625 0.596667 0.0391667 0.0466667
0 0.943333 0.665833 0.0383333 0.0416667
0 0.00833333 0.232917 0.0166667 0.0325
0 0.289167 0.455 0.0366667 0.0433333
0 0.6025 0.624583 0.035 0.0391667
0 0.597917 0.73 0.0325 0.035
0 0.887917 0.4875 0.0358333 0.0383333
0 0.659167 0.80125 0.0316667 0.0341667
0 0.0141667 0.0320833 0.0283333 0.0425
0 0.640417 0.264167 0.0325 0.035
0 0.579583 0.0416667 0.0341667 0.0366667
0 0.328333 0.692917 0.035 0.0358333
0 0.878333 0.707083 0.04 0.0441667
0 0.98625 0.395833 0.0275 0.035
0 0.0820833 0.49125 0.0358333 0.0408333
0 0.975417 0.84875 0.0325 0.0341667
0 0.41 0.685417 0.0366667 0.0358333
0 0.06375 0.0208333 0.0275 0.0283333
0 0.641667 0.90375 0.035 0.0408333
0 0.0704167 0.0883333 0.0358333 0.0416667
0 0.122917 0.320417 0.0358333 0.0391667
0 0.245417 0.515417 0.0325 0.0341667
0 0.75625 0.5475 0.0375 0.04
0 0.677917 0.84125 0.0308333 0.0308333
0 0.5525 0.918333 0.0333333 0.0366667
0 0.721667 0.1425 0.03 0.03
0 0.630833 0.179583 0.0333333 0.0341667
0 0.989583 0.499583 0.0191667 0.0391667
0 0.2475 0.60625 0.0366667 0.0375
0 0.66625 0.47375 0.0308333 0.0325
0 0.520417 0.03375 0.0358333 0.0391667
0 0.52375 0.633333 0.0375 0.04
0 0.139167 0.3675 0.0366667 0.04
0 0.0566667 0.541667 0.035 0.035
0 0.499167 0.862917 0.0333333 0.0341667
0 0.947917 0.415417 0.0341667 0.0358333
0 0.4475 0.34625 0.0366667 0.0391667
0 0.205833 0.265833 0.0316667 0.0333333
0 0.155 0.14625 0.035 0.0358333
0 0.321667 0.857083 0.0316667 0.0325
0 0.769583 0.865417 0.0341667 0.0358333
0 0.211667 0.9175 0.0266667 0.0283333
0 0.82125 0.666667 0.0358333 0.0383333
0 0.87875 0.770833 0.0291667 0.03
0 0.235417 0.140833 0.0341667 0.0366667
0 0.931667 0.71125 0.0366667 0.0408333
0 0.9875 0.351667 0.025 0.0316667
0 0.869583 0.809583 0.0291667 0.0308333
0 0.45 0.213333 0.0266667 0.0283333
0 0.128333 0.672083 0.0366667 0.0391667
0 0.392917 0.353333 0.0358333 0.0383333
0 0.633333 0.0608333 0.0333333 0.0333333
0 0.909167 0.444583 0.035 0.0375
0 0.79 0.0170833 0.0333333 0.0341667
0 0.48125 0.962083 0.0291667 0.0308333
0 0.375 0.274167 0.0333333 0.0366667
0 0.813333 0.564167 0.0366667 0.04
0 0.732917 0.475 0.0341667 0.0366667
0 0.8475 0.879167 0.0366667 0.04
0 0.826667 0.414583 0.0316667 0.0341667
0 0.654583 0.960833 0.0308333 0.0333333
0 0.104167 0.0125 0.0283333 0.025
0 0.32875 0.06 0.0325 0.035
0 0.337083 0.756667 0.0291667 0.03
0 0.271667 0.0975 0.0283333 0.03
0 0.424167 0.921667 0.0266667 0.0266667
0 0.898333 0.87625 0.0333333 0.0341667
0 0.635833 0.11875 0.0266667 0.0291667
0 0.26875 0.924583 0.0308333 0.0325
0 0.29125 0.159583 0.0258333 0.0258333
0 0.79125 0.479167 0.0308333 0.0316667
0 0.105833 0.124583 0.0316667 0.0325
0 0.384167 0.8625 0.0316667 0.035
0 0.8125 0.86875 0.0366667 0.0408333
0 0.709167 0.796667 0.035 0.0383333
0 0.173333 0.19625 0.0316667 0.0341667
0 0.3575 0.135 0.0333333 0.035
0 0.0816667 0.225833 0.0366667 0.04
0 0.432083 0.8175 0.0325 0.0333333
0 0.62875 0.775 0.0308333 0.0333333
0 0.469167 0.185833 0.0316667 0.0333333
0 0.845417 0.0345833 0.0325 0.0341667
0 0.70625 0.90625 0.0325 0.0341667
0 0.38125 0.919167 0.0291667 0.03
0 0.216667 0.0620833 0.0283333 0.0291667
0 0.319583 0.818333 0.0341667 0.035
0 0.0795833 0.985 0.0258333 0.0283333
0 0.554583 0.859583 0.0325 0.0341667
0 0.414583 0.03125 0.0275 0.0308333
0 0.120417 0.98125 0.0291667 0.0308333
0 0.31375 0.345417 0.0341667 0.0358333
0 0.619583 0.674167 0.0358333 0.0366667
0 0.0925 0.319583 0.035 0.0375
0 0.780833 0.740833 0.035 0.0383333
0 0.502917 0.795417 0.0341667 0.0358333
0 0.869583 0.629583 0.0358333 0.0391667
0 0.293333 0.285417 0.0316667 0.0341667
0 0.987083 0.545 0.0258333 0.0383333
0 0.694583 0.0566667 0.0291667 0.03
0 0.694583 0.704167 0.0308333 0.0316667
0 0.31375 0.98625 0.0308333 0.0258333
0 0.0616667 0.167083 0.0316667 0.0325
0 0.414167 0.765 0.03 0.03
0 0.184167 0.367083 0.0333333 0.0341667
0 0.580833 0.110833 0.0333333 0.035
0 0.980833 0.463333 0.03 0.0333333
0 0.627917 0.855833 0.0325 0.0333333
0 0.454583 0.845833 0.0291667 0.03
0 0.549583 0.1175 0.0291667 0.03
0 0.23 0.035 0.03 0.0316667
0 0.769583 0.0775 0.0325 0.0333333
0 0.92625 0.7625 0.0341667 0.035
0 0.88625 0.541667 0.0341667 0.0366667
0 0.137083 0.08375 0.0325 0.0341667
0 0.201667 0.115833 0.03 0.0333333
0 0.504167 0.150417 0.0316667 0.0325
0 0.585833 0.984583 0.0316667 0.0291667
0 0.51375 0.239583 0.0325 0.0341667
0 0.0266667 0.402917 0.0316667 0.0341667
0 0.364583 0.683333 0.0325 0.0333333
0 0.83125 0.958333 0.0275 0.0316667
0 0.976667 0.702083 0.03 0.0308333
0 0.145 0.239167 0.03 0.0316667
0 0.764167 0.984583 0.0283333 0.0308333
0 0.0625 0.392917 0.0333333 0.0375
0 0.387917 0.218333 0.0308333 0.03
0 0.547083 0.222083 0.0291667 0.0291667
