0 0.00875 0.79375 0.0175 0.0325
0 0.54375 0.985417 0.0291667 0.0275
0 0.00416667 0.741667 0.00833333 0.03
0 0.44125 0.278333 0.0308333 0.0316667
0 0.75625 0.5675 0.0458333 0.0483333
0 0.0133333 0.845833 0.0266667 0.0333333
0 0.995833 0.500833 0.00833333 0.03
0 0.593333 0.623333 0.0366667 0.0483333
0 0.26375 0.550417 0.0275 0.0291667
0 0.145 0.537917 0.0433333 0.0475
0 0.837083 0.734583 0.0325 0.0358333
0 0.16625 0.455 0.0358333 0.0383333
0 0.595833 0.694583 0.0416667 0.0408333
0 0.68625 0.361667 0.0458333 0.0466667
0 0.617083 0.0608333 0.0425 0.05
0 0.189583 0.695 0.0341667 0.0366667
0 0.990417 0.253333 0.0191667 0.0316667
0 0.440417 0.240417 0.0341667 0.0358333
0 0.72 0.422917 0.0366667 0.0408333
0 0.544167 0.560417 0.035 0.0408333
0 0.807917 0.01125 0.0358333 0.0225
0 0.96375 0.945417 0.0358333 0.0375
0 0.852083 0.384583 0.0308333 0.0325
0 0.482083 0.194583 0.0375 0.0441667
0 0.678333 0.3 0.0333333 0.0366667
0 0.98125 0.407083 0.0358333 0.0425
0 0.511667 0.223333 0.0266667 0.0283333
0 0.96375 0.670833 0.0408333 0.045
0 0.445 0.531667 0.035 0.0366667
0 0.985417 0.13125 0.0291667 0.0358333
0 0.48 0.555833 0.035 0.04
0 0.64625 0.20375 0.0425 0.0425
0 0.330833 0.9925 0.0316667 0.015
0 0.350417 0.27875 0.0425 0.0475
0 0.43875 0.199583 0.0391667 0.0425
0 0.42125 0.607083 0.0258333 0.0258333
0 0.384167 0.990833 0.0316667 0.0183333
0 0.404583 0.212083 0.0391667 0.0425
0 0.277083 0.40375 0.0358333 0.0375
0 0.21125 0.2375 0.0358333 0.0416667
0 0.223333 0.68 0.0383333 0.04
0 0.265833 0.27375 0.035 0.0391667
0 0.770417 0.305833 0.0425 0.0466667
0 0.705417 0.0291667 0.0391667 0.0416667
0 0.32125 0.0883333 0.0358333 0.0416667
0 0.0291667 0.00666667 0.0233333 0.0133333
0 0.735833 0.22125 0.0366667 0.0375
0 0.567917 0.107083 0.0375 0.0425
0 0.455833 0.649583 0.0383333 0.0458333
0 0.755833 0.14125 0.0383333 0.0391667
0 0.0929167 0.59875 0.0358333 0.0391667
0 0.0879167 0.716667 0.0291667 0.0333333
0 0.827083 0.131667 0.0408333 0.045
0 0.414583 0.472083 0.0291667 0.0308333
0 0.809583 0.08625 0.0358333 0.0391667
0 0.634583 0.434583 0.0375 0.0375
0 0.2675 0.8975 0.03 0.0316667
0 0.837083 0.667083 0.0275 0.0325
0 0.10875 0.425833 0.0408333 0.045
0 0.31 0.64 0.0366667 0.0366667
0 0.6575 0.0629167 0.035 0.0375
0 0.280417 0.947917 0.0375 0.0425
0 0.49 0.0345833 0.035 0.0375
0 0.8825 0.306667 0.035 0.0383333
0 0.07625 0.251667 0.0391667 0.0433333
0 0.65125 0.659583 0.0291667 0.0308333
0 0.39125 0.0154167 0.0358333 0.0308333
0 0.915 0.13 0.0383333 0.0416667
0 0.61125 0.246667 0.0358333 0.0416667
0 0.758333 0.790833 0.0383333 0.0383333
0 0.887083 0.36875 0.0391667 0.0425
0 0.503333 0.610417 0.0366667 0.0425
0 0.411667 0.51 0.0366667 0.0383333
0 0.095 0.76625 0.0266667 0.0275
0 0.620417 0.735 0.0308333 0.0316667
0 0.665417 0.634583 0.0341667 0.0375
0 0.347917 0.504583 0.0375 0.0391667
0 0.457917 0.0995833 0.0408333 0.0425
0 0.233333 0.328333 0.0383333 0.0416667
0 0.242083 0.0970833 0.0325 0.0358333
0 0.925 0.24125 0.035 0.0358333
0 0.347917 0.878333 0.0325 0.035
0 0.384583 0.665 0.0375 0.04
0 0.543333 0.235417 0.035 0.0358333
0 0.239583 0.985 0.0308333 0.0283333
0 0.239167 0.1775 0.0366667 0.04
0 0.315833 0.836667 0.035 0.0383333
0 0.311667 0.514167 0.0333333 0.0366667
0 0.145417 0.306667 0.0358333 0.04
0 0.545833 0.485417 0.0366667 0.0375
0 0.160417 0.2375 0.0391667 0.04
0 0.83 0.341667 0.0383333 0.04
0 0.931667 0.91 0.03 0.0316667
0 0.557083 0.344583 0.0358333 0.0375
0 0.938333 0.0116667 0.0366667 0.0233333
0 0.0429167 0.411667 0.0375 0.0383333
0 0.527083 0.412917 0.0325 0.0358333
0 0.29125 0.3425 0.0391667 0.04
0 0.72125 0.09625 0.0325 0.0341667
0 0.0125 0.5 0.025 0.0416667
0 0.783333 0.332083 0.03 0.0291667
0 0.320833 0.779583 0.0383333 0.0391667
0 0.185417 0.170833 0.0291667 0.0316667
0 0.579167 0.433333 0.0366667 0.0366667
0 0.86375 0.0420833 0.0341667 0.0341667
0 0.244167 0.460417 0.0333333 0.0341667
0 0.24375 0.497917 0.0358333 0.0375
0 0.595417 0.978333 0.0358333 0.0383333
0 0.197083 0.81625 0.0325 0.0341667
0 0.57125 0.0504167 0.0325 0.0341667
0 0.113333 0.2925 0.03 0.0316667
0 0.362083 0.957917 0.0325 0.0358333
0 0.104167 0.377917 0.0366667 0.0391667
0 0.375 0.405833 0.0283333 0.0283333
0 0.412083 0.1225 0.0325 0.035
0 0.89625 0.417917 0.0358333 0.0375
0 0.635 0.164583 0.035 0.0375
0 0.475 0.740417 0.0316667 0.0358333
0 0.611667 0.920833 0.035 0.0366667
0 0.4425 0.03 0.0333333 0.0366667
0 0.195833 0.76375 0.0366667 0.0375
0 0.119583 0.589583 0.0341667 0.0341667
0 0.641667 0.500417 0.0333333 0.0358333
0 0.489583 0.48125 0.0308333 0.0325
0 0.457083 0.3125 0.0358333 0.04
0 0.08125 0.89875 0.0358333 0.0375
0 0.803333 0.784583 0.0316667 0.0341667
0 0.445 0.401667 0.0366667 0.0383333
0 0.409583 0.349583 0.0291667 0.0308333
0 0.142083 0.78875 0.0308333 0.0325
0 0.0333333 0.6475 0.035 0.0383333
0 0.342083 0.805833 0.0358333 0.0416667
0 0.92375 0.0775 0.0341667 0.035
0 0.236667 0.392083 0.035 0.0375
0 0.454583 0.705 0.0375 0.045
0 0.250833 0.770833 0.0333333 0.035
0 0.985 0.209167 0.03 0.035
0 0.242917 0.878333 0.0341667 0.035
0 0.30625 0.134167 0.0325 0.035
0 0.9325 0.582917 0.0316667 0.0341667
0 0.145 0.645833 0.0333333 0.0366667
0 0.04125 0.284583 0.0358333 0.0391667
0 0.0375 0.77 0.035 0.04
0 0.396667 0.3725 0.0316667 0.0333333
0 0.6525 0.539167 0.0366667 0.0366667
0 0.729583 0.257083 0.0325 0.0325
0 0.78625 0.267083 0.0358333 0.0375
0 0.680833 0.134583 0.0383333 0.0375
0 0.952083 0.315417 0.0358333 0.0358333
0 0.7 0.473333 0.0366667 0.0383333
0 0.91875 0.50125 0.0375 0.0391667
0 0.82625 0.220417 0.0358333 0.0375
0 0.426667 0.432083 0.03 0.0325
0 0.296667 0.464583 0.035 0.0375
0 0.479583 0.8375 0.0358333 0.0383333
0 0.0120833 0.76375 0.0241667 0.0308333
0 0.100417 0.824167 0.0308333 0.0333333
0 0.431667 0.876667 0.0366667 0.0416667
0 0.53375 0.895 0.0325 0.0333333
0 0.78 0.399583 0.0333333 0.0358333
0 0.214167 0.94875 0.035 0.0358333
0 0.307917 0.170417 0.0358333 0.0375
0 0.20625 0.304583 0.0358333 0.0375
0 0.19375 0.500833 0.0325 0.035
0 0.523333 0.0841667 0.03 0.0316667
0 0.11625 0.332083 0.0325 0.0341667
0 0.0420833 0.96375 0.0325 0.0341667
0 0.695833 0.203333 0.035 0.0383333
0 0.422083 0.0604167 0.0341667 0.0341667
0 0.0883333 0.630417 0.035 0.0358333
0 0.857083 0.0891667 0.0341667 0.035
0 0.202917 0.580833 0.0325 0.035
0 0.691667 0.714167 0.035 0.0383333
0 0.102917 0.1475 0.0291667 0.03
0 0.482917 0.274583 0.0308333 0.0325
0 0.121667 0.913333 0.035 0.0366667
0 0.320417 0.687083 0.0325 0.0341667
0 0.402917 0.82125 0.0325 0.0341667
0 0.39125 0.77375 0.0325 0.0341667
0 0.869167 0.520833 0.0366667 0.04
0 0.11625 0.852083 0.0325 0.0375
0 0.719583 0.662917 0.0341667 0.0358333
0 0.452083 0.155 0.0341667 0.0366667
0 0.204583 0.92 0.0341667 0.0366667
0 0.282083 0.609167 0.0325 0.035
0 0.966667 0.5725 0.035 0.04
0 0.87125 0.256667 0.0341667 0.035
0 0.655417 0.815 0.0341667 0.0366667
0 0.416667 0.702917 0.0366667 0.0391667
0 0.56125 0.0129167 0.0325 0.0258333
0 0.114583 0.73875 0.0358333 0.0358333
0 0.527917 0.682083 0.0325 0.0358333
0 0.0420833 0.55875 0.0341667 0.0358333
0 0.307083 0.906667 0.0358333 0.0366667
0 0.525 0.142917 0.0333333 0.0358333
0 0.29875 0.744583 0.0341667 0.0358333
0 0.0729167 0.804583 0.0325 0.0358333
0 0.441667 0.924167 0.0333333 0.0366667
0 0.147083 0.696667 0.0325 0.035
0 0.799167 0.619167 0.0366667 0.0383333
0 0.142083 0.879583 0.0341667 0.0358333
0 0.1625 0.935 0.035 0.0366667
0 0.562083 0.8525 0.0358333 0.04
0 0.732917 0.491667 0.0341667 0.035
0 0.626667 0.832917 0.0333333 0.0358333
0 0.757917 0.699583 0.0325 0.0358333
0 0.805 0.52625 0.0366667 0.0408333
0 0.814167 0.429583 0.0333333 0.0358333
0 0.76875 0.462083 0.0325 0.0358333
0 0.27125 0.835833 0.0341667 0.0366667
0 0.590417 0.8275 0.0341667 0.0366667
0 0.175 0.408333 0.0333333 0.035
0 0.854167 0.56 0.0333333 0.0366667
0 0.503333 0.794583 0.0333333 0.0358333
0 0.949167 0.480833 0.0333333 0.035
