0 0.0666667 0.0170833 0.0366667 0.0341667
0 0.600417 0.991667 0.0275 0.0166667
0 0.690833 0.994167 0.0316667 0.0116667
0 0.815 0.94125 0.045 0.0475
0 0.989167 0.248333 0.0216667 0.03
0 0.992083 0.346667 0.0158333 0.0383333
0 0.99375 0.404583 0.0125 0.0308333
0 0.184583 0.260833 0.0408333 0.0416667
0 0.0591667 0.99375 0.0316667 0.0125
0 0.2975 0.350417 0.0383333 0.0491667
0 0.743333 0.703333 0.0366667 0.04
0 0.380417 0.992917 0.0325 0.0141667
0 0.812083 0.785 0.0341667 0.04
0 0.5 0.98125 0.0383333 0.0375
0 0.99125 0.92375 0.0175 0.0325
0 0.2075 0.50375 0.0333333 0.0358333
0 0.0420833 0.422083 0.0358333 0.0375
0 0.9325 0.177917 0.0366667 0.0458333
0 0.9925 0.301667 0.015 0.035
0 0.107917 0.81125 0.0341667 0.0341667
0 0.325417 0.228333 0.0375 0.0416667
0 0.558333 0.12875 0.035 0.0375
0 0.917917 0.9075 0.0341667 0.0366667
0 0.955833 0.78 0.035 0.04
0 0.99375 0.4525 0.0125 0.035
0 0.0133333 0.147917 0.0266667 0.0375
0 0.37125 0.277083 0.0375 0.0391667
0 0.29 0.1475 0.035 0.04
0 0.785417 0.559583 0.0325 0.0408333
0 0.123333 0.279167 0.0433333 0.0466667
0 0.645 0.594167 0.04 0.0433333
0 0.40625 0.0133333 0.0375 0.0266667
0 0.614583 0.0945833 0.0375 0.0408333
0 0.830417 0.252083 0.0375 0.0425
0 0.200833 0.135833 0.0333333 0.0383333
0 0.489583 0.239167 0.0408333 0.045
0 0.634167 0.9625 0.0333333 0.0366667
0 0.0916667 0.47 0.0333333 0.04
0 0.14 0.49125 0.025 0.0258333
0 0.429167 0.90625 0.0366667 0.0458333
0 0.32125 0.723333 0.0375 0.0416667
0 0.488333 0.585833 0.0316667 0.0333333
0 0.256667 0.115 0.035 0.0366667
0 0.0295833 0.344167 0.0408333 0.045
0 0.11875 0.195 0.0325 0.035
0 0.374167 0.71875 0.0333333 0.0375
0 0.627917 0.0479167 0.0275 0.0291667
0 0.0766667 0.130417 0.0383333 0.0441667
0 0.750417 0.5425 0.0341667 0.0366667
0 0.973333 0.595833 0.0333333 0.04
0 0.91625 0.831667 0.0358333 0.04
0 0.862083 0.1925 0.0291667 0.0316667
0 0.21875 0.96375 0.0341667 0.0391667
0 0.180833 0.0333333 0.0316667 0.035
0 0.965417 0.501667 0.0341667 0.0366667
0 0.786667 0.262083 0.035 0.0375
0 0.925833 0.0966667 0.0316667 0.035
0 0.195417 0.76 0.0391667 0.0416667
0 0.222083 0.835 0.0391667 0.04
0 0.174583 0.509167 0.0275 0.0266667
0 0.566667 0.83625 0.035 0.0391667
0 0.854583 0.33 0.0341667 0.0366667
0 0.437083 0.226667 0.0375 0.0416667
0 0.270417 0.807083 0.0408333 0.0458333
0 0.16125 0.464583 0.0358333 0.0391667
0 0.843333 0.81875 0.0366667 0.0408333
0 0.220417 0.120833 0.0291667 0.0316667
0 0.59125 0.700833 0.0408333 0.04
0 0.692917 0.622083 0.0425 0.0491667
0 0.160833 0.340833 0.0366667 0.04
0 0.905833 0.68 0.0333333 0.035
0 0.244583 0.762083 0.0308333 0.0325
0 0.558333 0.644583 0.0383333 0.0441667
0 0.0225 0.0116667 0.03 0.0233333
0 0.9625 0.954583 0.03 0.0358333
0 0.144583 0.960417 0.0308333 0.0325
0 0.819583 0.653333 0.0275 0.0283333
0 0.947917 0.329583 0.0375 0.0425
0 0.08875 0.19 0.0391667 0.0433333
0 0.579583 0.974583 0.0375 0.0375
0 0.0658333 0.264583 0.0366667 0.0375
0 0.565417 0.0520833 0.0291667 0.0325
0 0.8775 0.918333 0.035 0.0366667
0 0.489583 0.188333 0.0375 0.04
0 0.505833 0.75875 0.0316667 0.0358333
0 0.74125 0.288333 0.0358333 0.0383333
0 0.710833 0.55625 0.0383333 0.0425
0 0.36 0.689583 0.035 0.0375
0 0.121667 0.0295833 0.0366667 0.0391667
0 0.408333 0.79125 0.03 0.0325
0 0.273333 0.24625 0.0366667 0.0391667
0 0.357083 0.139167 0.0358333 0.0383333
0 0.6725 0.565 0.035 0.0366667
0 0.47625 0.5525 0.0375 0.0383333
0 0.0145833 0.256667 0.0291667 0.04
0 0.720417 0.75625 0.0375 0.0408333
0 0.689167 0.96 0.035 0.0383333
0 0.158333 0.58125 0.03 0.0325
0 0.571667 0.156667 0.035 0.035
0 0.7475 0.900833 0.035 0.0366667
0 0.123333 0.842917 0.03 0.0325
0 0.595417 0.92 0.0325 0.035
0 0.195 0.905 0.0333333 0.0366667
0 0.510833 0.91 0.0383333 0.04
0 0.635 0.547083 0.0383333 0.0408333
0 0.695833 0.50375 0.04 0.0408333
0 0.554583 0.77375 0.0358333 0.0375
0 0.055 0.928333 0.035 0.0383333
0 0.766667 0.768333 0.0333333 0.035
0 0.729167 0.957083 0.035 0.0375
0 0.290833 0.890833 0.0333333 0.0366667
0 0.121667 0.8925 0.035 0.0366667
0 0.42125 0.61 0.0325 0.0333333
0 0.989583 0.16125 0.0208333 0.0341667
0 0.752917 0.418333 0.0341667 0.0366667
0 0.0325 0.595 0.0366667 0.0366667
0 0.384583 0.160833 0.0341667 0.035
0 0.360417 0.22 0.0341667 0.0366667
0 0.585833 0.516667 0.0366667 0.04
0 0.801667 0.434167 0.0333333 0.035
0 0.899167 0.378333 0.0366667 0.0416667
0 0.885833 0.629583 0.0366667 0.0391667
0 0.0254167 0.1825 0.0325 0.0366667
0 0.43375 0.84875 0.0391667 0.0425
0 0.774583 0.384167 0.0358333 0.0383333
0 0.429167 0.727083 0.0333333 0.0358333
0 0.6025 0.76875 0.0366667 0.0391667
0 0.52125 0.523333 0.0341667 0.0366667
0 0.212917 0.0725 0.0341667 0.0366667
0 0.143333 0.40875 0.0316667 0.0341667
0 0.73875 0.817083 0.0325 0.0341667
0 0.686667 0.736667 0.0316667 0.035
0 0.430417 0.685833 0.0341667 0.035
0 0.865833 0.502083 0.0333333 0.0358333
0 0.912083 0.460417 0.0325 0.0341667
0 0.23875 0.92375 0.0325 0.0341667
0 0.02625 0.966667 0.0325 0.035
0 0.665417 0.967917 0.0325 0.0358333
0 0.2425 0.0116667 0.035 0.0233333
0 0.469167 0.980417 0.03 0.0308333
0 0.264583 0.8575 0.0325 0.0366667
0 0.325417 0.985 0.0308333 0.0283333
0 0.54375 0.911667 0.0325 0.035
0 0.151667 0.825833 0.035 0.0366667
0 0.139167 0.242917 0.035 0.0375
0 0.141667 0.919167 0.03 0.0316667
0 0.7375 0.63 0.0366667 0.0383333
0 0.720833 0.341667 0.03 0.0316667
0 0.951667 0.857083 0.03 0.0325
0 0.157083 0.160417 0.0325 0.0325
0 0.10625 0.98875 0.0325 0.0225
0 0.0166667 0.49625 0.0333333 0.0375
0 0.792917 0.335417 0.0358333 0.0375
0 0.322083 0.767917 0.0341667 0.0375
0 0.502917 0.676667 0.0308333 0.0333333
0 0.45125 0.06125 0.0325 0.0341667
0 0.493333 0.1125 0.035 0.0366667
0 0.769583 0.583333 0.0325 0.035
0 0.666667 0.375 0.035 0.04
0 0.32375 0.84875 0.0291667 0.0325
0 0.43625 0.967917 0.0325 0.0358333
0 0.733333 0.469583 0.035 0.0375
0 0.6425 0.68125 0.0333333 0.0358333
0 0.618333 0.739583 0.0316667 0.0341667
0 0.365833 0.93125 0.03 0.0325
0 0.286667 0.747917 0.0333333 0.0358333
0 0.86125 0.380833 0.0325 0.0366667
0 0.680833 0.83375 0.0333333 0.0358333
0 0.34625 0.787917 0.0308333 0.0341667
0 0.284583 0.0245833 0.0341667 0.0358333
0 0.862917 0.4525 0.0341667 0.0366667
0 0.274167 0.985 0.03 0.03
0 0.91625 0.525 0.0341667 0.0366667
0 0.7125 0.388333 0.0333333 0.0366667
0 0.504583 0.722917 0.0325 0.0341667
0 0.925 0.73375 0.0316667 0.0358333
0 0.955833 0.432917 0.0333333 0.0341667
