0 0.35875 0.582083 0.0258333 0.0275
0 0.396667 0.699167 0.035 0.0383333
0 0.00458333 0.765833 0.00916667 0.0283333
0 0.265 0.67375 0.0283333 0.0291667
0 0.00625 0.2525 0.0125 0.0266667
0 0.872917 0.297083 0.0458333 0.0508333
0 0.415 0.205833 0.0316667 0.0366667
0 0.580417 0.992083 0.0275 0.0158333
0 0.660833 0.54125 0.0383333 0.0458333
0 0.616667 0.687917 0.0333333 0.0375
0 0.3625 0.712917 0.0283333 0.0291667
0 0.0270833 0.880833 0.0391667 0.0466667
0 0.520833 0.36 0.0266667 0.025
0 0.990417 0.717917 0.0191667 0.0325
0 0.08125 0.57 0.0441667 0.0483333
0 0.0579167 0.446667 0.0308333 0.0333333
0 0.991667 0.879167 0.0166667 0.035
0 0.846667 0.179167 0.045 0.045
0 0.510833 0.65 0.0433333 0.0466667
0 0.140833 0.928333 0.0333333 0.0366667
0 0.100833 0.994167 0.025 0.0116667
0 0.891667 0.665417 0.03 0.0325
0 0.480417 0.311667 0.0391667 0.0416667
0 0.907083 0.73 0.0425 0.045
0 0.7175 0.305 0.03 0.0333333
0 0.127083 0.862083 0.0375 0.0475
0 0.879167 0.925417 0.0416667 0.0491667
0 0.792917 0.387917 0.0408333 0.0458333
0 0.6 0.302917 0.0366667 0.0391667
0 0.68125 0.262083 0.0308333 0.0358333
0 0.638333 0.352083 0.0333333 0.0358333
0 0.42125 0.6675 0.0441667 0.05
0 0.271667 0.594583 0.0333333 0.0358333
0 0.370417 0.23 0.0408333 0.0433333
0 0.0458333 0.990833 0.03 0.0183333
0 0.144167 0.65625 0.0383333 0.0391667
0 0.2675 0.50375 0.0333333 0.0358333
0 0.9475 0.0329167 0.0366667 0.0408333
0 0.732083 0.0970833 0.0308333 0.0341667
0 0.756667 0.239583 0.0333333 0.0408333
0 0.843333 0.9125 0.0383333 0.0416667
0 0.471667 0.54625 0.0383333 0.0458333
0 0.7525 0.31125 0.03 0.0341667
0 0.354167 0.02375 0.0316667 0.0341667
0 0.7775 0.107917 0.0366667 0.0391667
0 0.288333 0.49625 0.025 0.0275
0 0.950417 0.74 0.0358333 0.0383333
0 0.974583 0.594583 0.0291667 0.0358333
0 0.34125 0.755417 0.0375 0.0458333
0 0.0266667 0.50125 0.035 0.0358333
0 0.334583 0.403333 0.0358333 0.0466667
0 0.19625 0.767083 0.0358333 0.0391667
0 0.169167 0.269167 0.0366667 0.0366667
0 0.04375 0.60375 0.0291667 0.0308333
0 0.97125 0.115833 0.0358333 0.0383333
0 0.87375 0.00791667 0.0291667 0.0158333
0 0.874167 0.233333 0.035 0.04
0 0.0808333 0.40875 0.0333333 0.0358333
0 0.515 0.590833 0.04 0.045
0 0.23625 0.5725 0.0325 0.035
0 0.742917 0.465 0.0408333 0.0433333
0 0.2325 0.677083 0.0366667 0.0408333
0 0.270417 0.905833 0.0375 0.0416667
0 0.59625 0.364583 0.0358333 0.0391667
0 0.602083 0.594167 0.0408333 0.0416667
0 0.0729167 0.520833 0.0375 0.045
0 0.801667 0.979167 0.0383333 0.0383333
0 0.250833 0.468333 0.0333333 0.0366667
0 0.553333 0.365 0.0333333 0.035
0 0.01375 0.34875 0.0275 0.0391667
0 0.657917 0.984583 0.0341667 0.0308333
0 0.667917 0.911667 0.0408333 0.04
0 0.0141667 0.986667 0.0266667 0.0266667
0 0.09625 0.938333 0.0275 0.03
0 0.82875 0.0320833 0.0308333 0.0341667
0 0.0825 0.835417 0.035 0.0375
0 0.01125 0.302917 0.0225 0.0391667
0 0.114583 0.0841667 0.0358333 0.0383333
0 0.669167 0.849167 0.0333333 0.0366667
0 0.23 0.795417 0.035 0.0375
0 0.585833 0.419583 0.0366667 0.0425
0 0.739167 0.918333 0.035 0.0383333
0 0.00916667 0.160417 0.0183333 0.0375
0 0.6375 0.38125 0.0333333 0.0358333
0 0.235 0.60625 0.03 0.0325
0 0.52 0.537083 0.0366667 0.0408333
0 0.9425 0.33375 0.0383333 0.0425
0 0.99 0.329583 0.0183333 0.0375
0 0.04875 0.245 0.0375 0.0416667
0 0.0729167 0.196667 0.0358333 0.0383333
0 0.779167 0.505833 0.04 0.0433333
0 0.415417 0.76625 0.0358333 0.0391667
0 0.932917 0.250833 0.0375 0.04
0 0.01 0.454583 0.02 0.0375
0 0.14375 0.31875 0.0391667 0.0408333
0 0.372917 0.885 0.0375 0.04
0 0.639583 0.43875 0.0308333 0.0341667
0 0.920417 0.877083 0.0391667 0.0425
0 0.887917 0.9825 0.0325 0.0333333
0 0.715833 0.542917 0.035 0.0375
0 0.8875 0.365417 0.035 0.0375
0 0.42375 0.258333 0.0358333 0.04
0 0.183333 0.847083 0.0333333 0.0358333
0 0.7875 0.15125 0.0366667 0.0425
0 0.133333 0.611667 0.0333333 0.035
0 0.0783333 0.802917 0.0316667 0.0341667
0 0.3125 0.25875 0.0366667 0.0408333
0 0.194583 0.507083 0.0375 0.0425
0 0.98 0.674583 0.03 0.0325
0 0.137917 0.4625 0.0375 0.0383333
0 0.200833 0.382083 0.0333333 0.0375
0 0.759167 0.974167 0.0316667 0.035
0 0.1975 0.889167 0.0283333 0.03
0 0.68125 0.455 0.0375 0.0416667
0 0.882083 0.140833 0.0341667 0.0366667
0 0.697083 0.0625 0.0341667 0.0366667
0 0.804583 0.9 0.0325 0.035
0 0.04125 0.94625 0.0358333 0.0375
0 0.790833 0.01 0.035 0.02
0 0.96375 0.1925 0.0358333 0.04
0 0.26 0.2475 0.0333333 0.035
0 0.0141667 0.652083 0.0283333 0.0341667
0 0.80375 0.279167 0.0358333 0.0383333
0 0.557083 0.631667 0.0341667 0.035
0 0.98375 0.776667 0.0325 0.0383333
0 0.144583 0.967083 0.0325 0.0341667
0 0.06 0.0933333 0.035 0.0383333
0 0.09875 0.335 0.0358333 0.04
0 0.835 0.414583 0.0316667 0.0341667
0 0.2025 0.65375 0.0333333 0.0375
0 0.79875 0.197917 0.0341667 0.0375
0 0.590417 0.67875 0.0308333 0.0341667
0 0.8975 0.192083 0.0383333 0.0425
0 0.267083 0.713333 0.0341667 0.035
0 0.785833 0.46 0.0366667 0.0383333
0 0.524167 0.144167 0.03 0.0316667
0 0.470417 0.39625 0.0341667 0.0358333
0 0.275833 0.0454167 0.03 0.0341667
0 0.912917 0.02 0.0358333 0.04
0 0.467917 0.0341667 0.0341667 0.0366667
0 0.51875 0.0841667 0.0325 0.035
0 0.4175 0.384167 0.0333333 0.035
0 0.286667 0.14 0.035 0.04
0 0.502917 0.73875 0.0325 0.0358333
0 0.0641667 0.72125 0.0316667 0.0341667
0 0.12125 0.26625 0.0341667 0.0358333
0 0.355 0.622917 0.0333333 0.0341667
0 0.24125 0.0204167 0.0358333 0.0408333
0 0.17875 0.360417 0.0325 0.0341667
0 0.24125 0.335833 0.0341667 0.0366667
0 0.01625 0.818333 0.0325 0.035
0 0.0329167 0.7675 0.0241667 0.025
0 0.0770833 0.76125 0.0291667 0.0308333
0 0.92875 0.2925 0.0358333 0.0383333
0 0.74 0.365417 0.0333333 0.0341667
0 0.56 0.0133333 0.035 0.0266667
0 0.647917 0.1475 0.0275 0.03
0 0.5975 0.180833 0.0316667 0.0333333
0 0.22375 0.0820833 0.0341667 0.0358333
0 0.133333 0.718333 0.0316667 0.0333333
0 0.245 0.189583 0.035 0.0375
0 0.260417 0.569583 0.0325 0.0358333
0 0.674583 0.334583 0.0341667 0.0375
0 0.209167 0.240833 0.0316667 0.035
0 0.675417 0.136667 0.0291667 0.0316667
0 0.569583 0.294167 0.0325 0.035
0 0.812083 0.345833 0.0325 0.035
0 0.12 0.51875 0.035 0.0358333
0 0.457917 0.0979167 0.0358333 0.0375
0 0.8325 0.0683333 0.035 0.0383333
0 0.22375 0.305 0.0325 0.035
0 0.290833 0.44 0.0333333 0.0366667
0 0.33125 0.825417 0.0308333 0.0325
0 0.24125 0.822917 0.0325 0.0358333
0 0.18 0.605 0.035 0.0366667
0 0.7125 0.574167 0.0333333 0.035
0 0.504167 0.195833 0.035 0.0366667
0 0.836667 0.276667 0.035 0.0366667
0 0.340417 0.321667 0.0358333 0.0366667
0 0.121667 0.203333 0.0333333 0.035
0 0.277917 0.773333 0.0325 0.035
0 0.58625 0.0475 0.0308333 0.0316667
0 0.32125 0.1975 0.0341667 0.0366667
0 0.150417 0.180833 0.0341667 0.035
0 0.71625 0.244583 0.0325 0.0341667
0 0.875833 0.09 0.0333333 0.0366667
0 0.226667 0.74875 0.03 0.0325
