0 0.2775 0.725 0.0416667 0.0466667
0 0.9875 0.209167 0.025 0.0316667
0 0.707083 0.815417 0.0308333 0.0325
0 0.336667 0.39125 0.0416667 0.0475
0 0.510417 0.280833 0.0325 0.04
0 0.05125 0.239167 0.0341667 0.0383333
0 0.279167 0.542083 0.0433333 0.0441667
0 0.0129167 0.879167 0.0258333 0.0416667
0 0.810833 0.507083 0.0283333 0.0325
0 0.42 0.411667 0.0316667 0.035
0 0.677083 0.85625 0.0358333 0.0391667
0 0.54125 0.368333 0.0425 0.0483333
0 0.880833 0.335833 0.04 0.05
0 0.154583 0.883333 0.0425 0.0483333
0 0.3075 0.100417 0.0416667 0.0441667
0 0.989583 0.575417 0.0208333 0.0325
0 0.855 0.0991667 0.0433333 0.0466667
0 0.781667 0.7075 0.0383333 0.0533333
0 0.14625 0.710833 0.0425 0.045
0 0.79625 0.345417 0.0375 0.0408333
0 0.353333 0.96 0.04 0.0433333
0 0.235417 0.676667 0.0441667 0.0433333
0 0.602917 0.6125 0.0408333 0.0483333
0 0.425833 0.460417 0.04 0.0441667
0 0.766667 0.655 0.0416667 0.0533333
0 0.13125 0.162917 0.0441667 0.0441667
0 0.523333 0.5075 0.0366667 0.045
0 0.345417 0.902083 0.0408333 0.0441667
0 0.0883333 0.556667 0.0316667 0.0316667
0 0.211667 0.992083 0.0316667 0.0158333
0 0.12625 0.0475 0.0391667 0.0483333
0 0.827917 0.179167 0.0408333 0.05
0 0.806667 0.454167 0.04 0.0433333
0 0.0766667 0.804167 0.0383333 0.045
0 0.235 0.485 0.0383333 0.0433333
0 0.797083 0.065 0.0341667 0.0366667
0 0.992083 0.00875 0.0158333 0.0175
0 0.85 0.0554167 0.04 0.0425
0 0.489167 0.403333 0.0433333 0.0416667
0 0.120833 0.2475 0.0366667 0.0416667
0 0.62875 0.190833 0.0358333 0.0416667
0 0.00916667 0.7175 0.0183333 0.0366667
0 0.972917 0.5525 0.0291667 0.0333333
0 0.883333 0.961667 0.0366667 0.0433333
0 0.335417 0.754583 0.0425 0.0491667
0 0.439167 0.938333 0.03 0.0333333
0 0.87625 0.297917 0.0308333 0.0358333
0 0.45625 0.5475 0.0375 0.045
0 0.504583 0.595833 0.0375 0.0433333
0 0.76875 0.410833 0.0425 0.0483333
0 0.78625 0.125833 0.0375 0.0433333
0 0.591667 0.27375 0.0383333 0.0408333
0 0.54 0.830833 0.0316667 0.0333333
0 0.985 0.699167 0.03 0.0416667
0 0.3775 0.526667 0.0366667 0.0416667
0 0.03375 0.1025 0.0341667 0.0366667
0 0.40625 0.565417 0.0325 0.0358333
0 0.551667 0.69375 0.0383333 0.0425
0 0.141667 0.825833 0.0333333 0.0366667
0 0.72 0.495417 0.0366667 0.0441667
0 0.5925 0.91 0.0366667 0.0416667
0 0.849167 0.521667 0.0366667 0.0416667
0 0.459583 0.369167 0.0358333 0.04
0 0.41125 0.780417 0.0408333 0.0425
0 0.9475 0.431667 0.0383333 0.0416667
0 0.522083 0.75375 0.0408333 0.0475
0 0.709167 0.146667 0.035 0.0383333
0 0.212917 0.867083 0.0341667 0.0358333
0 0.752083 0.229167 0.0408333 0.0466667
0 0.988333 0.645 0.0233333 0.0366667
0 0.74 0.06 0.0333333 0.0366667
0 0.95875 0.278333 0.0375 0.0416667
0 0.39125 0.61625 0.0358333 0.0408333
0 0.817917 0.395833 0.0341667 0.0383333
0 0.0825 0.878333 0.0383333 0.0383333
0 0.214583 0.90875 0.0391667 0.0408333
0 0.325833 0.587917 0.0366667 0.0441667
0 0.0775 0.152917 0.0316667 0.0341667
0 0.30875 0.415833 0.0375 0.0433333
0 0.274583 0.792917 0.0408333 0.0408333
0 0.905 0.927083 0.0383333 0.0441667
0 0.960833 0.765 0.0383333 0.0433333
0 0.99125 0.86 0.0158333 0.03
0 0.557083 0.639583 0.0391667 0.0425
0 0.00833333 0.329167 0.0166667 0.0333333
0 0.931667 0.49375 0.0366667 0.0408333
0 0.777083 0.866667 0.0308333 0.0333333
0 0.422083 0.363333 0.0358333 0.04
0 0.221667 0.937917 0.0316667 0.0341667
0 0.815833 0.764583 0.0383333 0.0408333
0 0.564583 0.17375 0.0325 0.0358333
0 0.947917 0.956667 0.0291667 0.035
0 0.535417 0.5675 0.0391667 0.04
0 0.76125 0.502083 0.0341667 0.0358333
0 0.95375 0.101667 0.0341667 0.0383333
0 0.855417 0.99 0.0291667 0.0183333
0 0.83 0.283333 0.0366667 0.04
0 0.732083 0.0925 0.0308333 0.0333333
0 0.828333 0.2325 0.035 0.0383333
0 0.356667 0.464167 0.0333333 0.0333333
0 0.677917 0.250417 0.0358333 0.0375
0 0.205417 0.564167 0.0358333 0.0383333
0 0.209583 0.159583 0.0358333 0.0391667
0 0.227917 0.8125 0.0358333 0.04
0 0.267083 0.965417 0.0375 0.0408333
0 0.910417 0.74625 0.0325 0.0325
0 0.515 0.460417 0.0316667 0.0341667
0 0.708333 0.553333 0.0316667 0.0366667
0 0.595417 0.76125 0.0425 0.0458333
0 0.447917 0.709167 0.0325 0.035
0 0.69625 0.9125 0.0391667 0.04
0 0.615417 0.86375 0.0375 0.0391667
0 0.81 0.0158333 0.0316667 0.0316667
0 0.510833 0.804167 0.0333333 0.035
0 0.695833 0.65 0.0416667 0.0433333
0 0.285 0.88875 0.035 0.0391667
0 0.950417 0.342917 0.0391667 0.0391667
0 0.3925 0.89 0.0366667 0.0416667
0 0.946667 0.0516667 0.035 0.035
0 0.06 0.977083 0.0383333 0.0408333
0 0.819583 0.8775 0.0291667 0.0333333
0 0.740833 0.911667 0.0383333 0.0416667
0 0.0479167 0.314167 0.0275 0.03
0 0.869167 0.639167 0.035 0.0383333
0 0.5575 0.301667 0.0333333 0.0383333
0 0.915 0.574167 0.0366667 0.04
0 0.989583 0.257083 0.0208333 0.0375
0 0.635417 0.396667 0.0341667 0.0366667
0 0.983333 0.467083 0.0316667 0.0375
0 0.07625 0.925 0.0358333 0.0383333
0 0.716667 0.7725 0.035 0.0383333
0 0.04125 0.20875 0.0358333 0.0391667
0 0.6625 0.679583 0.035 0.0425
0 0.761667 0.76625 0.0333333 0.0358333
0 0.553333 0.907917 0.035 0.0391667
0 0.555833 0.33125 0.0366667 0.0408333
0 0.45375 0.489167 0.0325 0.035
0 0.0170833 0.988333 0.0308333 0.0233333
0 0.392917 0.69375 0.0341667 0.0375
0 0.574583 0.96125 0.0325 0.0358333
0 0.639167 0.478333 0.0316667 0.0366667
0 0.609583 0.554167 0.0325 0.0366667
0 0.859583 0.442917 0.0358333 0.0375
0 0.8875 0.03 0.0333333 0.035
0 0.481667 0.945417 0.0333333 0.0358333
0 0.489583 0.51125 0.0341667 0.0391667
0 0.90125 0.86625 0.0341667 0.0358333
0 0.0858333 0.7325 0.035 0.0366667
0 0.725417 0.584167 0.0341667 0.0383333
0 0.664583 0.894167 0.0308333 0.0333333
0 0.10625 0.0866667 0.0341667 0.04
0 0.94125 0.214583 0.0341667 0.0358333
0 0.929583 0.185833 0.0341667 0.0366667
0 0.749583 0.984583 0.0291667 0.0275
0 0.66 0.59625 0.035 0.0391667
0 0.558333 0.459583 0.0333333 0.0375
0 0.180833 0.598333 0.035 0.0366667
0 0.65875 0.768333 0.0341667 0.0333333
0 0.595833 0.391667 0.035 0.0383333
0 0.914583 0.819583 0.0341667 0.0375
0 0.815 0.554583 0.0333333 0.0358333
0 0.845833 0.360417 0.035 0.0391667
0 0.7 0.220417 0.035 0.0375
0 0.47625 0.866667 0.0308333 0.0333333
0 0.66 0.295 0.0333333 0.0366667
0 0.950417 0.63375 0.0325 0.0358333
0 0.634583 0.785833 0.0325 0.035
0 0.984583 0.131667 0.0308333 0.035
0 0.336667 0.0479167 0.0333333 0.0358333
0 0.98 0.895 0.0316667 0.035
0 0.787083 0.925 0.0308333 0.0333333
0 0.628333 0.952917 0.0333333 0.0358333
0 0.889167 0.17875 0.0333333 0.0358333
0 0.8225 0.925833 0.0316667 0.035
0 0.865 0.769583 0.0366667 0.0391667
