0 0.0470833 0.155 0.0358333 0.0366667
0 0.0983333 0.7025 0.04 0.0483333
0 0.161667 0.250417 0.0316667 0.0358333
0 0.47375 0.36625 0.0308333 0.0325
0 0.70625 0.760833 0.0325 0.04
0 0.14375 0.0758333 0.0425 0.0533333
0 0.217917 0.938333 0.0291667 0.0333333
0 0.574167 0.112917 0.0283333 0.0308333
0 0.885417 0.06375 0.0341667 0.0358333
0 0.917083 0.950417 0.0408333 0.0458333
0 0.278333 0.455 0.0366667 0.0366667
0 0.152917 0.891667 0.0325 0.035
0 0.420833 0.532083 0.0433333 0.0441667
0 0.847083 0.812917 0.0441667 0.0475
0 0.113333 0.798333 0.035 0.0416667
0 0.469167 0.296667 0.0416667 0.055
0 0.00791667 0.495417 0.0158333 0.0325
0 0.764167 0.948333 0.0266667 0.0266667
0 0.56 0.15375 0.0383333 0.0475
0 0.00541667 0.649583 0.0108333 0.0325
0 0.294583 0.7775 0.0391667 0.0433333
0 0.0416667 0.842083 0.0433333 0.0475
0 0.139583 0.561667 0.0375 0.0466667
0 0.808333 0.767083 0.0433333 0.0525
0 0.585 0.525417 0.035 0.0391667
0 0.762917 0.407917 0.0408333 0.0425
0 0.745 0.258333 0.0366667 0.04
0 0.965 0.937917 0.0433333 0.0475
0 0.0775 0.04125 0.0433333 0.0441667
0 0.776667 0.360417 0.0416667 0.0458333
0 0.239583 0.189167 0.0358333 0.04
0 0.710417 0.235833 0.0325 0.0383333
0 0.100833 0.482083 0.0366667 0.0425
0 0.265417 0.288333 0.0408333 0.0466667
0 0.1625 0.035 0.045 0.045
0 0.30375 0.165833 0.0358333 0.0383333
0 0.822083 0.907917 0.0291667 0.0358333
0 0.2625 0.505833 0.04 0.04
0 0.161667 0.852917 0.0383333 0.0475
0 0.334167 0.2575 0.0383333 0.0416667
0 0.00916667 0.865 0.0183333 0.0366667
0 0.205417 0.3975 0.0325 0.035
0 0.14625 0.188333 0.0308333 0.0333333
0 0.936667 0.810417 0.0433333 0.0425
0 0.240833 0.238333 0.04 0.045
0 0.0075 0.00916667 0.015 0.0183333
0 0.101667 0.285417 0.0366667 0.0408333
0 0.82875 0.0795833 0.0325 0.0341667
0 0.325417 0.03625 0.0341667 0.0375
0 0.39375 0.292917 0.0375 0.0425
0 0.658333 0.0475 0.03 0.0333333
0 0.0691667 0.424167 0.04 0.045
0 0.49875 0.0108333 0.0308333 0.0216667
0 0.200417 0.812917 0.0325 0.0341667
0 0.595417 0.94 0.0408333 0.045
0 0.227917 0.460833 0.0391667 0.0416667
0 0.932083 0.610417 0.0325 0.0358333
0 0.485417 0.176667 0.0358333 0.0383333
0 0.620833 0.896667 0.04 0.0433333
0 0.075 0.122083 0.04 0.0408333
0 0.460417 0.581667 0.0358333 0.04
0 0.327917 0.344583 0.0258333 0.0291667
0 0.76125 0.09125 0.0375 0.0391667
0 0.0075 0.696667 0.015 0.035
0 0.669583 0.22125 0.0325 0.0358333
0 0.0520833 0.77125 0.0391667 0.0458333
0 0.676667 0.148333 0.035 0.0383333
0 0.395417 0.628333 0.0341667 0.035
0 0.982917 0.984167 0.0325 0.0316667
0 0.3275 0.3825 0.0383333 0.0466667
0 0.797083 0.443333 0.0358333 0.0416667
0 0.887917 0.621667 0.0325 0.0366667
0 0.76625 0.192917 0.0375 0.0425
0 0.38375 0.565 0.0408333 0.0416667
0 0.24 0.815417 0.0366667 0.0408333
0 0.359583 0.62125 0.0358333 0.0391667
0 0.230833 0.7075 0.035 0.0383333
0 0.00916667 0.25875 0.0183333 0.0375
0 0.03125 0.295833 0.0358333 0.04
0 0.876667 0.201667 0.0366667 0.0433333
0 0.544583 0.346667 0.0358333 0.0383333
0 0.720833 0.970417 0.035 0.0408333
0 0.55 0.2125 0.035 0.0383333
0 0.05625 0.962917 0.0325 0.0391667
0 0.377083 0.21375 0.0358333 0.0408333
0 0.62 0.112917 0.0416667 0.0441667
0 0.30625 0.55375 0.0291667 0.0291667
0 0.165833 0.7 0.035 0.0383333
0 0.68625 0.80625 0.0375 0.0408333
0 0.224167 0.514583 0.0316667 0.0308333
0 0.549583 0.9 0.0391667 0.0433333
0 0.2175 0.100417 0.035 0.0441667
0 0.37875 0.675417 0.0375 0.0408333
0 0.627083 0.385417 0.0375 0.0375
0 0.925417 0.0120833 0.0341667 0.0225
0 0.57125 0.32 0.0358333 0.0366667
0 0.865833 0.243333 0.0333333 0.0333333
0 0.928333 0.0529167 0.0316667 0.0341667
0 0.292917 0.210417 0.0391667 0.0425
0 0.190417 0.14875 0.0341667 0.0375
0 0.390417 0.0104167 0.0358333 0.0208333
0 0.395 0.120833 0.0333333 0.0366667
0 0.852083 0.05125 0.0325 0.0341667
0 0.10875 0.53125 0.0375 0.0425
0 0.0775 0.574167 0.0366667 0.04
0 0.62375 0.298333 0.0341667 0.0366667
0 0.545 0.47625 0.0316667 0.0325
0 0.03625 0.06125 0.0375 0.0425
0 0.685833 0.370417 0.0366667 0.0391667
0 0.264583 0.1525 0.0358333 0.0366667
0 0.183333 0.539167 0.0366667 0.0383333
0 0.873333 0.166667 0.0366667 0.0433333
0 0.5 0.537917 0.0283333 0.0291667
0 0.0579167 0.333333 0.0375 0.0383333
0 0.523333 0.105 0.0366667 0.0383333
0 0.8425 0.747083 0.035 0.0375
0 0.940417 0.690417 0.0358333 0.0375
0 0.205 0.632917 0.0333333 0.0341667
0 0.420417 0.969167 0.0341667 0.0366667
0 0.121667 0.356667 0.035 0.0366667
0 0.415417 0.385833 0.0325 0.035
0 0.265833 0.0141667 0.035 0.0283333
0 0.925833 0.172083 0.0383333 0.0425
0 0.24125 0.659583 0.0325 0.0341667
0 0.149583 0.40375 0.0341667 0.0358333
0 0.297917 0.6425 0.0308333 0.0316667
0 0.351667 0.442083 0.0333333 0.0358333
0 0.989583 0.645 0.0191667 0.0383333
0 0.949583 0.210417 0.0341667 0.0375
0 0.440417 0.2525 0.0358333 0.04
0 0.364167 0.0620833 0.03 0.0308333
0 0.0129167 0.391667 0.0258333 0.035
0 0.920417 0.73125 0.0358333 0.0391667
0 0.595 0.0408333 0.0333333 0.035
0 0.0725 0.618333 0.0366667 0.0383333
0 0.715417 0.0545833 0.0341667 0.0358333
0 0.0341667 0.545417 0.0366667 0.0375
0 0.97 0.08625 0.035 0.0375
0 0.430417 0.09125 0.0308333 0.0325
0 0.0866667 0.21625 0.03 0.0308333
0 0.767083 0.139583 0.0308333 0.0341667
0 0.808333 0.195 0.0366667 0.0383333
0 0.929583 0.12125 0.0325 0.0358333
0 0.189167 0.439583 0.025 0.0275
0 0.747083 0.669167 0.0341667 0.0366667
0 0.87375 0.855417 0.0358333 0.0375
0 0.674167 0.945833 0.035 0.0366667
0 0.264583 0.577083 0.0308333 0.0341667
0 0.576667 0.26875 0.0333333 0.0358333
0 0.337917 0.0920833 0.0358333 0.0375
0 0.4175 0.59375 0.0383333 0.0391667
0 0.11 0.147083 0.0316667 0.0358333
0 0.035 0.13 0.0366667 0.0383333
0 0.65875 0.280417 0.0291667 0.0325
0 0.0470833 0.229167 0.0325 0.0333333
0 0.962917 0.8625 0.0341667 0.0383333
0 0.495417 0.0516667 0.0358333 0.0383333
0 0.470833 0.984583 0.0333333 0.0308333
0 0.785 0.984167 0.0316667 0.0283333
0 0.592917 0.221667 0.0325 0.0333333
0 0.494583 0.140417 0.0358333 0.0391667
0 0.6925 0.850417 0.0316667 0.0341667
0 0.806667 0.301667 0.035 0.0366667
0 0.1975 0.785 0.0333333 0.035
0 0.492917 0.389167 0.0325 0.0333333
0 0.204167 0.594583 0.03 0.0308333
0 0.0495833 0.6725 0.0341667 0.0366667
0 0.615 0.460417 0.0333333 0.0358333
0 0.71375 0.895 0.0325 0.035
0 0.20625 0.0225 0.0341667 0.0383333
