0 0.794167 0.210833 0.0333333 0.0366667
0 0.265 0.3675 0.04 0.0466667
0 0.990417 0.314583 0.0191667 0.0358333
0 0.496667 0.205 0.0416667 0.0516667
0 0.951667 0.0129167 0.04 0.0241667
0 0.995 0.0429167 0.01 0.0308333
0 0.71625 0.49125 0.0441667 0.0458333
0 0.839167 0.80625 0.03 0.0358333
0 0.454167 0.20625 0.0333333 0.0375
0 0.211667 0.361667 0.0416667 0.0416667
0 0.7775 0.713333 0.0466667 0.05
0 0.669583 0.490833 0.0441667 0.0466667
0 0.6475 0.374167 0.0316667 0.035
0 0.713333 0.0458333 0.0416667 0.045
0 0.930417 0.13625 0.0391667 0.0425
0 0.412083 0.903333 0.0441667 0.0416667
0 0.922917 0.700417 0.0375 0.0441667
0 0.00791667 0.8475 0.0158333 0.0316667
0 0.2 0.44 0.0416667 0.045
0 0.804583 0.992083 0.0308333 0.0158333
0 0.781667 0.36375 0.0316667 0.0341667
0 0.11875 0.744167 0.0425 0.045
0 0.708333 0.41875 0.04 0.0458333
0 0.527917 0.145417 0.0375 0.0425
0 0.2475 0.979167 0.04 0.0383333
0 0.759167 0.824583 0.04 0.0508333
0 0.0266667 0.740417 0.0383333 0.0441667
0 0.680417 0.145417 0.0391667 0.0458333
0 0.353333 0.820417 0.035 0.0391667
0 0.640833 0.342083 0.0316667 0.0358333
0 0.93875 0.556667 0.0408333 0.0433333
0 0.14125 0.677083 0.0325 0.0358333
0 0.6675 0.716667 0.035 0.04
0 0.384583 0.73375 0.0391667 0.0458333
0 0.772917 0.227917 0.0325 0.0358333
0 0.700417 0.5725 0.0441667 0.0466667
0 0.54125 0.985417 0.0341667 0.0291667
0 0.427083 0.78 0.0308333 0.0333333
0 0.0270833 0.0733333 0.0341667 0.0416667
0 0.90125 0.3475 0.0358333 0.0383333
0 0.780833 0.563333 0.04 0.0416667
0 0.11125 0.849583 0.0375 0.0425
0 0.8725 0.184167 0.0383333 0.0416667
0 0.436667 0.57875 0.03 0.0325
0 0.681667 0.842083 0.04 0.0458333
0 0.657917 0.423333 0.0425 0.0466667
0 0.765417 0.313333 0.0375 0.045
0 0.950417 0.387083 0.0408333 0.0475
0 0.633333 0.875417 0.04 0.0425
0 0.3975 0.540417 0.0416667 0.0425
0 0.256667 0.8475 0.035 0.0366667
0 0.8275 0.526667 0.0383333 0.0433333
0 0.739167 0.3725 0.0383333 0.0416667
0 0.353333 0.882083 0.04 0.0441667
0 0.293333 0.585 0.04 0.045
0 0.551667 0.055 0.035 0.04
0 0.810417 0.609583 0.0308333 0.0325
0 0.605833 0.541667 0.035 0.04
0 0.01 0.80875 0.02 0.0275
0 0.875833 0.0670833 0.0383333 0.0408333
0 0.075 0.650417 0.04 0.0441667
0 0.864167 0.875833 0.0383333 0.045
0 0.27875 0.745 0.0375 0.04
0 0.620417 0.915417 0.0341667 0.0358333
0 0.691667 0.367917 0.0333333 0.0341667
0 0.873333 0.666667 0.03 0.0316667
0 0.796667 0.338333 0.0366667 0.0416667
0 0.979583 0.789167 0.0358333 0.0383333
0 0.739167 0.672083 0.035 0.0391667
0 0.89875 0.225417 0.0375 0.0425
0 0.177083 0.942083 0.0358333 0.0391667
0 0.0825 0.695417 0.0366667 0.0425
0 0.142917 0.793333 0.0375 0.0383333
0 0.121667 0.467083 0.0383333 0.0425
0 0.12125 0.0391667 0.0341667 0.0383333
0 0.460833 0.979583 0.0366667 0.0375
0 0.719583 0.977917 0.0408333 0.0391667
0 0.639167 0.173333 0.0383333 0.0416667
0 0.5925 0.188333 0.0366667 0.0416667
0 0.988333 0.406667 0.0216667 0.0416667
0 0.3 0.985833 0.0383333 0.0283333
0 0.40625 0.429167 0.0375 0.045
0 0.982083 0.252917 0.0341667 0.0408333
0 0.8175 0.89875 0.0333333 0.0375
0 0.660833 0.975 0.04 0.04
0 0.01 0.64375 0.02 0.0391667
0 0.14375 0.519583 0.0375 0.0408333
0 0.960417 0.891667 0.0408333 0.0433333
0 0.176667 0.0129167 0.03 0.0258333
0 0.2125 0.0258333 0.03 0.0316667
0 0.595417 0.309167 0.0358333 0.0383333
0 0.905833 0.286667 0.0316667 0.0366667
0 0.430417 0.356667 0.0391667 0.04
0 0.521667 0.299167 0.0366667 0.045
0 0.305833 0.68125 0.0333333 0.0391667
0 0.685833 0.0991667 0.0383333 0.0416667
0 0.572083 0.664583 0.0391667 0.0475
0 0.763333 0.424167 0.0366667 0.0416667
0 0.493333 0.535833 0.0366667 0.0433333
0 0.08 0.0379167 0.0333333 0.0358333
0 0.5975 0.43 0.0333333 0.0366667
0 0.276667 0.900833 0.035 0.0366667
0 0.517083 0.4975 0.0375 0.045
0 0.558333 0.56125 0.035 0.0408333
0 0.406667 0.1875 0.0333333 0.0366667
0 0.190417 0.8125 0.0341667 0.0383333
0 0.627917 0.06375 0.0358333 0.0375
0 0.54875 0.210417 0.0375 0.0408333
0 0.801667 0.974583 0.0316667 0.0325
0 0.837083 0.150833 0.0375 0.0416667
0 0.314167 0.349167 0.0366667 0.0416667
0 0.339583 0.581667 0.0408333 0.0416667
0 0.45125 0.6775 0.0358333 0.0366667
0 0.351667 0.448333 0.0366667 0.04
0 0.0483333 0.156667 0.0333333 0.035
0 0.51875 0.839583 0.0341667 0.0358333
0 0.480833 0.9475 0.035 0.035
0 0.957083 0.203333 0.0358333 0.0383333
0 0.17875 0.884583 0.0325 0.0358333
0 0.952083 0.0879167 0.0341667 0.0375
0 0.91875 0.167917 0.0358333 0.0391667
0 0.33875 0.699583 0.0408333 0.0408333
0 0.8825 0.55375 0.0333333 0.0375
0 0.417917 0.311667 0.0358333 0.0433333
0 0.988333 0.677917 0.0233333 0.0341667
0 0.0158333 0.579167 0.0316667 0.0383333
0 0.321667 0.957083 0.0333333 0.0341667
0 0.774167 0.640833 0.0366667 0.0416667
0 0.987083 0.532917 0.0258333 0.0375
0 0.949583 0.475833 0.0325 0.035
0 0.824583 0.0366667 0.0341667 0.0366667
0 0.0958333 0.5275 0.035 0.04
0 0.2175 0.532083 0.0366667 0.0375
0 0.51 0.58125 0.04 0.0425
0 0.818333 0.0945833 0.0366667 0.0408333
0 0.7825 0.0895833 0.0383333 0.0408333
0 0.625833 0.657917 0.0366667 0.0391667
0 0.71875 0.63875 0.0375 0.0391667
0 0.449167 0.239167 0.0366667 0.0383333
0 0.367917 0.979583 0.0358333 0.0391667
0 0.137917 0.586667 0.0325 0.035
0 0.165 0.647083 0.0316667 0.0358333
0 0.6825 0.537083 0.0366667 0.0408333
0 0.841667 0.422917 0.035 0.0391667
0 0.867083 0.493333 0.0391667 0.045
0 0.52 0.356667 0.0383333 0.0416667
0 0.0195833 0.696667 0.0341667 0.0366667
0 0.940833 0.75375 0.035 0.0391667
0 0.2525 0.458333 0.0333333 0.0333333
0 0.482917 0.10875 0.0308333 0.0325
0 0.930833 0.831667 0.0333333 0.0366667
0 0.934167 0.288333 0.035 0.0383333
0 0.4825 0.648333 0.035 0.0366667
0 0.41125 0.488333 0.0325 0.035
0 0.85625 0.256667 0.0358333 0.0383333
0 0.668333 0.776667 0.035 0.0366667
0 0.4875 0.452917 0.035 0.0375
0 0.2975 0.785417 0.0333333 0.0375
0 0.954167 0.615833 0.0316667 0.0333333
0 0.786667 0.94125 0.035 0.0375
0 0.653333 0.619583 0.0366667 0.0391667
0 0.255417 0.665417 0.0341667 0.0375
0 0.760417 0.536667 0.0341667 0.0383333
0 0.19 0.69875 0.035 0.0375
0 0.564167 0.835 0.0366667 0.04
0 0.751667 0.215417 0.03 0.0308333
0 0.692917 0.905417 0.0358333 0.0391667
0 0.850417 0.372083 0.0358333 0.0391667
0 0.494583 0.709167 0.0375 0.04
0 0.60875 0.80625 0.0325 0.0358333
0 0.5425 0.90625 0.035 0.0358333
0 0.0854167 0.601667 0.0325 0.0366667
0 0.904167 0.45625 0.035 0.0408333
0 0.689167 0.669167 0.0366667 0.0383333
0 0.613333 0.115 0.0333333 0.035
0 0.716667 0.245417 0.035 0.0375
0 0.855417 0.32625 0.0358333 0.0391667
0 0.604583 0.717083 0.0358333 0.0391667
0 0.324583 0.525833 0.0341667 0.0366667
0 0.127083 0.988333 0.0308333 0.0216667
0 0.605833 0.759167 0.0333333 0.0366667
0 0.583333 0.35625 0.035 0.0375
0 0.721667 0.285833 0.0333333 0.035
0 0.832917 0.6325 0.0308333 0.0333333
0 0.859583 0.7575 0.0341667 0.0383333
0 0.249583 0.575417 0.0341667 0.0358333
0 0.82125 0.48 0.0341667 0.0383333
0 0.0204167 0.88 0.0341667 0.035
0 0.834167 0.20375 0.035 0.0375
0 0.427083 0.640417 0.0325 0.0375
0 0.667083 0.320833 0.0325 0.035
0 0.310833 0.48 0.035 0.0366667
0 0.907917 0.405833 0.0341667 0.0366667
0 0.0858333 0.965833 0.0316667 0.0333333
