0 0.76625 0.60625 0.0408333 0.0458333
0 0.474583 0.947083 0.0425 0.0441667
0 0.950833 0.630417 0.0416667 0.0458333
0 0.858333 0.797917 0.045 0.0441667
0 0.94625 0.693333 0.0425 0.0483333
0 0.150417 0.714583 0.0408333 0.0425
0 0.259167 0.438333 0.05 0.0583333
0 0.367083 0.95 0.0358333 0.045
0 0.0958333 0.18375 0.045 0.0425
0 0.220417 0.553333 0.0425 0.045
0 0.579583 0.694167 0.0391667 0.0416667
0 0.762083 0.74 0.0391667 0.0466667
0 0.0854167 0.269583 0.0391667 0.0491667
0 0.101667 0.321667 0.04 0.0466667
0 0.8775 0.0158333 0.0316667 0.03
0 0.915833 0.502917 0.04 0.0408333
0 0.43875 0.172917 0.0391667 0.0508333
0 0.73875 0.96875 0.0391667 0.0391667
0 0.34875 0.275417 0.0341667 0.0375
0 0.8675 0.685833 0.045 0.0483333
0 0.99 0.696667 0.02 0.0416667
0 0.00833333 0.535 0.0166667 0.0366667
0 0.724167 0.72 0.0383333 0.0433333
0 0.961667 0.56375 0.0383333 0.0391667
0 0.549583 0.933333 0.0375 0.0416667
0 0.02625 0.645 0.0408333 0.0433333
0 0.662083 0.7775 0.0425 0.0466667
0 0.877083 0.843333 0.0391667 0.04
0 0.95125 0.76875 0.0458333 0.0491667
0 0.0525 0.675 0.0316667 0.035
0 0.0370833 0.584167 0.0441667 0.045
0 0.649583 0.897917 0.0425 0.0491667
0 0.904583 0.16875 0.0325 0.0341667
0 0.05125 0.700417 0.0275 0.0308333
0 0.6125 0.777917 0.0333333 0.0358333
0 0.47 0.065 0.0383333 0.0433333
0 0.167917 0.04125 0.0391667 0.0425
0 0.840417 0.18375 0.0408333 0.0458333
0 0.990417 0.85125 0.0191667 0.0391667
0 0.101667 0.671667 0.0383333 0.0416667
0 0.626667 0.714167 0.0416667 0.0433333
0 0.0333333 0.497083 0.0333333 0.0325
0 0.634583 0.00791667 0.0291667 0.0158333
0 0.0704167 0.804583 0.0358333 0.0375
0 0.315417 0.495417 0.0391667 0.0441667
0 0.175833 0.10125 0.0383333 0.0391667
0 0.519167 0.727917 0.035 0.0375
0 0.264583 0.98625 0.0308333 0.0275
0 0.985417 0.902083 0.0258333 0.0325
0 0.177917 0.5025 0.0391667 0.045
0 0.305833 0.125 0.0416667 0.0466667
0 0.940833 0.976667 0.04 0.0433333
0 0.91875 0.795 0.0375 0.045
0 0.638333 0.107917 0.0333333 0.0358333
0 0.247083 0.611667 0.0391667 0.045
0 0.793333 0.66375 0.04 0.0441667
0 0.00791667 0.680833 0.0158333 0.0333333
0 0.0141667 0.0395833 0.0283333 0.0391667
0 0.222917 0.171667 0.0391667 0.0433333
0 0.283333 0.170833 0.0316667 0.0333333
0 0.841667 0.11125 0.0366667 0.0391667
0 0.898333 0.194167 0.0316667 0.0316667
0 0.774583 0.160833 0.0341667 0.0383333
0 0.884583 0.0433333 0.0375 0.0416667
0 0.429167 0.240833 0.0383333 0.045
0 0.625833 0.2525 0.04 0.0433333
0 0.2175 0.03125 0.0383333 0.0425
0 0.720417 0.804167 0.0391667 0.0433333
0 0.860417 0.752917 0.0425 0.0458333
0 0.8775 0.620417 0.0366667 0.0425
0 0.0995833 0.491667 0.0358333 0.04
0 0.9925 0.943333 0.015 0.0333333
0 0.0475 0.0216667 0.0283333 0.03
0 0.123333 0.09875 0.0316667 0.0341667
0 0.0116667 0.114583 0.0233333 0.0375
0 0.389167 0.0358333 0.0283333 0.0316667
0 0.29875 0.415 0.0358333 0.04
0 0.00875 0.40875 0.0175 0.0375
0 0.735833 0.8425 0.035 0.0366667
0 0.1425 0.30875 0.0333333 0.0375
0 0.265833 0.489583 0.0383333 0.0408333
0 0.105833 0.415833 0.035 0.0366667
0 0.381667 0.0816667 0.035 0.04
0 0.23875 0.360417 0.0308333 0.0341667
0 0.225 0.698333 0.0333333 0.0366667
0 0.0483333 0.173333 0.0366667 0.0383333
0 0.8675 0.888333 0.0366667 0.045
0 0.35625 0.197083 0.0391667 0.0408333
0 0.15125 0.266667 0.0308333 0.035
0 0.379167 0.98625 0.0316667 0.0258333
0 0.831667 0.938333 0.0366667 0.04
0 0.729583 0.342917 0.0375 0.0425
0 0.37 0.370833 0.0383333 0.0383333
0 0.182917 0.384583 0.0391667 0.0391667
0 0.789167 0.624167 0.0366667 0.0383333
0 0.0304167 0.134167 0.0358333 0.0383333
0 0.0808333 0.748333 0.035 0.0383333
0 0.400833 0.150833 0.0366667 0.0433333
0 0.310417 0.534167 0.0375 0.0416667
0 0.168333 0.600417 0.035 0.0391667
0 0.0366667 0.328333 0.035 0.0366667
0 0.564167 0.10125 0.0366667 0.0408333
0 0.59625 0.96125 0.0375 0.0391667
0 0.529167 0.1075 0.0316667 0.0333333
0 0.712917 0.09875 0.0341667 0.0408333
0 0.487917 0.02375 0.0341667 0.0341667
0 0.361667 0.315833 0.0366667 0.0383333
0 0.53375 0.266667 0.0341667 0.0366667
0 0.187083 0.1925 0.0375 0.04
0 0.7075 0.229167 0.035 0.0366667
0 0.128333 0.24625 0.035 0.0375
0 0.685417 0.883333 0.0358333 0.0383333
0 0.753333 0.0379167 0.0333333 0.0358333
0 0.668333 0.303333 0.0316667 0.035
0 0.346667 0.475833 0.0366667 0.0416667
0 0.161667 0.527917 0.0316667 0.0325
0 0.62125 0.42 0.0325 0.035
0 0.794583 0.0541667 0.0341667 0.0366667
0 0.423333 0.904167 0.03 0.0316667
0 0.427083 0.05125 0.0358333 0.0391667
0 0.589583 0.31625 0.0325 0.0358333
0 0.51125 0.3125 0.0375 0.0383333
0 0.1 0.0170833 0.0333333 0.0341667
0 0.0166667 0.8025 0.0333333 0.0383333
0 0.82875 0.713333 0.0341667 0.0366667
0 0.659167 0.349167 0.0366667 0.0383333
0 0.90625 0.671667 0.0375 0.04
0 0.0954167 0.0925 0.0325 0.035
0 0.965 0.102917 0.0333333 0.0358333
0 0.3 0.374167 0.035 0.0366667
0 0.386667 0.535833 0.035 0.0383333
0 0.3925 0.266667 0.0316667 0.035
0 0.31375 0.0329167 0.0325 0.0358333
0 0.467917 0.48125 0.0358333 0.0375
0 0.693333 0.0208333 0.035 0.0383333
0 0.429167 0.40625 0.0333333 0.0375
0 0.9275 0.107917 0.0316667 0.0341667
0 0.57375 0.379583 0.0341667 0.0358333
