0 0.26625 0.36125 0.0475 0.0491667
0 0.0633333 0.995417 0.0283333 0.00916667
0 0.63625 0.0266667 0.0408333 0.045
0 0.99 0.580417 0.0183333 0.0341667
0 0.88875 0.0691667 0.0475 0.055
0 0.59375 0.809167 0.0458333 0.05
0 0.86125 0.464583 0.0441667 0.0541667
0 0.74125 0.76125 0.0458333 0.0458333
0 0.44625 0.994167 0.0308333 0.0116667
0 0.374583 0.172083 0.0391667 0.0441667
0 0.919583 0.179583 0.0341667 0.0408333
0 0.661667 0.659167 0.0316667 0.035
0 0.960417 0.322917 0.0391667 0.0525
0 0.353333 0.80625 0.0416667 0.0508333
0 0.8425 0.1775 0.045 0.05
0 0.9875 0.0270833 0.025 0.0358333
0 0.882917 0.904583 0.0458333 0.0458333
0 0.542917 0.349167 0.0425 0.045
0 0.0316667 0.635 0.03 0.0333333
0 0.50875 0.802917 0.0408333 0.0425
0 0.224167 0.487917 0.045 0.0475
0 0.16875 0.9725 0.0325 0.035
0 0.62625 0.3075 0.0425 0.05
0 0.0191667 0.485417 0.0366667 0.0458333
0 0.79875 0.0733333 0.0391667 0.0483333
0 0.04125 0.423333 0.0425 0.0483333
0 0.41375 0.713333 0.0325 0.035
0 0.423333 0.429167 0.045 0.0483333
0 0.994167 0.702083 0.0116667 0.0308333
0 0.992083 0.555 0.0141667 0.035
0 0.887917 0.694167 0.0375 0.0416667
0 0.804167 0.620833 0.045 0.045
0 0.781667 0.823333 0.0366667 0.0433333
0 0.7925 0.40625 0.0333333 0.0325
0 0.0104167 0.697917 0.0208333 0.0391667
0 0.4325 0.17875 0.0433333 0.0458333
0 0.86875 0.520833 0.0425 0.0433333
0 0.1875 0.890833 0.0416667 0.045
0 0.3 0.688333 0.045 0.0466667
0 0.7725 0.490833 0.04 0.0466667
0 0.200417 0.317083 0.0375 0.0391667
0 0.492083 0.169583 0.0375 0.0391667
0 0.349583 0.956667 0.0358333 0.045
0 0.5175 0.0454167 0.035 0.0375
0 0.708333 0.39 0.0366667 0.0466667
0 0.147083 0.574167 0.0408333 0.0433333
0 0.882083 0.264583 0.0441667 0.0458333
0 0.640417 0.5775 0.0391667 0.0416667
0 0.322917 0.555417 0.0375 0.0425
0 0.26625 0.608333 0.0308333 0.0333333
0 0.239167 0.988333 0.03 0.0216667
0 0.564583 0.0404167 0.0391667 0.0441667
0 0.75875 0.301667 0.0375 0.0416667
0 0.61875 0.344583 0.0375 0.0441667
0 0.114583 0.449167 0.0325 0.0366667
0 0.470417 0.869167 0.0358333 0.0416667
0 0.886667 0.146667 0.0416667 0.045
0 0.1025 0.40625 0.035 0.0375
0 0.965 0.0679167 0.0416667 0.0441667
0 0.335417 0.385417 0.0425 0.0458333
0 0.57625 0.609167 0.0375 0.0433333
0 0.2125 0.791667 0.035 0.0383333
0 0.647917 0.7875 0.0391667 0.0416667
0 0.784167 0.0158333 0.0333333 0.03
0 0.424583 0.95 0.0341667 0.0416667
0 0.01125 0.8525 0.0225 0.0416667
0 0.0875 0.578333 0.0383333 0.0433333
0 0.51125 0.223333 0.0391667 0.0433333
0 0.5625 0.430417 0.0383333 0.0441667
0 0.1425 0.514167 0.04 0.0416667
0 0.5825 0.12 0.04 0.045
0 0.435 0.48875 0.0383333 0.0425
0 0.324167 0.877083 0.0366667 0.0458333
0 0.957917 0.37375 0.0425 0.0475
0 0.44875 0.31375 0.0375 0.0391667
0 0.528333 0.5925 0.0366667 0.0416667
0 0.774583 0.1775 0.0391667 0.0433333
0 0.564167 0.50125 0.04 0.0425
0 0.70375 0.0866667 0.0375 0.0466667
0 0.503333 0.468333 0.04 0.04
0 0.684583 0.30375 0.0358333 0.0408333
0 0.890417 0.66125 0.0325 0.0375
0 0.0616667 0.883333 0.0383333 0.0416667
0 0.304167 0.64125 0.0366667 0.0391667
0 0.323333 0.735 0.0366667 0.0433333
0 0.6025 0.429583 0.0366667 0.0425
0 0.968333 0.193333 0.0366667 0.0416667
0 0.642083 0.47875 0.0391667 0.0441667
0 0.204167 0.614167 0.0366667 0.04
0 0.574167 0.27125 0.0366667 0.0425
0 0.13 0.791667 0.03 0.0333333
0 0.860417 0.0316667 0.0341667 0.0383333
0 0.988333 0.87 0.0233333 0.04
0 0.25875 0.304167 0.0391667 0.0416667
0 0.846667 0.622083 0.0383333 0.0425
0 0.752083 0.558333 0.0375 0.0433333
0 0.514167 0.675833 0.0366667 0.0383333
0 0.400833 0.662917 0.0366667 0.0408333
0 0.775 0.123333 0.0416667 0.045
0 0.533333 0.735417 0.0366667 0.0408333
0 0.110833 0.687917 0.0366667 0.0408333
0 0.0320833 0.55625 0.0391667 0.0425
0 0.2325 0.929583 0.035 0.0375
0 0.496667 0.349167 0.0366667 0.0433333
0 0.7175 0.153333 0.0366667 0.04
0 0.397917 0.910417 0.0358333 0.0391667
0 0.478333 0.273333 0.0366667 0.04
0 0.727083 0.725417 0.0358333 0.0408333
0 0.00791667 0.946667 0.0158333 0.0333333
0 0.635417 0.876667 0.0375 0.0416667
0 0.135417 0.975 0.0358333 0.0383333
0 0.739167 0.22 0.0383333 0.0416667
0 0.695833 0.966667 0.0366667 0.0383333
0 0.974167 0.270833 0.0383333 0.0416667
0 0.853333 0.792083 0.04 0.0441667
0 0.8225 0.362917 0.0366667 0.0408333
0 0.0204167 0.0191667 0.0308333 0.0333333
0 0.426667 0.822083 0.0316667 0.0341667
0 0.26875 0.947917 0.0358333 0.0391667
0 0.980417 0.647083 0.0291667 0.0341667
0 0.965417 0.812917 0.0358333 0.0408333
0 0.774583 0.612917 0.0325 0.0358333
0 0.719167 0.635833 0.0366667 0.04
0 0.556667 0.805 0.035 0.0383333
0 0.48125 0.56375 0.0358333 0.0408333
0 0.977917 0.749583 0.0358333 0.0375
0 0.411667 0.76625 0.035 0.0391667
0 0.333333 0.513333 0.0366667 0.0383333
0 0.0725 0.9575 0.035 0.0366667
0 0.04 0.769167 0.0316667 0.0333333
0 0.435417 0.237917 0.0341667 0.0375
0 0.887917 0.7725 0.0341667 0.0383333
0 0.6875 0.44125 0.03 0.0341667
0 0.869583 0.219167 0.0391667 0.0416667
0 0.665 0.51875 0.0366667 0.0391667
0 0.824583 0.142917 0.0358333 0.0391667
0 0.765833 0.682083 0.0333333 0.0375
0 0.869167 0.387083 0.035 0.0358333
0 0.655 0.1425 0.0366667 0.0416667
0 0.715417 0.92 0.0358333 0.04
0 0.528333 0.19125 0.0383333 0.0425
0 0.94125 0.539583 0.0375 0.0408333
0 0.915833 0.73 0.0333333 0.0366667
0 0.915833 0.814167 0.03 0.0333333
0 0.9825 0.942917 0.0283333 0.0308333
0 0.535417 0.126667 0.0358333 0.04
0 0.394167 0.36375 0.0333333 0.0358333
0 0.675 0.840833 0.0333333 0.0366667
0 0.779583 0.97625 0.0308333 0.0341667
0 0.9325 0.65125 0.035 0.0391667
0 0.91625 0.920833 0.0358333 0.0366667
0 0.867917 0.7325 0.0341667 0.0366667
0 0.923333 0.860833 0.035 0.0383333
0 0.626667 0.947917 0.035 0.0375
0 0.795417 0.660833 0.0341667 0.0366667
0 0.83125 0.717917 0.0325 0.0375
