0 0.0675 0.451667 0.0466667 0.0516667
0 0.511667 0.376667 0.0383333 0.0416667
0 0.464167 0.102917 0.0316667 0.0325
0 0.995417 0.483333 0.00916667 0.0333333
0 0.0820833 0.1825 0.0458333 0.0533333
0 0.147083 0.00875 0.0375 0.0175
0 0.739167 0.688333 0.0433333 0.0483333
0 0.1325 0.162917 0.045 0.0458333
0 0.225417 0.679583 0.0375 0.0441667
0 0.566667 0.978333 0.0433333 0.0433333
0 0.31625 0.940417 0.0391667 0.0408333
0 0.263333 0.965417 0.035 0.0375
0 0.724167 0.612917 0.04 0.0391667
0 0.250833 0.903333 0.025 0.0266667
0 0.699167 0.13125 0.0416667 0.0458333
0 0.8825 0.00833333 0.035 0.0166667
0 0.790417 0.645417 0.0358333 0.0458333
0 0.5025 0.0958333 0.035 0.0366667
0 0.375833 0.331667 0.0333333 0.035
0 0.792917 0.84125 0.0375 0.0441667
0 0.468333 0.887917 0.0383333 0.0458333
0 0.11125 0.235 0.0375 0.045
0 0.86625 0.684583 0.0341667 0.0375
0 0.92375 0.89375 0.0341667 0.0358333
0 0.800833 0.715417 0.035 0.0408333
0 0.754167 0.0841667 0.045 0.0483333
0 0.01875 0.1425 0.0358333 0.04
0 0.0820833 0.727083 0.0391667 0.0458333
0 0.99 0.9775 0.02 0.0333333
0 0.248333 0.355833 0.03 0.0316667
0 0.222083 0.32 0.0408333 0.0416667
0 0.01 0.867917 0.02 0.0375
0 0.634583 0.29875 0.0241667 0.0258333
0 0.491667 0.156667 0.0466667 0.0466667
0 0.178333 0.255417 0.04 0.0458333
0 0.372083 0.0325 0.0341667 0.035
0 0.614167 0.0625 0.0333333 0.0366667
0 0.94875 0.140833 0.0408333 0.0416667
0 0.542917 0.726667 0.0391667 0.0416667
0 0.753333 0.0391667 0.0383333 0.04
0 0.103333 0.352917 0.0316667 0.0358333
0 0.207917 0.0283333 0.0391667 0.0433333
0 0.201667 0.522083 0.0366667 0.0375
0 0.139583 0.848333 0.0308333 0.0316667
0 0.0629167 0.262083 0.0375 0.0408333
0 0.272083 0.172083 0.0391667 0.0441667
0 0.754167 0.94 0.0266667 0.03
0 0.545417 0.0895833 0.0375 0.0425
0 0.379583 0.95625 0.0375 0.0441667
0 0.772917 0.00958333 0.0341667 0.0191667
0 0.365833 0.537083 0.0366667 0.0408333
0 0.720833 0.249583 0.0383333 0.0425
0 0.552083 0.0320833 0.0391667 0.0408333
0 0.4875 0.936667 0.035 0.0383333
0 0.490417 0.0345833 0.0358333 0.0358333
0 0.319167 0.0316667 0.035 0.04
0 0.715833 0.78625 0.0366667 0.0441667
0 0.912083 0.832083 0.0391667 0.0458333
0 0.06625 0.134167 0.0358333 0.0383333
0 0.77875 0.78375 0.0425 0.0441667
0 0.44625 0.442083 0.0408333 0.0475
0 0.676667 0.690833 0.0366667 0.0433333
0 0.520417 0.809583 0.0375 0.0441667
0 0.0795833 0.0945833 0.0341667 0.0358333
0 0.8125 0.98625 0.0316667 0.0275
0 0.60375 0.842083 0.0375 0.0425
0 0.944167 0.0633333 0.0333333 0.0366667
0 0.987917 0.564583 0.0225 0.0375
0 0.630417 0.878333 0.0341667 0.0366667
0 0.903333 0.532917 0.035 0.0375
0 0.075 0.035 0.0366667 0.0433333
0 0.69875 0.984583 0.0325 0.0275
0 0.0175 0.27625 0.035 0.0441667
0 0.77 0.187083 0.0366667 0.0391667
0 0.982917 0.83 0.0341667 0.0416667
0 0.9125 0.719583 0.0333333 0.0375
0 0.594583 0.00958333 0.0341667 0.0191667
0 0.8875 0.586667 0.035 0.0416667
0 0.85125 0.0270833 0.0375 0.0391667
0 0.945833 0.01 0.0283333 0.0183333
0 0.180417 0.205417 0.0375 0.0408333
0 0.732917 0.74 0.0308333 0.0316667
0 0.256667 0.124583 0.03 0.0325
0 0.944583 0.484167 0.0341667 0.0366667
0 0.159167 0.345 0.0333333 0.035
0 0.747083 0.145417 0.0341667 0.0375
0 0.035 0.406667 0.0383333 0.045
0 0.0495833 0.221667 0.0341667 0.0366667
0 0.95625 0.955417 0.0325 0.0341667
0 0.353333 0.885 0.0383333 0.0383333
0 0.34375 0.183333 0.0325 0.035
0 0.970417 0.095 0.0375 0.0383333
0 0.64875 0.223333 0.0375 0.04
0 0.857917 0.535833 0.0358333 0.0383333
0 0.8475 0.0983333 0.0316667 0.035
0 0.3125 0.565417 0.035 0.0375
0 0.0125 0.5875 0.025 0.0383333
0 0.531667 0.86 0.0333333 0.035
0 0.26875 0.0925 0.0375 0.04
0 0.0516667 0.6225 0.0366667 0.0366667
0 0.627083 0.201667 0.0358333 0.04
0 0.659167 0.987917 0.0366667 0.0241667
0 0.541667 0.909583 0.035 0.0391667
0 0.0141667 0.700833 0.0283333 0.0383333
0 0.951667 0.618333 0.0366667 0.04
0 0.144583 0.09375 0.0358333 0.0391667
0 0.0445833 0.340417 0.0358333 0.0375
0 0.244583 0.249167 0.0291667 0.0316667
0 0.379167 0.07625 0.0366667 0.0391667
0 0.602083 0.945833 0.0358333 0.04
0 0.3125 0.145 0.035 0.0366667
0 0.882917 0.790417 0.0341667 0.0375
0 0.647917 0.114167 0.0375 0.0383333
0 0.105 0.12875 0.0333333 0.0341667
0 0.846667 0.775 0.0333333 0.0366667
0 0.0175 0.440833 0.035 0.0416667
0 0.633333 0.807917 0.035 0.0375
0 0.826667 0.937083 0.0366667 0.0391667
0 0.12375 0.445833 0.0341667 0.0366667
0 0.650417 0.0216667 0.0358333 0.0416667
0 0.73125 0.922083 0.0325 0.0341667
0 0.884583 0.953333 0.0325 0.035
0 0.299583 0.200417 0.0308333 0.0325
0 0.06125 0.3075 0.0375 0.0366667
0 0.237083 0.6175 0.0358333 0.0383333
0 0.182917 0.400833 0.0375 0.0433333
0 0.015 0.371667 0.03 0.04
0 0.759167 0.989583 0.035 0.0191667
0 0.189583 0.0979167 0.0375 0.0425
0 0.08375 0.654583 0.0341667 0.0391667
0 0.615417 0.235833 0.0325 0.035
0 0.312917 0.369583 0.0341667 0.0375
0 0.19 0.16625 0.035 0.0375
0 0.5625 0.25125 0.035 0.0391667
0 0.8275 0.119167 0.0333333 0.0383333
0 0.813333 0.169583 0.035 0.0375
0 0.272917 0.0504167 0.0358333 0.0408333
0 0.485 0.435833 0.035 0.0366667
0 0.5925 0.0891667 0.035 0.0366667
0 0.576667 0.462083 0.035 0.0375
0 0.16 0.52875 0.035 0.0375
0 0.63 0.745833 0.035 0.0383333
0 0.387083 0.219167 0.0325 0.0366667
0 0.69625 0.852083 0.0341667 0.0358333
0 0.417917 0.417083 0.0325 0.0358333
0 0.754167 0.87 0.035 0.04
0 0.984167 0.673333 0.0283333 0.035
0 0.861667 0.88875 0.035 0.0375
0 0.2525 0.0158333 0.0316667 0.0316667
0 0.44 0.300833 0.035 0.0366667
0 0.980417 0.0166667 0.0308333 0.0316667
0 0.434167 0.335833 0.035 0.0383333
0 0.84875 0.857917 0.0308333 0.0341667
0 0.592083 0.350417 0.0341667 0.0358333
0 0.185 0.6125 0.0333333 0.0366667
0 0.6975 0.0341667 0.035 0.0383333
0 0.477917 0.275417 0.0341667 0.0358333
