0 0.0116667 0.899583 0.0233333 0.0508333
0 0.872083 0.954167 0.0325 0.0366667
0 0.783333 0.604167 0.0333333 0.035
0 0.594167 0.726667 0.035 0.0433333
0 0.362083 0.692083 0.0391667 0.0491667
0 0.15375 0.6325 0.0325 0.035
0 0.477083 0.844583 0.0375 0.0408333
0 0.00625 0.976667 0.0125 0.0316667
0 0.137917 0.31875 0.0458333 0.0475
0 0.0075 0.830417 0.015 0.0341667
0 0.642083 0.893333 0.0375 0.04
0 0.0875 0.924167 0.0333333 0.035
0 0.56 0.754167 0.035 0.0383333
0 0.2675 0.266667 0.0416667 0.05
0 0.58625 0.921667 0.0375 0.0416667
0 0.640417 0.455833 0.0425 0.0533333
0 0.99375 0.429167 0.0125 0.035
0 0.994167 0.2075 0.0116667 0.0333333
0 0.841667 0.136667 0.035 0.04
0 0.4025 0.218333 0.0416667 0.0533333
0 0.816667 0.3425 0.0383333 0.045
0 0.9325 0.705417 0.0383333 0.0441667
0 0.0654167 0.415417 0.0408333 0.0458333
0 0.619167 0.391667 0.0383333 0.0416667
0 0.129167 0.966667 0.0383333 0.0466667
0 0.37125 0.350833 0.0325 0.0383333
0 0.463333 0.872917 0.0416667 0.0508333
0 0.832917 0.6275 0.0425 0.0416667
0 0.00833333 0.56125 0.0166667 0.0341667
0 0.06625 0.77 0.0358333 0.0383333
0 0.359167 0.314583 0.0383333 0.0475
0 0.214583 0.99375 0.0275 0.0125
0 0.89 0.527083 0.04 0.0491667
0 0.745 0.309583 0.0366667 0.0391667
0 0.491667 0.758333 0.04 0.0416667
0 0.955 0.569167 0.03 0.0333333
0 0.215833 0.445 0.0383333 0.0416667
0 0.962917 0.514167 0.0408333 0.0416667
0 0.9175 0.0954167 0.0416667 0.0425
0 0.56375 0.312917 0.0341667 0.0391667
0 0.115 0.25 0.035 0.0383333
0 0.9675 0.40125 0.0333333 0.0358333
0 0.0829167 0.6675 0.0358333 0.0433333
0 0.647917 0.7075 0.0358333 0.0433333
0 0.797917 0.247917 0.0391667 0.0425
0 0.98375 0.359583 0.0325 0.0408333
0 0.809583 0.595 0.0325 0.0333333
0 0.394583 0.660833 0.0391667 0.0416667
0 0.992083 0.544167 0.0158333 0.0333333
0 0.700417 0.10125 0.0358333 0.0408333
0 0.427917 0.62875 0.0391667 0.0425
0 0.505833 0.528333 0.04 0.045
0 0.645 0.264583 0.0366667 0.0408333
0 0.445833 0.24625 0.04 0.0425
0 0.842083 0.697917 0.0391667 0.0391667
0 0.721667 0.74 0.0366667 0.0416667
0 0.25375 0.344167 0.0391667 0.0466667
0 0.20375 0.76875 0.0291667 0.0308333
0 0.3125 0.966667 0.035 0.04
0 0.772083 0.0229167 0.0375 0.0425
0 0.603333 0.06125 0.0366667 0.0425
0 0.4125 0.0295833 0.04 0.0425
0 0.384583 0.909167 0.0391667 0.0416667
0 0.402083 0.0970833 0.0391667 0.0425
0 0.85875 0.276667 0.0391667 0.04
0 0.0154167 0.801667 0.0308333 0.0383333
0 0.330833 0.295417 0.035 0.0391667
0 0.0345833 0.97875 0.0358333 0.0375
0 0.669167 0.2225 0.0383333 0.04
0 0.393333 0.790417 0.035 0.0391667
0 0.866667 0.627917 0.035 0.0375
0 0.3625 0.122083 0.0383333 0.0425
0 0.37 0.51875 0.04 0.0458333
0 0.511667 0.909167 0.035 0.04
0 0.322917 0.594583 0.0341667 0.0358333
0 0.931667 0.315833 0.0383333 0.04
0 0.762917 0.130833 0.0375 0.04
0 0.01875 0.484167 0.0341667 0.0416667
0 0.975833 0.1825 0.0366667 0.0366667
0 0.948333 0.350417 0.0366667 0.0375
0 0.28125 0.950417 0.0341667 0.0358333
0 0.329583 0.36375 0.0325 0.0341667
0 0.172917 0.539583 0.0275 0.0308333
0 0.929583 0.172917 0.0375 0.0408333
0 0.627083 0.14625 0.0375 0.0391667
0 0.76875 0.28625 0.0358333 0.0408333
0 0.814583 0.774583 0.0375 0.0408333
0 0.777917 0.1925 0.0375 0.04
0 0.585417 0.8725 0.0358333 0.0383333
0 0.139167 0.0179167 0.0316667 0.0325
0 0.167083 0.675833 0.0391667 0.0433333
0 0.5275 0.575 0.0383333 0.04
0 0.82125 0.735417 0.0425 0.0458333
0 0.446667 0.737917 0.03 0.0341667
0 0.152083 0.50375 0.0358333 0.0391667
0 0.973333 0.27625 0.03 0.0291667
0 0.475 0.96125 0.03 0.0325
0 0.112083 0.463333 0.0358333 0.04
0 0.2225 0.875 0.0366667 0.0433333
0 0.52375 0.25375 0.0375 0.0391667
0 0.827917 0.40875 0.0375 0.0408333
0 0.206667 0.224583 0.035 0.0375
0 0.555833 0.133333 0.0283333 0.03
0 0.309583 0.528333 0.0391667 0.0433333
0 0.402917 0.737083 0.0358333 0.0391667
0 0.429167 0.34875 0.0383333 0.0425
0 0.432083 0.599583 0.0358333 0.0391667
0 0.755417 0.737917 0.0375 0.0391667
0 0.719167 0.85125 0.035 0.0358333
0 0.449583 0.0633333 0.0325 0.0366667
0 0.837917 0.0220833 0.0358333 0.0391667
0 0.909583 0.0158333 0.0308333 0.03
0 0.461667 0.435417 0.0333333 0.0375
0 0.418333 0.56125 0.035 0.0391667
0 0.617083 0.524167 0.0391667 0.04
0 0.915833 0.38625 0.0366667 0.0391667
0 0.388333 0.185417 0.0333333 0.0358333
0 0.540833 0.06 0.0316667 0.0333333
0 0.0741667 0.50875 0.0316667 0.0325
0 0.985 0.07 0.03 0.0366667
0 0.350833 0.976667 0.0383333 0.04
0 0.369583 0.403333 0.0341667 0.0383333
0 0.96375 0.461667 0.0375 0.04
0 0.536667 0.37875 0.0333333 0.0358333
0 0.564167 0.4925 0.0366667 0.04
0 0.134167 0.79125 0.0333333 0.0358333
0 0.15125 0.409167 0.0341667 0.0366667
0 0.745 0.501667 0.0333333 0.035
0 0.1675 0.7525 0.035 0.0383333
0 0.03375 0.720417 0.0358333 0.0391667
0 0.535 0.98125 0.035 0.0341667
0 0.0429167 0.622917 0.0325 0.0341667
0 0.317917 0.891667 0.0358333 0.04
0 0.511667 0.468333 0.0383333 0.0416667
0 0.822083 0.475 0.0325 0.035
0 0.172083 0.31125 0.0358333 0.0391667
0 0.690833 0.509583 0.0333333 0.0358333
0 0.117917 0.830833 0.0325 0.035
0 0.9275 0.494583 0.0366667 0.0408333
0 0.298333 0.285417 0.0366667 0.0425
0 0.474583 0.346667 0.0358333 0.0366667
0 0.3375 0.45625 0.0333333 0.0358333
0 0.729583 0.0945833 0.0325 0.0341667
0 0.478333 0.1725 0.03 0.0333333
0 0.44875 0.389583 0.0358333 0.0375
0 0.525417 0.687917 0.0308333 0.0325
0 0.135417 0.922917 0.0341667 0.0375
0 0.2975 0.796667 0.0316667 0.0333333
0 0.188333 0.4125 0.0316667 0.0316667
0 0.50625 0.300417 0.0325 0.0358333
0 0.180833 0.866667 0.035 0.04
0 0.159583 0.845 0.0325 0.0366667
0 0.636667 0.22375 0.035 0.0391667
0 0.3825 0.452917 0.035 0.0375
0 0.26125 0.487917 0.0375 0.0391667
0 0.455833 0.796667 0.0333333 0.0366667
0 0.2425 0.5875 0.035 0.0383333
0 0.0575 0.887917 0.035 0.0391667
0 0.545417 0.286667 0.0358333 0.0383333
0 0.324167 0.8125 0.0316667 0.0333333
0 0.41875 0.939167 0.0358333 0.0366667
0 0.885417 0.0770833 0.0341667 0.0408333
0 0.799583 0.507083 0.0341667 0.0375
0 0.27375 0.757083 0.0341667 0.0358333
0 0.0729167 0.834167 0.0341667 0.0366667
0 0.48875 0.208333 0.0325 0.035
0 0.347083 0.8625 0.0358333 0.0383333
0 0.399583 0.2825 0.0358333 0.04
