0 0.0154167 0.924167 0.0291667 0.0316667
0 0.23625 0.89375 0.0341667 0.0375
0 0.402083 0.798333 0.0358333 0.0383333
0 0.920417 0.7475 0.0341667 0.0366667
0 0.741667 0.35125 0.0333333 0.0341667
0 0.215417 0.00666667 0.0275 0.0116667
0 0.265 0.78875 0.0283333 0.0308333
0 0.314167 0.822917 0.0383333 0.0458333
0 0.642917 0.535417 0.0358333 0.0425
0 0.861667 0.3275 0.0266667 0.0283333
0 0.0141667 0.64625 0.0283333 0.0341667
0 0.5125 0.737917 0.0283333 0.0308333
0 0.492917 0.715417 0.0375 0.0391667
0 0.717083 0.576667 0.0358333 0.0383333
0 0.825417 0.0983333 0.0408333 0.0483333
0 0.47125 0.763333 0.0291667 0.0316667
0 0.849167 0.385833 0.0383333 0.04
0 0.26125 0.466667 0.0408333 0.0466667
0 0.235 0.33 0.0383333 0.0433333
0 0.695417 0.04 0.0408333 0.045
0 0.551667 0.536667 0.0366667 0.0366667
0 0.730833 0.886667 0.0333333 0.0333333
0 0.574583 0.846667 0.0358333 0.0366667
0 0.517083 0.836667 0.0341667 0.0333333
0 0.66375 0.83875 0.0358333 0.0408333
0 0.54625 0.67625 0.0308333 0.0341667
0 0.820417 0.7925 0.0375 0.0366667
0 0.8775 0.20625 0.0283333 0.0308333
0 0.842083 0.760417 0.0341667 0.0358333
0 0.859167 0.08625 0.0333333 0.0341667
0 0.196667 0.477083 0.04 0.0458333
0 0.90375 0.535 0.0275 0.0283333
0 0.0379167 0.803333 0.0241667 0.025
0 0.69 0.709167 0.0316667 0.035
0 0.367083 0.487083 0.0308333 0.0325
0 0.2975 0.890833 0.035 0.0416667
0 0.609583 0.143333 0.0375 0.0416667
0 0.330833 0.860417 0.0333333 0.0341667
0 0.760417 0.168333 0.0375 0.04
0 0.313333 0.979583 0.0333333 0.0375
0 0.772917 0.542917 0.0291667 0.0308333
0 0.78875 0.352083 0.0391667 0.0408333
0 0.845833 0.0383333 0.0383333 0.0416667
0 0.313333 0.472083 0.0383333 0.0408333
0 0.654583 0.960833 0.0341667 0.0383333
0 0.930417 0.442917 0.0241667 0.0225
0 0.706667 0.85625 0.03 0.0325
0 0.159167 0.401667 0.0383333 0.0383333
0 0.755417 0.279167 0.0375 0.0416667
0 0.689167 0.63375 0.03 0.0291667
0 0.17125 0.710417 0.0375 0.0408333
0 0.831667 0.204167 0.0366667 0.0383333
0 0.769583 0.689167 0.0241667 0.025
0 0.59125 0.2175 0.0358333 0.0366667
0 0.17375 0.777917 0.0258333 0.0258333
0 0.6425 0.0141667 0.035 0.0283333
0 0.804167 0.585 0.03 0.03
0 0.40875 0.242917 0.0375 0.0391667
0 0.584583 0.641667 0.0375 0.04
0 0.867083 0.709167 0.0291667 0.0333333
0 0.144167 0.583333 0.0333333 0.0366667
0 0.37375 0.332917 0.0375 0.0391667
0 0.866667 0.256667 0.0366667 0.0383333
0 0.646667 0.6975 0.0366667 0.0366667
0 0.443333 0.71375 0.035 0.0375
0 0.959167 0.0329167 0.02 0.0208333
0 0.502917 0.545833 0.0358333 0.035
0 0.15875 0.647083 0.0325 0.0358333
0 0.330417 0.555 0.0341667 0.035
0 0.48375 0.787917 0.0341667 0.0358333
0 0.61375 0.516667 0.0291667 0.03
0 0.912917 0.7125 0.0258333 0.0266667
0 0.659583 0.297083 0.0325 0.0358333
0 0.454583 0.38625 0.0341667 0.0358333
0 0.505417 0.607917 0.0358333 0.0375
0 0.405833 0.635417 0.035 0.0358333
0 0.384583 0.732083 0.0291667 0.0325
0 0.10375 0.8625 0.0358333 0.04
0 0.267917 0.593333 0.0358333 0.0366667
0 0.875 0.750833 0.0366667 0.0383333
0 0.767083 0.0254167 0.0341667 0.0375
0 0.48 0.32375 0.03 0.0325
0 0.490833 0.212917 0.0366667 0.0391667
0 0.652917 0.475833 0.0308333 0.0316667
0 0.8725 0.485417 0.0316667 0.0325
0 0.1175 0.0270833 0.0333333 0.0358333
0 0.636667 0.371667 0.0333333 0.0366667
0 0.42375 0.48875 0.0325 0.0341667
0 0.3875 0.448333 0.0266667 0.025
0 0.408333 0.583333 0.0316667 0.035
0 0.414167 0.295 0.0333333 0.0333333
0 0.542917 0.21 0.0375 0.0366667
0 0.4425 0.509167 0.0333333 0.0333333
0 0.285833 0.423333 0.035 0.0366667
0 0.298333 0.731667 0.0233333 0.0233333
0 0.60125 0.765 0.0275 0.0283333
0 0.633333 0.453333 0.0316667 0.0333333
0 0.962917 0.708333 0.0308333 0.0316667
0 0.360833 0.920833 0.025 0.025
0 0.826667 0.6025 0.03 0.0316667
0 0.357083 0.727917 0.0275 0.0291667
0 0.986667 0.525833 0.0266667 0.0383333
0 0.177917 0.885833 0.0341667 0.035
0 0.539583 0.137917 0.0308333 0.0325
0 0.155 0.0791667 0.0333333 0.035
0 0.0820833 0.704167 0.0341667 0.035
0 0.574583 0.88625 0.0341667 0.0358333
0 0.782083 0.649167 0.0258333 0.0283333
0 0.964583 0.227917 0.0258333 0.0258333
0 0.751667 0.439167 0.0316667 0.0333333
0 0.109167 0.651667 0.0333333 0.035
0 0.722083 0.294583 0.0358333 0.0375
0 0.116667 0.755 0.0333333 0.035
0 0.992083 0.117917 0.0158333 0.0241667
0 0.9125 0.0495833 0.0366667 0.0391667
0 0.618333 0.10625 0.0333333 0.0358333
0 0.69375 0.389583 0.0275 0.0291667
0 0.795417 0.735833 0.0341667 0.0366667
0 0.263333 0.394167 0.0333333 0.035
0 0.928333 0.493333 0.03 0.03
0 0.62375 0.6475 0.0341667 0.0333333
0 0.11 0.55 0.0283333 0.0283333
0 0.644167 0.904583 0.03 0.0308333
0 0.324583 0.38875 0.0325 0.0341667
0 0.236667 0.745417 0.0316667 0.0325
0 0.846667 0.664583 0.0266667 0.0275
0 0.333333 0.695417 0.0333333 0.0341667
0 0.412917 0.399167 0.0308333 0.0333333
0 0.0170833 0.837917 0.0308333 0.0325
0 0.2425 0.94875 0.0333333 0.0358333
0 0.832917 0.284583 0.0291667 0.0291667
0 0.835833 0.81875 0.03 0.0308333
0 0.564583 0.375 0.0275 0.0283333
0 0.900833 0.353333 0.025 0.025
0 0.520417 0.947083 0.0275 0.0308333
0 0.927917 0.649583 0.0308333 0.0325
0 0.550417 0.599583 0.0325 0.0325
0 0.29875 0.522917 0.0275 0.0291667
0 0.943333 0.0916667 0.0333333 0.0333333
0 0.775417 0.7975 0.0308333 0.0316667
0 0.56375 0.315 0.0308333 0.0316667
0 0.825 0.415 0.03 0.03
0 0.332917 0.435417 0.0341667 0.0358333
0 0.495417 0.386667 0.0308333 0.0316667
0 0.97 0.3575 0.0266667 0.0266667
0 0.313333 0.759167 0.03 0.03
0 0.872083 0.599167 0.0325 0.0333333
0 0.317917 0.327917 0.0308333 0.0308333
0 0.634583 0.200833 0.0308333 0.0316667
0 0.591667 0.681667 0.03 0.0316667
0 0.806667 0.4625 0.03 0.0316667
0 0.8075 0.523333 0.0283333 0.03
0 0.8925 0.405 0.0316667 0.0333333
0 0.56875 0.45625 0.0308333 0.0308333
0 0.8675 0.164167 0.0316667 0.0333333
0 0.148333 0.522917 0.0316667 0.0341667
0 0.524583 0.2975 0.0275 0.0266667
0 0.0508333 0.530833 0.0266667 0.0283333
0 0.23125 0.610417 0.0291667 0.0308333
0 0.5175 0.470833 0.03 0.0283333
0 0.735833 0.510417 0.03 0.0308333
0 0.539583 0.774583 0.0258333 0.0275
0 0.783333 0.20875 0.0316667 0.0325
0 0.640833 0.597917 0.0316667 0.0325
0 0.0554167 0.585 0.0325 0.0316667
0 0.92375 0.124583 0.0308333 0.0325
0 0.589167 0.177083 0.0333333 0.0341667
0 0.03 0.0116667 0.0266667 0.0233333
