0 0.2875 0.446667 0.035 0.0383333
0 0.890833 0.771667 0.0416667 0.0483333
0 0.353333 0.312917 0.025 0.0241667
0 0.795 0.102083 0.04 0.0425
0 0.51625 0.530417 0.0375 0.0375
0 0.191667 0.97625 0.0416667 0.0408333
0 0.14125 0.19375 0.0275 0.0291667
0 0.27625 0.19625 0.0275 0.0308333
0 0.842083 0.124167 0.0325 0.0366667
0 0.05125 0.255 0.0358333 0.0366667
0 0.3425 0.18875 0.0333333 0.0391667
0 0.00666667 0.284583 0.0133333 0.0241667
0 0.0520833 0.0104167 0.0325 0.0208333
0 0.645 0.904583 0.0333333 0.0341667
0 0.52625 0.713333 0.0308333 0.0333333
0 0.469167 0.77625 0.0266667 0.0291667
0 0.14875 0.955 0.0375 0.04
0 0.610833 0.28625 0.0383333 0.0408333
0 0.267083 0.940833 0.0408333 0.0433333
0 0.180417 0.315417 0.0291667 0.0308333
0 0.465833 0.00916667 0.0333333 0.0183333
0 0.315 0.232083 0.0283333 0.0308333
0 0.1225 0.66125 0.0383333 0.0408333
0 0.59875 0.9025 0.0358333 0.0383333
0 0.7775 0.568333 0.035 0.035
0 0.97125 0.38875 0.0375 0.0425
0 0.502917 0.980833 0.0358333 0.0366667
0 0.0379167 0.09125 0.0308333 0.0325
0 0.634167 0.760833 0.0383333 0.04
0 0.16375 0.174583 0.0291667 0.0308333
0 0.882917 0.673333 0.0391667 0.045
0 0.91375 0.03375 0.0341667 0.0358333
0 0.423333 0.745417 0.035 0.0358333
0 0.479167 0.930417 0.035 0.0375
0 0.884167 0.45375 0.0366667 0.0408333
0 0.70125 0.620417 0.0391667 0.0425
0 0.567917 0.680833 0.0341667 0.0333333
0 0.177917 0.396667 0.0341667 0.0383333
0 0.3975 0.357917 0.0333333 0.0358333
0 0.8075 0.150833 0.0233333 0.025
0 0.672083 0.0425 0.0308333 0.0316667
0 0.0870833 0.187917 0.0308333 0.0341667
0 0.2475 0.4275 0.0333333 0.035
0 0.0766667 0.398333 0.04 0.0483333
0 0.4025 0.485417 0.0333333 0.0341667
0 0.8 0.84375 0.0366667 0.0408333
0 0.25 0.310833 0.0233333 0.0233333
0 0.535 0.115833 0.0283333 0.03
0 0.674167 0.0795833 0.035 0.0358333
0 0.85125 0.490417 0.0391667 0.0375
0 0.639583 0.874167 0.0358333 0.0366667
0 0.875 0.718333 0.0366667 0.0433333
0 0.620833 0.6775 0.035 0.0366667
0 0.914583 0.97125 0.0325 0.0358333
0 0.772083 0.20375 0.0358333 0.0391667
0 0.951667 0.977917 0.035 0.0341667
0 0.285 0.0833333 0.0333333 0.035
0 0.756667 0.12375 0.0316667 0.0325
0 0.47 0.206667 0.0333333 0.035
0 0.564167 0.229167 0.0316667 0.035
0 0.587917 0.740417 0.0308333 0.0308333
0 0.710833 0.473333 0.0366667 0.0383333
0 0.990417 0.589167 0.0175 0.035
0 0.875 0.0229167 0.0366667 0.0425
0 0.554583 0.80125 0.0308333 0.0308333
0 0.200833 0.44875 0.03 0.0341667
0 0.505417 0.105 0.0308333 0.0333333
0 0.530833 0.619583 0.035 0.0358333
0 0.813333 0.981667 0.035 0.035
0 0.64625 0.16125 0.0225 0.0225
0 0.942917 0.82625 0.0358333 0.0391667
0 0.400833 0.293333 0.03 0.0316667
0 0.354583 0.0158333 0.0308333 0.0316667
0 0.140833 0.40125 0.035 0.0375
0 0.217083 0.0570833 0.0275 0.0275
0 0.874583 0.96 0.0358333 0.0383333
0 0.126667 0.495833 0.0316667 0.0366667
0 0.419583 0.820417 0.0275 0.0291667
0 0.523333 0.780833 0.0366667 0.04
0 0.07375 0.487083 0.0358333 0.0375
0 0.543333 0.93125 0.0316667 0.0325
0 0.499167 0.675833 0.03 0.03
0 0.73 0.858333 0.035 0.0333333
0 0.6225 0.81625 0.0366667 0.0375
0 0.40375 0.779167 0.0341667 0.0366667
0 0.514583 0.914167 0.0325 0.0316667
0 0.519583 0.147083 0.0325 0.0341667
0 0.821667 0.0254167 0.0283333 0.0308333
0 0.56 0.852083 0.0333333 0.0341667
0 0.621667 0.98625 0.0333333 0.0275
0 0.78125 0.4675 0.0325 0.035
0 0.88 0.84375 0.0366667 0.0375
0 0.580417 0.205 0.0291667 0.0316667
0 0.210833 0.350833 0.0366667 0.0383333
0 0.147917 0.0958333 0.0325 0.0316667
0 0.783333 0.7825 0.03 0.0316667
0 0.900417 0.623333 0.0358333 0.04
0 0.3975 0.0983333 0.0316667 0.0316667
0 0.09625 0.045 0.0308333 0.0333333
0 0.425417 0.98875 0.0308333 0.0225
0 0.63 0.6225 0.035 0.0383333
0 0.29375 0.149167 0.0291667 0.03
0 0.360833 0.13 0.0333333 0.0333333
0 0.2025 0.28 0.0333333 0.0366667
0 0.4975 0.314167 0.03 0.03
0 0.530417 0.285833 0.0325 0.0333333
0 0.14625 0.260833 0.0225 0.025
0 0.958333 0.629583 0.0333333 0.0341667
0 0.762917 0.69125 0.0341667 0.0358333
0 0.45375 0.07 0.0325 0.035
0 0.689583 0.7775 0.0325 0.035
0 0.415417 0.03125 0.0308333 0.0291667
0 0.933333 0.700833 0.0333333 0.035
0 0.212083 0.187917 0.0258333 0.0275
0 0.24 0.489583 0.03 0.0308333
0 0.729167 0.0941667 0.0333333 0.035
0 0.237083 0.222917 0.0325 0.0341667
0 0.947917 0.0941667 0.0308333 0.0316667
0 0.32625 0.988333 0.0358333 0.0233333
0 0.155417 0.0504167 0.0308333 0.0325
0 0.270417 0.252917 0.0258333 0.0258333
0 0.390833 0.957083 0.0333333 0.0341667
0 0.720833 0.913333 0.03 0.0316667
0 0.120417 0.140417 0.0325 0.0341667
0 0.499167 0.221667 0.0266667 0.0283333
0 0.878333 0.90125 0.0333333 0.0358333
0 0.31375 0.402917 0.0325 0.0358333
0 0.666667 0.567917 0.0333333 0.0375
0 0.9875 0.8975 0.025 0.035
0 0.100417 0.235417 0.0325 0.0341667
0 0.452917 0.2525 0.0325 0.035
0 0.0258333 0.600833 0.0283333 0.03
0 0.75125 0.00916667 0.0275 0.0183333
0 0.0441667 0.502083 0.035 0.0391667
0 0.08375 0.0870833 0.0258333 0.0258333
0 0.401667 0.91 0.035 0.0383333
0 0.257917 0.15875 0.0325 0.0358333
0 0.74625 0.948333 0.0291667 0.0316667
0 0.287083 0.344583 0.0341667 0.0341667
0 0.190417 0.199167 0.0308333 0.0316667
0 0.684167 0.70875 0.0316667 0.0325
0 0.690417 0.84625 0.0341667 0.0375
0 0.789167 0.732083 0.0316667 0.0341667
0 0.982083 0.0166667 0.0325 0.0333333
0 0.71875 0.56875 0.0308333 0.0308333
0 0.108333 0.452917 0.0333333 0.0375
0 0.6675 0.822917 0.03 0.0308333
0 0.22125 0.558333 0.0308333 0.0316667
0 0.564167 0.109167 0.03 0.0316667
0 0.83875 0.803333 0.0358333 0.0366667
0 0.140833 0.342083 0.0333333 0.0358333
0 0.515417 0.0445833 0.0258333 0.0258333
0 0.7925 0.50875 0.03 0.0325
0 0.940833 0.52875 0.03 0.0325
0 0.93125 0.565 0.0341667 0.0366667
