0 0.970833 0.238333 0.03 0.0333333
0 0.359167 0.0341667 0.0333333 0.0366667
0 0.624167 0.684167 0.0316667 0.0333333
0 0.822083 0.0829167 0.0258333 0.0291667
0 0.675 0.565833 0.035 0.0383333
0 0.955417 0.993333 0.0308333 0.0133333
0 0.712917 0.27875 0.0341667 0.0358333
0 0.836667 0.00875 0.0316667 0.0158333
0 0.40875 0.615 0.0408333 0.0416667
0 0.430417 0.0808333 0.0308333 0.0333333
0 0.80375 0.368333 0.0308333 0.0316667
0 0.199167 0.640417 0.0366667 0.0358333
0 0.225 0.74125 0.0383333 0.0441667
0 0.484583 0.956667 0.0341667 0.0366667
0 0.890417 0.00833333 0.0358333 0.0166667
0 0.00666667 0.547083 0.0133333 0.0291667
0 0.905833 0.422917 0.0366667 0.0391667
0 0.96375 0.395 0.0308333 0.0333333
0 0.89375 0.285417 0.0375 0.0425
0 0.102083 0.639167 0.0308333 0.0316667
0 0.867917 0.645417 0.0325 0.0325
0 0.761667 0.387917 0.0383333 0.0458333
0 0.52625 0.633333 0.0391667 0.0433333
0 0.631667 0.434167 0.04 0.04
0 0.00583333 0.59 0.0116667 0.0283333
0 0.7025 0.381667 0.0383333 0.04
0 0.635 0.359583 0.0383333 0.0425
0 0.831667 0.988333 0.0333333 0.0216667
0 0.0175 0.939167 0.0283333 0.03
0 0.458333 0.504583 0.0233333 0.0241667
0 0.28875 0.835833 0.0358333 0.0383333
0 0.467083 0.0225 0.0358333 0.04
0 0.201667 0.185833 0.035 0.0366667
0 0.0308333 0.70625 0.0283333 0.0291667
0 0.849167 0.0966667 0.0366667 0.0383333
0 0.941667 0.156667 0.0333333 0.0366667
0 0.403333 0.3175 0.03 0.0333333
0 0.4525 0.3975 0.0283333 0.03
0 0.353333 0.146667 0.0383333 0.04
0 0.575417 0.30875 0.0341667 0.0375
0 0.403333 0.960417 0.035 0.0408333
0 0.182083 0.84375 0.0391667 0.0425
0 0.33125 0.816667 0.0408333 0.0416667
0 0.69625 0.659167 0.0358333 0.0366667
0 0.554583 0.32625 0.0291667 0.0325
0 0.116667 0.550833 0.0316667 0.0333333
0 0.992083 0.932083 0.0158333 0.0325
0 0.440833 0.2 0.0366667 0.04
0 0.72875 0.695833 0.0375 0.04
0 0.355417 0.36375 0.0341667 0.0358333
0 0.83125 0.5925 0.0308333 0.0333333
0 0.34375 0.08625 0.0375 0.0408333
0 0.579167 0.512917 0.0316667 0.0341667
0 0.156667 0.57875 0.035 0.0375
0 0.654583 0.634167 0.0341667 0.035
0 0.17875 0.22125 0.0325 0.0341667
0 0.725417 0.4825 0.0291667 0.0283333
0 0.746667 0.195 0.0333333 0.035
0 0.552917 0.0945833 0.0341667 0.0408333
0 0.0775 0.710833 0.0333333 0.035
0 0.775833 0.1275 0.0316667 0.035
0 0.979583 0.963333 0.0375 0.0366667
0 0.268333 0.188333 0.0283333 0.03
0 0.0329167 0.6575 0.0358333 0.04
0 0.129583 0.7825 0.0341667 0.035
0 0.69625 0.44875 0.0358333 0.0375
0 0.3975 0.24125 0.0283333 0.0291667
0 0.27375 0.649583 0.0391667 0.0408333
0 0.14375 0.407917 0.0325 0.0341667
0 0.0641667 0.766667 0.03 0.035
0 0.360417 0.697083 0.0291667 0.0291667
0 0.570833 0.181667 0.0366667 0.0433333
0 0.02375 0.50375 0.0341667 0.0375
0 0.149583 0.909583 0.0325 0.0341667
0 0.205417 0.58625 0.0341667 0.0358333
0 0.64 0.0245833 0.0366667 0.0375
0 0.577083 0.0266667 0.0375 0.04
0 0.94375 0.04875 0.0375 0.0408333
0 0.578333 0.238333 0.0333333 0.0383333
0 0.262083 0.246667 0.0325 0.0333333
0 0.903333 0.580833 0.035 0.0366667
0 0.60125 0.134583 0.0325 0.0358333
0 0.962917 0.1075 0.0341667 0.04
0 0.581667 0.929167 0.035 0.0366667
0 0.0645833 0.88625 0.0375 0.0391667
0 0.311667 0.60375 0.0316667 0.0325
0 0.924167 0.890833 0.0316667 0.0333333
0 0.947083 0.360417 0.0291667 0.0308333
0 0.17375 0.360833 0.0375 0.04
0 0.37625 0.542083 0.0325 0.0341667
0 0.66375 0.744167 0.0358333 0.0383333
0 0.1 0.461667 0.0366667 0.04
0 0.115833 0.335 0.0366667 0.04
0 0.0441667 0.81875 0.0366667 0.0391667
0 0.734167 0.300417 0.0266667 0.0275
0 0.761667 0.0104167 0.035 0.0191667
0 0.489167 0.752083 0.0316667 0.0341667
0 0.245833 0.942083 0.0366667 0.0425
0 0.470833 0.0858333 0.0366667 0.04
0 0.975833 0.8375 0.03 0.0316667
0 0.111667 0.980833 0.035 0.035
0 0.10125 0.90125 0.0325 0.0341667
0 0.621667 0.503333 0.0383333 0.04
0 0.87 0.475417 0.0283333 0.0308333
0 0.420417 0.3775 0.0341667 0.0333333
0 0.174583 0.800833 0.0291667 0.0316667
0 0.968333 0.17875 0.035 0.0358333
0 0.750417 0.0625 0.0341667 0.0366667
0 0.310417 0.727917 0.0325 0.0358333
0 0.625 0.21375 0.03 0.0308333
0 0.804167 0.54375 0.03 0.0325
0 0.90625 0.985417 0.0308333 0.0291667
0 0.98125 0.29125 0.0308333 0.0341667
0 0.302083 0.517083 0.0308333 0.0308333
0 0.790833 0.07125 0.0366667 0.0391667
0 0.444583 0.785 0.0375 0.0433333
0 0.683333 0.235833 0.03 0.0316667
0 0.615833 0.780833 0.0316667 0.0333333
0 0.8525 0.435833 0.0366667 0.0383333
0 0.2475 0.697083 0.0333333 0.0358333
0 0.582917 0.622917 0.0358333 0.0375
0 0.230417 0.871667 0.0341667 0.035
0 0.487083 0.860833 0.0341667 0.035
0 0.03875 0.41 0.0308333 0.0316667
0 0.5675 0.747917 0.035 0.0375
0 0.310833 0.471667 0.0333333 0.0333333
0 0.441667 0.67625 0.0316667 0.0341667
0 0.320417 0.287083 0.0341667 0.0358333
0 0.760417 0.59875 0.0358333 0.0375
0 0.105833 0.839167 0.025 0.0266667
0 0.103333 0.948333 0.0316667 0.035
0 0.0116667 0.837083 0.0233333 0.0408333
0 0.240833 0.44375 0.0333333 0.0358333
0 0.52375 0.015 0.0341667 0.03
0 0.565417 0.685833 0.0358333 0.0383333
0 0.410833 0.895833 0.0333333 0.0366667
0 0.76875 0.499167 0.0291667 0.03
0 0.753333 0.344583 0.0333333 0.0341667
0 0.223333 0.529583 0.0316667 0.0325
0 0.185833 0.503333 0.0316667 0.0333333
0 0.395833 0.148333 0.0316667 0.035
0 0.492083 0.487083 0.0325 0.0325
0 0.277917 0.97625 0.0308333 0.0325
0 0.515 0.430833 0.0333333 0.0316667
0 0.379167 0.925 0.0333333 0.035
0 0.660833 0.19625 0.035 0.0358333
0 0.27125 0.384167 0.0275 0.03
0 0.39625 0.735833 0.0341667 0.035
0 0.365417 0.315833 0.0375 0.04
0 0.662083 0.328333 0.0325 0.0333333
0 0.450833 0.280833 0.0283333 0.0316667
0 0.732083 0.54125 0.0325 0.0325
0 0.809583 0.208333 0.0341667 0.0366667
0 0.269583 0.299583 0.0325 0.0358333
0 0.01125 0.96875 0.0225 0.0358333
0 0.7075 0.0995833 0.0316667 0.0325
0 0.0641667 0.985833 0.0316667 0.0266667
0 0.340833 0.18875 0.0333333 0.0341667
0 0.903333 0.11625 0.0333333 0.0341667
0 0.562917 0.591667 0.0341667 0.0366667
0 0.867083 0.06 0.0341667 0.0366667
0 0.160833 0.649583 0.0283333 0.0291667
0 0.990417 0.015 0.0191667 0.0283333
0 0.519583 0.24625 0.0291667 0.0308333
0 0.52375 0.812917 0.0341667 0.0358333
0 0.121667 0.618333 0.0316667 0.0333333
0 0.349583 0.989583 0.0341667 0.0208333
0 0.616667 0.0525 0.0316667 0.0333333
0 0.0241667 0.75875 0.0333333 0.0358333
0 0.916667 0.221667 0.0333333 0.035
0 0.6375 0.581667 0.03 0.0316667
0 0.478333 0.315 0.0316667 0.0316667
