0 0.0104167 0.453333 0.0208333 0.0366667
0 0.639583 0.0354167 0.0375 0.0408333
0 0.833333 0.602917 0.03 0.0325
0 0.10125 0.940833 0.0358333 0.0383333
0 0.198333 0.25 0.0383333 0.0433333
0 0.79625 0.231667 0.0375 0.04
0 0.7475 0.397917 0.0283333 0.0308333
0 0.989167 0.394167 0.0216667 0.0416667
0 0.776667 0.0133333 0.0333333 0.025
0 0.55125 0.0154167 0.0358333 0.0308333
0 0.948333 0.864167 0.0383333 0.0383333
0 0.923333 0.171667 0.0433333 0.0433333
0 0.0191667 0.159167 0.0383333 0.05
0 0.870417 0.910417 0.0391667 0.0441667
0 0.644167 0.46625 0.04 0.0408333
0 0.757917 0.84125 0.0308333 0.0325
0 0.440833 0.101667 0.0366667 0.0466667
0 0.564583 0.465417 0.0441667 0.0441667
0 0.389583 0.9 0.0291667 0.03
0 0.975417 0.10875 0.0391667 0.0425
0 0.523333 0.14625 0.04 0.0425
0 0.894583 0.810833 0.0275 0.0283333
0 0.34875 0.539583 0.0375 0.0425
0 0.564167 0.393333 0.0383333 0.05
0 0.410833 0.7925 0.0366667 0.04
0 0.39125 0.7525 0.0291667 0.0283333
0 0.189583 0.71125 0.0325 0.0358333
0 0.0479167 0.765 0.0275 0.0283333
0 0.141667 0.4575 0.0283333 0.0316667
0 0.0641667 0.329167 0.0366667 0.04
0 0.139583 0.211667 0.0391667 0.045
0 0.927083 0.710417 0.0275 0.0341667
0 0.925417 0.0983333 0.0408333 0.04
0 0.895 0.207083 0.0383333 0.0425
0 0.267083 0.209583 0.0341667 0.0341667
0 0.775417 0.283333 0.0341667 0.035
0 0.6725 0.878333 0.0316667 0.0333333
0 0.521667 0.0391667 0.035 0.0366667
0 0.825417 0.984167 0.0325 0.03
0 0.865 0.95125 0.04 0.0475
0 0.771667 0.431667 0.0366667 0.0416667
0 0.6925 0.357917 0.04 0.0408333
0 0.91 0.604583 0.035 0.0375
0 0.374583 0.849583 0.0341667 0.0375
0 0.744583 0.80875 0.0391667 0.0375
0 0.492917 0.570417 0.0391667 0.0408333
0 0.885417 0.115417 0.0341667 0.0358333
0 0.661667 0.532917 0.0366667 0.0375
0 0.839167 0.420417 0.0383333 0.0391667
0 0.305 0.849583 0.035 0.0375
0 0.666667 0.323333 0.0366667 0.04
0 0.23875 0.892917 0.0325 0.0341667
0 0.469583 0.789583 0.0375 0.0408333
0 0.442917 0.50875 0.0358333 0.0425
0 0.0695833 0.20375 0.0425 0.0475
0 0.72625 0.5325 0.0391667 0.0433333
0 0.804583 0.337917 0.0375 0.0375
0 0.985 0.93125 0.03 0.0341667
0 0.479167 0.833333 0.0333333 0.035
0 0.610417 0.705 0.0275 0.0316667
0 0.284167 0.189167 0.035 0.0366667
0 0.7 0.680417 0.0316667 0.0325
0 0.40375 0.865 0.0325 0.035
0 0.9425 0.61125 0.0316667 0.0325
0 0.308333 0.21625 0.0366667 0.0391667
0 0.0725 0.81125 0.0316667 0.0341667
0 0.0883333 0.482083 0.0366667 0.0391667
0 0.605833 0.8575 0.0316667 0.0333333
0 0.761667 0.755 0.035 0.0383333
0 0.480417 0.0333333 0.0341667 0.035
0 0.208333 0.201667 0.0266667 0.0283333
0 0.817083 0.699167 0.0308333 0.035
0 0.798333 0.884167 0.0366667 0.04
0 0.856667 0.554583 0.035 0.0375
0 0.886667 0.692083 0.0316667 0.0358333
0 0.595417 0.90375 0.0358333 0.0358333
0 0.67125 0.987917 0.0325 0.0225
0 0.319167 0.2575 0.035 0.0366667
0 0.500833 0.895833 0.03 0.0316667
0 0.695 0.905 0.035 0.0383333
0 0.191667 0.87875 0.0316667 0.0325
0 0.10875 0.227917 0.0325 0.0341667
0 0.950833 0.535 0.0333333 0.035
0 0.0158333 0.9275 0.03 0.0333333
0 0.173333 0.833333 0.0316667 0.0333333
0 0.434583 0.644583 0.0341667 0.0358333
0 0.854167 0.193333 0.035 0.0383333
0 0.275833 0.786667 0.0316667 0.0333333
0 0.560417 0.8025 0.0358333 0.0366667
0 0.986667 0.652917 0.0266667 0.0358333
0 0.779167 0.490417 0.035 0.0391667
0 0.645833 0.844583 0.03 0.0325
0 0.176667 0.608333 0.03 0.0316667
0 0.655417 0.801667 0.0325 0.0366667
0 0.0954167 0.739167 0.0258333 0.025
0 0.352917 0.598333 0.0341667 0.035
0 0.239167 0.270833 0.0383333 0.04
0 0.9225 0.339167 0.035 0.0366667
0 0.227083 0.597917 0.0325 0.0341667
0 0.0529167 0.1225 0.0341667 0.035
0 0.447083 0.821667 0.0358333 0.0383333
0 0.0495833 0.912917 0.0241667 0.0258333
0 0.912083 0.93375 0.0308333 0.0325
0 0.777083 0.94375 0.0275 0.0308333
0 0.359167 0.6425 0.0366667 0.0383333
0 0.413333 0.0175 0.0316667 0.0333333
0 0.854167 0.795 0.0233333 0.025
0 0.0195833 0.23 0.0308333 0.0333333
0 0.09875 0.0908333 0.0308333 0.0333333
0 0.450417 0.195417 0.0375 0.0391667
0 0.912083 0.879167 0.0358333 0.0366667
0 0.660417 0.61375 0.0375 0.0375
0 0.577917 0.5925 0.0341667 0.035
0 0.95875 0.670417 0.0291667 0.0308333
0 0.196667 0.106667 0.0333333 0.035
0 0.898333 0.508333 0.0383333 0.04
0 0.0404167 0.986667 0.0291667 0.0233333
0 0.14375 0.680417 0.0341667 0.0358333
0 0.44125 0.98125 0.0325 0.0325
0 0.55125 0.628333 0.0358333 0.0383333
0 0.249167 0.622917 0.0333333 0.0341667
0 0.57125 0.73875 0.0325 0.0341667
0 0.913333 0.79625 0.0266667 0.0275
0 0.137917 0.9825 0.0325 0.0316667
0 0.335417 0.142083 0.0341667 0.0358333
0 0.803333 0.839583 0.025 0.0275
0 0.502917 0.1875 0.0341667 0.0366667
0 0.22125 0.829583 0.0341667 0.0358333
0 0.282917 0.580417 0.0358333 0.0358333
0 0.550417 0.704583 0.0275 0.0291667
0 0.2825 0.125417 0.035 0.0358333
0 0.67125 0.397083 0.0341667 0.0341667
0 0.175833 0.297083 0.0333333 0.0341667
0 0.344583 0.9025 0.0341667 0.0366667
0 0.732083 0.925417 0.0275 0.0291667
0 0.65 0.752083 0.0316667 0.0325
0 0.192083 0.985417 0.0275 0.0275
0 0.699583 0.440833 0.0341667 0.035
0 0.95125 0.979583 0.0308333 0.0325
0 0.151667 0.266667 0.035 0.0383333
0 0.588333 0.531667 0.0366667 0.0366667
0 0.2475 0.711667 0.0316667 0.0333333
0 0.153333 0.923333 0.0316667 0.0333333
0 0.54875 0.975 0.0291667 0.0283333
0 0.364583 0.0591667 0.0308333 0.0333333
0 0.292917 0.91125 0.0291667 0.0308333
0 0.77375 0.6525 0.0275 0.0283333
0 0.457083 0.881667 0.0358333 0.0383333
0 0.509167 0.632083 0.035 0.0375
0 0.845833 0.871667 0.0333333 0.0366667
0 0.987083 0.60125 0.0258333 0.0308333
0 0.985 0.469167 0.03 0.035
0 0.632083 0.987917 0.0275 0.0225
0 0.899167 0.990417 0.0366667 0.0191667
0 0.3375 0.97 0.0316667 0.0316667
0 0.819167 0.65 0.0266667 0.0283333
0 0.245417 0.0129167 0.0291667 0.0241667
0 0.284583 0.985 0.0258333 0.0266667
0 0.9475 0.24625 0.0283333 0.0308333
0 0.123333 0.325833 0.0333333 0.035
0 0.108333 0.770417 0.0283333 0.0291667
0 0.5225 0.768333 0.03 0.0316667
0 0.905417 0.270833 0.0341667 0.0366667
0 0.132917 0.826667 0.0325 0.0333333
0 0.98375 0.305833 0.0308333 0.0366667
0 0.482917 0.7075 0.0341667 0.0366667
0 0.255 0.7525 0.0333333 0.035
0 0.72875 0.98375 0.0291667 0.0308333
0 0.63875 0.693333 0.0291667 0.03
0 0.412917 0.701667 0.0308333 0.0316667
0 0.89625 0.659583 0.0308333 0.0325
0 0.865833 0.727083 0.0316667 0.0325
0 0.379583 0.17875 0.0325 0.0341667
0 0.974583 0.192917 0.0291667 0.0308333
0 0.138333 0.0133333 0.0316667 0.025
0 0.09375 0.0154167 0.0308333 0.0308333
0 0.785833 0.78625 0.0316667 0.0341667
0 0.25625 0.661667 0.0308333 0.0316667
0 0.92 0.47125 0.0316667 0.0341667
0 0.3325 0.0416667 0.03 0.0316667
0 0.154167 0.178333 0.0333333 0.035
0 0.129583 0.38 0.0341667 0.035
0 0.442083 0.602083 0.0341667 0.0358333
0 0.1425 0.109583 0.0316667 0.0325
0 0.203333 0.0466667 0.0316667 0.035
0 0.528333 0.733333 0.03 0.0316667
0 0.76 0.687917 0.0283333 0.0291667
0 0.06875 0.0991667 0.0308333 0.0333333
