0 0.860833 0.29875 0.0333333 0.0375
0 0.425833 0.622083 0.0333333 0.0341667
0 0.511667 0.461667 0.0333333 0.0383333
0 0.96375 0.202917 0.0341667 0.0358333
0 0.0795833 0.847917 0.0425 0.0475
0 0.380417 0.391667 0.0408333 0.045
0 0.55375 0.369583 0.0308333 0.0308333
0 0.00916667 0.545 0.0183333 0.0266667
0 0.559583 0.04625 0.0391667 0.0491667
0 0.00541667 0.472083 0.0108333 0.0291667
0 0.00875 0.652917 0.0158333 0.0341667
0 0.137083 0.800417 0.0258333 0.0275
0 0.621667 0.7775 0.0383333 0.04
0 0.874583 0.207917 0.0358333 0.0375
0 0.0404167 0.52625 0.0341667 0.0358333
0 0.0245833 0.15625 0.0408333 0.0491667
0 0.332083 0.745417 0.0325 0.0375
0 0.763333 0.1675 0.0316667 0.035
0 0.6875 0.00916667 0.0316667 0.0183333
0 0.726667 0.4375 0.0316667 0.035
0 0.504167 0.428333 0.0333333 0.0366667
0 0.273333 0.462917 0.03 0.0308333
0 0.392917 0.909583 0.0358333 0.0375
0 0.21875 0.844167 0.0341667 0.035
0 0.25 0.356667 0.0383333 0.045
0 0.303333 0.511667 0.035 0.0366667
0 0.250417 0.770417 0.0308333 0.0341667
0 0.8175 0.608333 0.0316667 0.035
0 0.92875 0.152083 0.0408333 0.0508333
0 0.99375 0.0279167 0.0125 0.0291667
0 0.278333 0.509167 0.03 0.0333333
0 0.16875 0.01875 0.0375 0.0375
0 0.90625 0.310417 0.0308333 0.0358333
0 0.635417 0.992917 0.0291667 0.0141667
0 0.914167 0.23625 0.0283333 0.0308333
0 0.619167 0.0658333 0.0366667 0.0383333
0 0.833333 0.88625 0.04 0.0441667
0 0.36375 0.135417 0.0291667 0.0325
0 0.534583 0.0133333 0.0325 0.025
0 0.294583 0.244167 0.0325 0.0366667
0 0.87125 0.40375 0.0408333 0.0408333
0 0.327917 0.959583 0.0341667 0.0375
0 0.491667 0.808333 0.0316667 0.0333333
0 0.991667 0.387083 0.0166667 0.0441667
0 0.3675 0.170417 0.04 0.0441667
0 0.810417 0.9175 0.0358333 0.0366667
0 0.894583 0.0979167 0.0408333 0.0475
0 0.16 0.752917 0.0366667 0.0425
0 0.346667 0.534167 0.03 0.0316667
0 0.0558333 0.379167 0.0316667 0.0316667
0 0.837917 0.0158333 0.0291667 0.03
0 0.312917 0.635417 0.0408333 0.0425
0 0.554583 0.740833 0.0391667 0.045
0 0.527917 0.564167 0.0358333 0.0383333
0 0.8875 0.82375 0.035 0.0358333
0 0.285 0.1225 0.0383333 0.04
0 0.06625 0.58 0.0391667 0.0433333
0 0.745 0.291667 0.0333333 0.0366667
0 0.446667 0.188333 0.0416667 0.0433333
0 0.845833 0.97375 0.0316667 0.0341667
0 0.19375 0.185417 0.0408333 0.0425
0 0.015 0.27125 0.03 0.0408333
0 0.0133333 0.394167 0.0266667 0.04
0 0.8425 0.797083 0.0366667 0.0375
0 0.473333 0.659167 0.0283333 0.03
0 0.159583 0.532083 0.0358333 0.0375
0 0.632917 0.475833 0.0358333 0.0366667
0 0.195 0.795833 0.035 0.0383333
0 0.5675 0.150417 0.0316667 0.0325
0 0.55875 0.49375 0.0358333 0.0441667
0 0.268333 0.565417 0.0416667 0.0425
0 0.640833 0.73 0.0316667 0.035
0 0.529583 0.134583 0.0358333 0.0408333
0 0.819583 0.21125 0.0391667 0.0408333
0 0.941667 0.883333 0.0416667 0.045
0 0.3025 0.769583 0.0333333 0.0375
0 0.169583 0.293333 0.0391667 0.0416667
0 0.719583 0.6925 0.0325 0.0366667
0 0.11375 0.347917 0.0375 0.0408333
0 0.395 0.571667 0.0316667 0.0333333
0 0.102083 0.456667 0.0375 0.0433333
0 0.0420833 0.405 0.0291667 0.03
0 0.981667 0.914167 0.0366667 0.0466667
0 0.39 0.0733333 0.035 0.0383333
0 0.259583 0.739583 0.0275 0.0308333
0 0.59625 0.639583 0.0341667 0.0358333
0 0.148333 0.205417 0.0383333 0.0391667
0 0.0370833 0.86375 0.0375 0.0425
0 0.427917 0.15 0.0341667 0.0366667
0 0.240833 0.497917 0.0216667 0.0225
0 0.162083 0.9625 0.0275 0.0283333
0 0.48625 0.585 0.0375 0.0383333
0 0.939167 0.948333 0.0383333 0.0416667
0 0.0975 0.1475 0.035 0.035
0 0.268333 0.79875 0.03 0.0308333
0 0.529583 0.26875 0.0341667 0.0358333
0 0.1475 0.61875 0.0366667 0.0408333
0 0.407917 0.677083 0.0358333 0.0375
0 0.955 0.4025 0.0366667 0.045
0 0.58125 0.264167 0.0291667 0.0333333
0 0.34625 0.854167 0.0358333 0.0366667
0 0.802083 0.151667 0.0341667 0.0366667
0 0.45125 0.0941667 0.0325 0.035
0 0.445833 0.480417 0.0333333 0.0358333
0 0.654167 0.137917 0.035 0.0375
0 0.349583 0.293333 0.0325 0.035
0 0.137917 0.571667 0.0325 0.0333333
0 0.252083 0.305833 0.0291667 0.03
0 0.88375 0.45125 0.0325 0.0341667
0 0.192917 0.869583 0.0325 0.0358333
0 0.264583 0.669583 0.0358333 0.0391667
0 0.03625 0.922917 0.0341667 0.0358333
0 0.987083 0.0929167 0.0258333 0.0408333
0 0.27125 0.0525 0.0291667 0.03
0 0.16625 0.0854167 0.0375 0.0391667
0 0.2125 0.928333 0.0316667 0.0333333
0 0.200417 0.510833 0.0341667 0.0366667
0 0.0920833 0.52 0.0341667 0.0366667
0 0.0245833 0.98375 0.0291667 0.0308333
0 0.130417 0.299167 0.0375 0.0416667
0 0.655417 0.44125 0.0375 0.0408333
0 0.884583 0.912083 0.0375 0.0391667
0 0.0279167 0.366667 0.0358333 0.0383333
0 0.489167 0.175417 0.0366667 0.0375
0 0.0466667 0.322917 0.0366667 0.0391667
0 0.185 0.97 0.0283333 0.03
0 0.74625 0.0454167 0.0358333 0.0375
0 0.991667 0.201667 0.0166667 0.0333333
0 0.443333 0.79 0.035 0.0383333
0 0.155 0.655417 0.0333333 0.0358333
0 0.735833 0.09 0.035 0.0366667
0 0.142917 0.0483333 0.0308333 0.0333333
0 0.154583 0.424583 0.0341667 0.0358333
0 0.96875 0.834167 0.0375 0.0416667
0 0.931667 0.750417 0.035 0.0375
0 0.840833 0.123333 0.0333333 0.0366667
0 0.0970833 0.64125 0.0341667 0.0391667
0 0.342083 0.46625 0.0308333 0.0325
0 0.985417 0.34 0.0291667 0.0366667
0 0.755833 0.440417 0.0266667 0.0291667
0 0.57 0.39625 0.035 0.0391667
0 0.315833 0.910833 0.0333333 0.0366667
0 0.672083 0.630833 0.0308333 0.0316667
0 0.0116667 0.739583 0.0233333 0.0341667
0 0.42875 0.447917 0.0358333 0.0375
0 0.227083 0.0120833 0.0291667 0.0225
0 0.405833 0.72625 0.0316667 0.0325
0 0.247083 0.885833 0.0358333 0.0383333
0 0.643333 0.659583 0.035 0.0375
0 0.197083 0.691667 0.0358333 0.0383333
0 0.0929167 0.699583 0.0308333 0.0325
0 0.11875 0.93 0.0325 0.0333333
0 0.347917 0.58 0.0291667 0.03
0 0.984583 0.7825 0.0291667 0.0333333
0 0.2275 0.0729167 0.0333333 0.0341667
0 0.449167 0.720417 0.0333333 0.0341667
0 0.608333 0.577917 0.03 0.0308333
0 0.455 0.0491667 0.0333333 0.0333333
0 0.2275 0.552083 0.0366667 0.0408333
0 0.204167 0.415417 0.035 0.0375
0 0.6475 0.374167 0.035 0.0366667
0 0.729167 0.34 0.0316667 0.0333333
0 0.107083 0.764167 0.0341667 0.035
0 0.665417 0.681667 0.0308333 0.0333333
0 0.493333 0.129583 0.0333333 0.0358333
0 0.68125 0.277917 0.0375 0.0408333
0 0.720833 0.14875 0.03 0.0308333
0 0.480833 0.754167 0.0316667 0.0333333
0 0.64125 0.0945833 0.0341667 0.0358333
0 0.36125 0.05 0.0341667 0.0366667
0 0.22125 0.716667 0.0325 0.035
0 0.755833 0.5725 0.0366667 0.0416667
0 0.377083 0.472083 0.0308333 0.0325
0 0.810417 0.288333 0.0325 0.035
0 0.195833 0.600417 0.035 0.0358333
0 0.44 0.64 0.0333333 0.035
0 0.37875 0.515 0.0308333 0.0333333
0 0.33125 0.260833 0.0358333 0.0366667
0 0.14625 0.467083 0.0341667 0.0358333
0 0.77875 0.487917 0.0341667 0.0358333
0 0.689583 0.5225 0.0358333 0.04
0 0.799167 0.972917 0.0316667 0.0358333
0 0.502917 0.0954167 0.0341667 0.0358333
0 0.287083 0.179583 0.0325 0.0341667
0 0.643333 0.606667 0.0333333 0.035
0 0.708333 0.607083 0.0366667 0.0375
0 0.0695833 0.155833 0.0291667 0.03
0 0.917083 0.786667 0.0341667 0.0366667
0 0.749167 0.38625 0.0366667 0.0375
0 0.598333 0.692083 0.035 0.0375
0 0.0329167 0.4775 0.0325 0.0333333
0 0.70625 0.94625 0.0325 0.0341667
0 0.852917 0.497917 0.0308333 0.0325
0 0.497917 0.236667 0.0325 0.0316667
0 0.925833 0.08125 0.0316667 0.0325
0 0.927917 0.0420833 0.0308333 0.0325
0 0.860417 0.55 0.0358333 0.04
0 0.606667 0.425417 0.035 0.0358333
0 0.518333 0.717917 0.03 0.0325
0 0.21375 0.345 0.0325 0.035
0 0.620833 0.194167 0.0316667 0.0316667
0 0.809583 0.485 0.0291667 0.0316667
0 0.107917 0.180833 0.0325 0.0333333
0 0.449167 0.362917 0.0333333 0.0341667
0 0.914167 0.386667 0.0383333 0.0433333
0 0.607917 0.333333 0.0308333 0.0333333
0 0.03 0.710833 0.0333333 0.035
0 0.522917 0.680417 0.0341667 0.0375
0 0.0233333 0.04875 0.0316667 0.0341667
0 0.629583 0.309167 0.0341667 0.0366667
0 0.817917 0.384167 0.0325 0.035
0 0.984167 0.283333 0.03 0.0333333
0 0.894583 0.254167 0.0291667 0.0316667
0 0.98875 0.442917 0.0225 0.0308333
0 0.584583 0.22625 0.0325 0.0341667
0 0.1475 0.839583 0.0316667 0.0341667
0 0.323333 0.70625 0.035 0.0391667
0 0.945833 0.332083 0.035 0.0375
0 0.350417 0.657083 0.0291667 0.0291667
0 0.375833 0.63 0.0316667 0.0333333
0 0.660833 0.50375 0.0333333 0.0391667
0 0.977917 0.977917 0.0325 0.0341667
0 0.57375 0.674583 0.0325 0.0358333
0 0.227917 0.600833 0.0341667 0.0366667
0 0.0458333 0.0866667 0.0316667 0.035
0 0.267917 0.626667 0.0308333 0.035
0 0.80875 0.101667 0.0325 0.0333333
0 0.689583 0.440833 0.0341667 0.0383333
0 0.983333 0.247917 0.0316667 0.0358333
0 0.08375 0.06375 0.0308333 0.0308333
0 0.945 0.259167 0.0333333 0.0366667
