0 0.61875 0.9575 0.0325 0.035
0 0.78625 0.199167 0.0391667 0.0433333
0 0.832917 0.735 0.0358333 0.04
0 0.005 0.918333 0.01 0.0316667
0 0.993333 0.436667 0.0133333 0.035
0 0.751667 0.11125 0.0383333 0.0408333
0 0.485 0.7425 0.0383333 0.0433333
0 0.634167 0.809583 0.0316667 0.0375
0 0.708333 0.2975 0.04 0.0483333
0 0.50375 0.994167 0.0275 0.0116667
0 0.359583 0.505 0.0291667 0.035
0 0.960833 0.665 0.0316667 0.0383333
0 0.920833 0.927917 0.0283333 0.0308333
0 0.45 0.58625 0.0283333 0.0308333
0 0.994167 0.0570833 0.0116667 0.0325
0 0.265417 0.265417 0.0441667 0.0475
0 0.99125 0.709167 0.0175 0.04
0 0.581667 0.471667 0.0383333 0.045
0 0.698333 0.3825 0.0416667 0.0466667
0 0.503333 0.645417 0.0416667 0.0441667
0 0.482917 0.522917 0.0391667 0.0475
0 0.98625 0.887083 0.0275 0.0425
0 0.508333 0.280833 0.0316667 0.035
0 0.864583 0.268333 0.0408333 0.045
0 0.861667 0.836667 0.0283333 0.0333333
0 0.8875 0.923333 0.0383333 0.045
0 0.74875 0.272917 0.0358333 0.0375
0 0.285417 0.865417 0.0308333 0.0341667
0 0.223333 0.6325 0.0433333 0.0433333
0 0.907083 0.825 0.0408333 0.045
0 0.5325 0.448333 0.03 0.0316667
0 0.78 0.916667 0.0316667 0.035
0 0.980833 0.01625 0.0316667 0.0308333
0 0.970417 0.127917 0.0358333 0.0375
0 0.5925 0.781667 0.0433333 0.045
0 0.334167 0.5175 0.0333333 0.035
0 0.86375 0.767083 0.0291667 0.0325
0 0.829583 0.897917 0.0308333 0.0341667
0 0.289583 0.575833 0.0391667 0.0433333
0 0.40625 0.4775 0.0441667 0.0466667
0 0.657083 0.304583 0.0341667 0.0358333
0 0.777083 0.987083 0.0275 0.0258333
0 0.557917 0.779167 0.0325 0.035
0 0.67375 0.959167 0.0275 0.03
0 0.752917 0.235833 0.0375 0.0416667
0 0.1 0.0820833 0.04 0.0441667
0 0.7875 0.45125 0.045 0.0525
0 0.95 0.360833 0.0383333 0.0416667
0 0.85875 0.204167 0.0358333 0.0383333
0 0.469583 0.0220833 0.0341667 0.0391667
0 0.899167 0.559583 0.0316667 0.0341667
0 0.69125 0.80875 0.0308333 0.0341667
0 0.2275 0.985417 0.0316667 0.0291667
0 0.297083 0.707083 0.0375 0.0408333
0 0.692917 0.468333 0.0375 0.0416667
0 0.928333 0.723333 0.035 0.0366667
0 0.72875 0.424167 0.0358333 0.04
0 0.0870833 0.29375 0.0275 0.0308333
0 0.26 0.993333 0.0283333 0.0133333
0 0.707917 0.63 0.0375 0.0433333
0 0.0883333 0.8525 0.0366667 0.0416667
0 0.254583 0.09125 0.0291667 0.0308333
0 0.627083 0.386667 0.0341667 0.0366667
0 0.0391667 0.359167 0.0433333 0.0433333
0 0.98625 0.757083 0.0275 0.0325
0 0.304583 0.780833 0.0408333 0.0416667
0 0.387917 0.134583 0.0341667 0.0358333
0 0.956667 0.5075 0.03 0.03
0 0.975 0.842917 0.04 0.0408333
0 0.055 0.98875 0.035 0.0208333
0 0.71875 0.199167 0.0391667 0.0416667
0 0.524583 0.961667 0.0325 0.0383333
0 0.185417 0.874583 0.0375 0.0408333
0 0.54125 0.816667 0.0358333 0.04
0 0.844583 0.045 0.0375 0.04
0 0.432083 0.672917 0.0375 0.0391667
0 0.209583 0.68125 0.0375 0.0425
0 0.448333 0.89125 0.035 0.0375
0 0.36625 0.8425 0.0391667 0.04
0 0.607917 0.879583 0.0275 0.0308333
0 0.4925 0.690833 0.0366667 0.0383333
0 0.92875 0.0204167 0.0358333 0.0358333
0 0.990417 0.164167 0.0191667 0.0366667
0 0.525 0.01625 0.0333333 0.0325
0 0.330417 0.00958333 0.0341667 0.0191667
0 0.4475 0.427083 0.0366667 0.0391667
0 0.745833 0.779583 0.0383333 0.0391667
0 0.0145833 0.0358333 0.0291667 0.0366667
0 0.4525 0.981667 0.0333333 0.0333333
0 0.0629167 0.220417 0.0275 0.0291667
0 0.987917 0.284583 0.0241667 0.0358333
0 0.989583 0.4775 0.0208333 0.0366667
0 0.01 0.200833 0.02 0.0366667
0 0.837083 0.86125 0.0258333 0.0275
0 0.0529167 0.798333 0.0408333 0.0416667
0 0.328333 0.672917 0.035 0.0391667
0 0.441667 0.751667 0.035 0.035
0 0.783333 0.694583 0.0366667 0.0408333
0 0.13375 0.664167 0.0358333 0.04
0 0.323333 0.942083 0.0366667 0.0425
0 0.18125 0.0675 0.0391667 0.0433333
0 0.345833 0.0895833 0.0366667 0.0375
0 0.347917 0.617083 0.0308333 0.0325
0 0.0283333 0.741667 0.0366667 0.04
0 0.65125 0.621667 0.0391667 0.0433333
0 0.928333 0.7925 0.04 0.0433333
0 0.250417 0.765 0.0341667 0.0383333
0 0.493333 0.609167 0.0383333 0.04
0 0.647083 0.904583 0.0358333 0.0375
0 0.0275 0.97625 0.0333333 0.0358333
0 0.0525 0.100417 0.035 0.0358333
0 0.839583 0.4675 0.0391667 0.0483333
0 0.39375 0.0558333 0.0341667 0.0366667
0 0.7975 0.105417 0.0366667 0.0391667
0 0.280833 0.127083 0.0316667 0.0341667
0 0.39 0.665833 0.035 0.04
0 0.404167 0.775 0.035 0.0366667
0 0.01125 0.389167 0.0225 0.0383333
0 0.795833 0.279167 0.0366667 0.04
0 0.25125 0.835417 0.0375 0.0391667
0 0.959167 0.279167 0.0366667 0.04
0 0.110417 0.92375 0.0341667 0.0358333
0 0.63875 0.7275 0.0375 0.0433333
0 0.0858333 0.662917 0.0366667 0.0408333
0 0.319583 0.0366667 0.0325 0.0333333
0 0.245833 0.05125 0.0333333 0.0358333
0 0.318333 0.980417 0.0366667 0.0391667
0 0.553333 0.924583 0.0333333 0.0358333
0 0.68625 0.210417 0.0325 0.0375
0 0.937083 0.428333 0.0308333 0.0316667
0 0.295 0.816667 0.0366667 0.0383333
0 0.4775 0.465 0.0366667 0.04
0 0.0804167 0.340833 0.0375 0.04
0 0.180833 0.97875 0.035 0.0358333
0 0.562917 0.665833 0.0358333 0.04
0 0.650833 0.560417 0.0316667 0.0325
0 0.850417 0.125417 0.0375 0.0391667
0 0.05 0.0120833 0.0333333 0.0241667
0 0.914167 0.517083 0.035 0.0358333
0 0.555 0.564583 0.0366667 0.0375
0 0.6025 0.345417 0.035 0.0375
0 0.62625 0.26 0.0341667 0.035
0 0.169583 0.817083 0.0341667 0.0375
0 0.235833 0.1325 0.0316667 0.035
0 0.267917 0.644167 0.0358333 0.0383333
0 0.19375 0.11375 0.0308333 0.0325
0 0.915833 0.98125 0.035 0.0358333
0 0.97125 0.211667 0.0325 0.0366667
0 0.43 0.625 0.03 0.0333333
0 0.185417 0.949167 0.0325 0.0333333
0 0.594583 0.428333 0.0341667 0.0366667
0 0.909167 0.59875 0.035 0.0375
0 0.552917 0.621667 0.0341667 0.035
0 0.20625 0.215833 0.0358333 0.0383333
0 0.902083 0.384167 0.0325 0.035
0 0.952083 0.593333 0.0325 0.035
0 0.919583 0.652917 0.0341667 0.0358333
0 0.812917 0.0704167 0.0375 0.0391667
0 0.0804167 0.708333 0.0325 0.0366667
0 0.850417 0.987917 0.0358333 0.0241667
0 0.862083 0.37125 0.0308333 0.0358333
0 0.860417 0.429583 0.0375 0.0408333
0 0.134167 0.772083 0.0333333 0.0358333
0 0.41875 0.589583 0.0375 0.0425
0 0.7675 0.16 0.0316667 0.035
0 0.075 0.899167 0.0366667 0.0383333
0 0.5575 0.385 0.0333333 0.0383333
0 0.117083 0.7225 0.0341667 0.0383333
0 0.820833 0.64875 0.0383333 0.0425
0 0.267917 0.934167 0.0375 0.04
0 0.43125 0.935417 0.0358333 0.0391667
0 0.140417 0.620417 0.0308333 0.0341667
0 0.732083 0.5825 0.0358333 0.0383333
0 0.925833 0.133333 0.0366667 0.04
0 0.742917 0.485 0.0358333 0.0383333
0 0.74875 0.374583 0.0358333 0.0375
0 0.865417 0.644583 0.0358333 0.0391667
0 0.920833 0.467917 0.0333333 0.0358333
0 0.569167 0.305833 0.0333333 0.0366667
0 0.7075 0.732083 0.0333333 0.0358333
0 0.81 0.576667 0.0333333 0.035
0 0.34625 0.907083 0.0358333 0.0408333
0 0.61 0.544167 0.0333333 0.035
0 0.825417 0.17 0.0325 0.035
0 0.988333 0.54625 0.0216667 0.0358333
0 0.524167 0.8825 0.035 0.0366667
0 0.46875 0.850833 0.0341667 0.0383333
0 0.533333 0.4775 0.0333333 0.0383333
0 0.490833 0.787917 0.0333333 0.0341667
0 0.320417 0.486667 0.0341667 0.0366667
0 0.6425 0.694167 0.0333333 0.0366667
0 0.0425 0.164583 0.0333333 0.0358333
0 0.152917 0.0375 0.0358333 0.04
0 0.768333 0.961667 0.0283333 0.0316667
0 0.496667 0.3675 0.0333333 0.0366667
0 0.702917 0.885417 0.0325 0.0358333
0 0.21 0.0304167 0.0316667 0.0325
0 0.791667 0.3725 0.0333333 0.0366667
0 0.73375 0.872083 0.0341667 0.0358333
0 0.342917 0.589167 0.0325 0.0333333
0 0.415833 0.015 0.0316667 0.03
0 0.0629167 0.250833 0.0325 0.0366667
0 0.0808333 0.157083 0.0333333 0.0341667
0 0.0441667 0.844167 0.0316667 0.0366667
0 0.83625 0.351667 0.0325 0.035
0 0.309583 0.110417 0.0325 0.0358333
0 0.381667 0.890833 0.035 0.0366667
0 0.812917 0.79375 0.0291667 0.0325
0 0.5975 0.588333 0.0333333 0.035
0 0.129167 0.2225 0.035 0.0383333
0 0.0433333 0.917917 0.035 0.0391667
0 0.32125 0.193333 0.0341667 0.0366667
0 0.939583 0.1875 0.0341667 0.0383333
0 0.8375 0.5375 0.035 0.0383333
0 0.153333 0.269583 0.0366667 0.0375
0 0.899167 0.1025 0.035 0.0366667
0 0.885 0.880417 0.035 0.0375
0 0.268333 0.685833 0.0316667 0.0366667
0 0.752083 0.834583 0.0341667 0.0358333
0 0.01625 0.887083 0.0325 0.0391667
0 0.38375 0.552083 0.0308333 0.0325
0 0.917917 0.24125 0.0325 0.0341667
0 0.902917 0.0504167 0.0341667 0.0358333
0 0.17375 0.16625 0.0341667 0.0375
0 0.884583 0.716667 0.0358333 0.0383333
0 0.96125 0.561667 0.0291667 0.0316667
0 0.180833 0.622083 0.0333333 0.0375
0 0.985 0.637917 0.03 0.0375
