0 0.52375 0.490417 0.0341667 0.0341667
0 0.1075 0.00666667 0.0333333 0.0133333
0 0.165833 0.107083 0.0366667 0.0425
0 0.145 0.527917 0.0316667 0.0375
0 0.110833 0.7675 0.0333333 0.0366667
0 0.554583 0.3475 0.0475 0.0533333
0 0.9625 0.1675 0.0383333 0.0416667
0 0.0216667 0.00708333 0.025 0.0141667
0 0.179583 0.624583 0.0241667 0.0241667
0 0.5325 0.826667 0.0316667 0.0333333
0 0.805417 0.815833 0.0391667 0.045
0 0.70375 0.795833 0.0341667 0.0366667
0 0.00666667 0.48125 0.0133333 0.0308333
0 0.245833 0.5625 0.0416667 0.0483333
0 0.114167 0.5625 0.035 0.0416667
0 0.261667 0.515833 0.0366667 0.04
0 0.327083 0.202083 0.0391667 0.0458333
0 0.11375 0.526667 0.0291667 0.0333333
0 0.530417 0.97 0.0341667 0.035
0 0.994583 0.5875 0.0108333 0.03
0 0.709583 0.174583 0.0341667 0.0358333
0 0.6475 0.98 0.04 0.04
0 0.48625 0.08875 0.0341667 0.0358333
0 0.556667 0.434583 0.0383333 0.0425
0 0.5925 0.855833 0.0316667 0.0333333
0 0.454583 0.869583 0.0341667 0.0375
0 0.01875 0.0645833 0.0375 0.0441667
0 0.34 0.42625 0.0366667 0.0391667
0 0.262083 0.59625 0.0441667 0.0441667
0 0.896667 0.87125 0.0383333 0.0441667
0 0.805417 0.684583 0.0308333 0.0341667
0 0.445 0.129167 0.0333333 0.0366667
0 0.68875 0.24625 0.0341667 0.0375
0 0.89125 0.7725 0.0375 0.0466667
0 0.930417 0.975833 0.0391667 0.0433333
0 0.8575 0.781667 0.0333333 0.0366667
0 0.9725 0.870417 0.0416667 0.0425
0 0.849583 0.242083 0.0341667 0.0391667
0 0.88125 0.02875 0.0391667 0.0441667
0 0.85625 0.0516667 0.0358333 0.0416667
0 0.634167 0.888333 0.0416667 0.0466667
0 0.745417 0.67625 0.0341667 0.0391667
0 0.845 0.615833 0.03 0.0333333
0 0.6325 0.01625 0.0316667 0.0325
0 0.957083 0.501667 0.0308333 0.0366667
0 0.5425 0.7775 0.04 0.0416667
0 0.1425 0.667917 0.04 0.0475
0 0.740833 0.89125 0.0366667 0.0375
0 0.829583 0.68125 0.0375 0.0391667
0 0.0658333 0.197083 0.0383333 0.0425
0 0.989167 0.488333 0.0216667 0.035
0 0.36125 0.967917 0.0325 0.0341667
0 0.60125 0.80125 0.0358333 0.0391667
0 0.102917 0.462917 0.0425 0.0475
0 0.604583 0.0308333 0.0408333 0.0416667
0 0.0345833 0.785 0.0325 0.0366667
0 0.595833 0.984167 0.0383333 0.0316667
0 0.0720833 0.620417 0.0375 0.0408333
0 0.736667 0.946667 0.0333333 0.0366667
0 0.00833333 0.16375 0.0166667 0.0358333
0 0.484167 0.984167 0.035 0.0316667
0 0.734167 0.13875 0.0316667 0.0341667
0 0.573333 0.298333 0.03 0.0333333
0 0.642917 0.180833 0.0358333 0.0383333
0 0.430417 0.539167 0.0375 0.0416667
0 0.06375 0.81125 0.0308333 0.0341667
0 0.132083 0.274583 0.0325 0.0375
0 0.398333 0.374583 0.03 0.0325
0 0.34625 0.164167 0.0341667 0.0383333
0 0.852917 0.5175 0.0258333 0.0283333
0 0.44375 0.447917 0.0391667 0.0425
0 0.53625 0.877083 0.0375 0.0408333
0 0.455417 0.05 0.0358333 0.0416667
0 0.0404167 0.40875 0.0375 0.0408333
0 0.7575 0.162083 0.0383333 0.0425
0 0.81 0.100417 0.0333333 0.0358333
0 0.969167 0.92375 0.0366667 0.0425
0 0.255 0.3375 0.0366667 0.045
0 0.0133333 0.716667 0.0266667 0.045
0 0.284583 0.99 0.0275 0.02
0 0.229583 0.24125 0.0391667 0.0408333
0 0.239583 0.730417 0.0375 0.0408333
0 0.215 0.390833 0.0333333 0.035
0 0.903333 0.588333 0.0366667 0.0416667
0 0.882083 0.132083 0.0375 0.0408333
0 0.582917 0.110417 0.0341667 0.0358333
0 0.48625 0.2775 0.0341667 0.0366667
0 0.562083 0.18125 0.0358333 0.0391667
0 0.929167 0.105417 0.035 0.0375
0 0.34375 0.329167 0.0341667 0.0366667
0 0.536667 0.0295833 0.0366667 0.0375
0 0.72125 0.978333 0.0358333 0.0366667
0 0.947083 0.791667 0.0341667 0.0366667
0 0.0354167 0.110833 0.0391667 0.0433333
0 0.380833 0.297083 0.035 0.0408333
0 0.43625 0.285417 0.0341667 0.0358333
0 0.43125 0.930833 0.0358333 0.04
0 0.987083 0.0404167 0.0241667 0.0391667
0 0.792083 0.0741667 0.0325 0.035
0 0.911667 0.19125 0.0366667 0.0391667
0 0.0625 0.0116667 0.035 0.0233333
0 0.0475 0.92625 0.0316667 0.0325
0 0.274583 0.662917 0.0375 0.0391667
0 0.184167 0.435417 0.0366667 0.0391667
0 0.64125 0.843333 0.0375 0.04
0 0.1625 0.469583 0.0366667 0.0408333
0 0.884583 0.982083 0.0358333 0.0358333
0 0.170417 0.534583 0.0325 0.0358333
0 0.702917 0.137917 0.0375 0.0441667
0 0.934167 0.71375 0.0366667 0.0425
0 0.8275 0.89625 0.0366667 0.0375
0 0.318333 0.558333 0.035 0.0366667
0 0.0970833 0.0533333 0.0341667 0.0366667
0 0.812917 0.967917 0.0358333 0.0391667
0 0.790417 0.257083 0.0358333 0.0391667
0 0.667083 0.72625 0.0291667 0.0308333
0 0.765833 0.836667 0.035 0.035
0 0.892917 0.677083 0.0375 0.0425
0 0.0445833 0.33375 0.0325 0.0358333
0 0.466667 0.397083 0.035 0.0391667
0 0.0483333 0.694167 0.035 0.0383333
0 0.107917 0.18625 0.0341667 0.0358333
0 0.955 0.0183333 0.0283333 0.03
0 0.852083 0.100417 0.0341667 0.0375
0 0.795833 0.64375 0.0366667 0.0391667
0 0.786667 0.76125 0.035 0.0375
0 0.367083 0.108333 0.0358333 0.04
0 0.67125 0.0366667 0.0358333 0.0366667
0 0.182083 0.0216667 0.0341667 0.0383333
0 0.291667 0.488333 0.0333333 0.0366667
0 0.33875 0.665417 0.0341667 0.0358333
0 0.6575 0.925 0.035 0.0366667
0 0.6575 0.320417 0.03 0.0308333
0 0.135 0.233333 0.04 0.0416667
0 0.19125 0.198333 0.0308333 0.0333333
0 0.427917 0.21 0.0325 0.0333333
0 0.02 0.588333 0.0366667 0.04
0 0.17625 0.57 0.0358333 0.0416667
0 0.205 0.11375 0.035 0.0391667
0 0.96875 0.104167 0.0358333 0.0366667
0 0.400833 0.421667 0.0366667 0.04
0 0.682917 0.0691667 0.0341667 0.035
0 0.200417 0.72 0.0308333 0.0333333
0 0.7075 0.846667 0.0366667 0.04
0 0.261667 0.430417 0.0333333 0.0358333
0 0.710417 0.0979167 0.0358333 0.0375
0 0.135833 0.39375 0.0366667 0.0408333
0 0.253333 0.149583 0.03 0.0341667
0 0.72625 0.767917 0.0325 0.0341667
0 0.97625 0.569583 0.0325 0.0341667
0 0.185 0.24 0.035 0.0366667
0 0.112083 0.13625 0.0358333 0.0408333
0 0.646667 0.11 0.0316667 0.035
0 0.229583 0.2025 0.0291667 0.0316667
0 0.575 0.143333 0.0333333 0.035
0 0.483333 0.321667 0.035 0.0366667
0 0.487083 0.115417 0.0308333 0.0325
0 0.38 0.015 0.0333333 0.03
0 0.427917 0.169583 0.0325 0.0341667
0 0.0833333 0.71875 0.035 0.0375
0 0.877083 0.528333 0.0275 0.03
0 0.34 0.0383333 0.035 0.0366667
0 0.630833 0.245417 0.0316667 0.0341667
0 0.365 0.465 0.0333333 0.035
0 0.529167 0.465 0.0316667 0.0333333
0 0.9275 0.52375 0.03 0.0325
0 0.227083 0.0266667 0.0325 0.0366667
0 0.211667 0.65625 0.0333333 0.0358333
0 0.304583 0.25625 0.0341667 0.0358333
0 0.493333 0.365833 0.0333333 0.035
0 0.515417 0.231667 0.0325 0.035
0 0.336667 0.2425 0.0333333 0.035
0 0.820833 0.1675 0.0316667 0.0333333
0 0.04625 0.51375 0.0358333 0.0391667
0 0.195417 0.30875 0.0358333 0.0391667
0 0.78 0.0133333 0.0333333 0.0266667
0 0.0466667 0.236667 0.0316667 0.0366667
0 0.390417 0.233333 0.0308333 0.0333333
0 0.2725 0.1175 0.0333333 0.0366667
0 0.518333 0.179583 0.035 0.0391667
