0 0.635 0.01625 0.03 0.0308333
0 0.0441667 0.732083 0.04 0.0475
0 0.132083 0.559167 0.0441667 0.0483333
0 0.445 0.98 0.0383333 0.0383333
0 0.994167 0.51125 0.0116667 0.0358333
0 0.282083 0.8325 0.0375 0.0416667
0 0.440417 0.410417 0.0458333 0.0525
0 0.459583 0.154583 0.0308333 0.0341667
0 0.271667 0.561667 0.0316667 0.035
0 0.07375 0.956667 0.0391667 0.05
0 0.46625 0.424583 0.0325 0.0358333
0 0.298333 0.90875 0.0383333 0.0425
0 0.533333 0.711667 0.04 0.0483333
0 0.705833 0.29625 0.0416667 0.0508333
0 0.262083 0.674167 0.0358333 0.035
0 0.0416667 0.389583 0.04 0.0375
0 0.513333 0.41875 0.0383333 0.0408333
0 0.73125 0.1675 0.0341667 0.0383333
0 0.96875 0.165417 0.0325 0.0341667
0 0.414583 0.68875 0.0425 0.0458333
0 0.629583 0.678333 0.0391667 0.045
0 0.91375 0.727917 0.0358333 0.0358333
0 0.9 0.160417 0.0316667 0.0325
0 0.786667 0.695833 0.04 0.0483333
0 0.28375 0.1725 0.0375 0.04
0 0.29375 0.515417 0.0391667 0.0441667
0 0.324167 0.614167 0.0383333 0.0416667
0 0.08875 0.414167 0.0358333 0.0383333
0 0.4 0.970417 0.0316667 0.0325
0 0.828333 0.0604167 0.0383333 0.0458333
0 0.376667 0.898333 0.045 0.0516667
0 0.507917 0.91125 0.0358333 0.0391667
0 0.4225 0.845 0.0333333 0.0366667
0 0.422083 0.88125 0.0275 0.0275
0 0.587083 0.3725 0.0425 0.0433333
0 0.517917 0.8075 0.0375 0.0416667
0 0.782083 0.555833 0.0425 0.0483333
0 0.477917 0.3325 0.0425 0.0483333
0 0.115833 0.385833 0.0383333 0.045
0 0.7775 0.482083 0.0366667 0.0375
0 0.413333 0.118333 0.0383333 0.0416667
0 0.187917 0.7225 0.0425 0.0433333
0 0.59125 0.901667 0.0275 0.03
0 0.154583 0.4825 0.0391667 0.0466667
0 0.36875 0.44875 0.0391667 0.0441667
0 0.0179167 0.786667 0.0341667 0.04
0 0.32875 0.17625 0.0391667 0.0441667
0 0.390417 0.821667 0.0391667 0.0433333
0 0.562917 0.655 0.0375 0.045
0 0.770417 0.335 0.0375 0.0433333
0 0.47125 0.766667 0.0391667 0.045
0 0.64625 0.536667 0.0375 0.0433333
0 0.487917 0.572917 0.0341667 0.0391667
0 0.541667 0.252083 0.0316667 0.0341667
0 0.962917 0.699583 0.0358333 0.0425
0 0.330833 0.7325 0.04 0.04
0 0.729167 0.508333 0.0316667 0.035
0 0.815 0.409583 0.04 0.0441667
0 0.85375 0.729167 0.0375 0.0483333
0 0.582083 0.115417 0.0391667 0.0408333
0 0.700833 0.927083 0.0383333 0.0425
0 0.60875 0.88125 0.0391667 0.0441667
0 0.515833 0.345417 0.04 0.0458333
0 0.10125 0.00666667 0.0275 0.0133333
0 0.00916667 0.713333 0.0166667 0.0366667
0 0.535 0.492917 0.0383333 0.0441667
0 0.872083 0.653333 0.0408333 0.0433333
0 0.01375 0.59125 0.0275 0.0375
0 0.99125 0.571667 0.0175 0.0383333
0 0.592083 0.495417 0.0391667 0.0408333
0 0.85875 0.779583 0.0375 0.0425
0 0.287917 0.6025 0.0391667 0.0416667
0 0.2125 0.502083 0.0383333 0.0425
0 0.537083 0.1475 0.0408333 0.04
0 0.663333 0.459583 0.0366667 0.0391667
0 0.109167 0.625833 0.0366667 0.04
0 0.197083 0.65 0.0375 0.0383333
0 0.01375 0.6275 0.0275 0.0366667
0 0.1475 0.882083 0.03 0.0325
0 0.600833 0.435833 0.0366667 0.0416667
0 0.253333 0.785833 0.0383333 0.0383333
0 0.692083 0.848333 0.0391667 0.0416667
0 0.39125 0.179167 0.0341667 0.0366667
0 0.0466667 0.00916667 0.035 0.0183333
0 0.674167 0.627917 0.0366667 0.0375
0 0.22 0.576667 0.0366667 0.0416667
0 0.917083 0.1875 0.0425 0.0483333
0 0.45375 0.03625 0.0308333 0.0341667
0 0.907083 0.79625 0.0408333 0.0441667
0 0.62 0.329583 0.0366667 0.0441667
0 0.83375 0.98125 0.0308333 0.0308333
0 0.922917 0.119167 0.0391667 0.0416667
0 0.873333 0.590833 0.0333333 0.035
0 0.752917 0.945417 0.0358333 0.0408333
0 0.940417 0.660833 0.0391667 0.0433333
0 0.18875 0.4125 0.0375 0.0416667
0 0.719583 0.892083 0.0375 0.0408333
0 0.143333 0.523333 0.0366667 0.0383333
0 0.830833 0.284583 0.0366667 0.0375
0 0.872083 0.54375 0.0375 0.0408333
0 0.70375 0.52875 0.0375 0.0375
0 0.8225 0.9375 0.0366667 0.04
0 0.59875 0.0554167 0.0325 0.0358333
0 0.5275 0.379167 0.035 0.0366667
0 0.319167 0.412917 0.0333333 0.0358333
0 0.841667 0.457917 0.035 0.0358333
0 0.654583 0.91 0.0341667 0.0366667
0 0.423333 0.162083 0.0316667 0.0308333
0 0.705 0.590833 0.035 0.0366667
0 0.590833 0.2125 0.035 0.0383333
0 0.299583 0.240833 0.0341667 0.0366667
0 0.733333 0.38125 0.0366667 0.0408333
0 0.965 0.410833 0.035 0.0383333
0 0.620417 0.117917 0.0341667 0.0358333
0 0.665833 0.382083 0.0383333 0.0408333
0 0.945417 0.0375 0.0358333 0.0366667
0 0.66875 0.254167 0.0358333 0.0383333
0 0.588333 0.725417 0.0366667 0.0425
0 0.09375 0.719167 0.0358333 0.0383333
0 0.535 0.197083 0.035 0.0358333
0 0.804583 0.15125 0.0358333 0.0408333
0 0.239167 0.397917 0.0316667 0.0341667
0 0.34125 0.790833 0.0358333 0.04
0 0.979583 0.755 0.0308333 0.035
0 0.735 0.08375 0.035 0.0375
0 0.680417 0.5425 0.0341667 0.0366667
0 0.61875 0.56875 0.0341667 0.0358333
0 0.6375 0.84 0.0366667 0.0383333
0 0.17 0.846667 0.035 0.0383333
0 0.427917 0.344583 0.0391667 0.0425
0 0.799583 0.817083 0.0308333 0.0341667
0 0.5825 0.565417 0.0333333 0.0358333
0 0.75375 0.189583 0.0341667 0.0358333
0 0.01875 0.54375 0.0308333 0.0358333
0 0.107083 0.985833 0.0341667 0.0266667
0 0.482917 0.0633333 0.0341667 0.0383333
0 0.9725 0.205 0.0383333 0.0416667
0 0.416667 0.589583 0.035 0.0391667
0 0.829167 0.896667 0.0333333 0.035
0 0.593333 0.792083 0.0366667 0.0391667
0 0.0816667 0.4925 0.035 0.0366667
0 0.979167 0.629583 0.0333333 0.0358333
0 0.509167 0.116667 0.0366667 0.0416667
0 0.216667 0.7725 0.035 0.0366667
0 0.02375 0.863333 0.0341667 0.0366667
0 0.402917 0.277917 0.0341667 0.0391667
0 0.414583 0.63125 0.0341667 0.0358333
0 0.46625 0.935417 0.0358333 0.0375
0 0.342083 0.863333 0.0375 0.04
0 0.464167 0.290417 0.0333333 0.0358333
0 0.830417 0.82375 0.0341667 0.0358333
0 0.17875 0.894167 0.0325 0.035
0 0.840833 0.123333 0.0366667 0.04
0 0.89125 0.0183333 0.0358333 0.0366667
0 0.154583 0.68375 0.0341667 0.0375
0 0.969167 0.131667 0.0316667 0.0366667
0 0.110417 0.8875 0.0341667 0.0366667
0 0.716667 0.43875 0.035 0.0375
0 0.819167 0.754167 0.0333333 0.0366667
0 0.569583 0.250417 0.0358333 0.0375
0 0.758333 0.85375 0.035 0.0375
0 0.902917 0.453333 0.0325 0.035
0 0.733333 0.640833 0.035 0.0383333
0 0.0345833 0.0641667 0.0358333 0.0383333
0 0.900833 0.357083 0.0366667 0.0391667
0 0.927083 0.244167 0.0358333 0.0383333
0 0.7575 0.119167 0.0333333 0.035
0 0.5775 0.959167 0.0316667 0.0333333
0 0.177083 0.783333 0.0358333 0.0383333
0 0.23875 0.959167 0.0325 0.0333333
0 0.3875 0.549167 0.0333333 0.0366667
0 0.0720833 0.614167 0.0341667 0.0383333
0 0.473333 0.879167 0.035 0.0366667
0 0.41125 0.45375 0.0341667 0.0375
0 0.612083 0.985 0.0341667 0.0283333
0 0.884583 0.0633333 0.0325 0.0366667
0 0.822917 0.33875 0.0341667 0.0375
0 0.507083 0.25125 0.0308333 0.0341667
0 0.729167 0.990417 0.0383333 0.0191667
0 0.732917 0.241667 0.0341667 0.0366667
0 0.916667 0.50625 0.0333333 0.0358333
0 0.235833 0.810833 0.035 0.035
