0 0.531667 0.737083 0.0383333 0.0425
0 0.250833 0.96125 0.0316667 0.0358333
0 0.855833 0.00833333 0.035 0.015
0 0.552917 0.698333 0.0341667 0.0383333
0 0.967083 0.712083 0.0375 0.0408333
0 0.10875 0.1725 0.0358333 0.0383333
0 0.349583 0.971667 0.0375 0.0466667
0 0.9725 0.1375 0.0366667 0.04
0 0.299583 0.540833 0.0291667 0.03
0 0.0783333 0.0679167 0.03 0.0341667
0 0.60375 0.364167 0.0408333 0.0433333
0 0.850833 0.76 0.0316667 0.035
0 0.492083 0.358333 0.0425 0.0516667
0 0.14125 0.432083 0.0408333 0.0475
0 0.248333 0.36625 0.0333333 0.0375
0 0.3875 0.545833 0.0333333 0.035
0 0.577917 0.947083 0.0358333 0.0408333
0 0.828333 0.692083 0.0333333 0.0358333
0 0.0475 0.574583 0.0333333 0.0375
0 0.62625 0.294583 0.0375 0.0441667
0 0.444583 0.530417 0.0391667 0.0425
0 0.0675 0.385833 0.0433333 0.0483333
0 0.721667 0.78625 0.0416667 0.0491667
0 0.625417 0.749583 0.0391667 0.0475
0 0.460417 0.885833 0.0408333 0.0466667
0 0.64625 0.84625 0.0325 0.0358333
0 0.943333 0.9175 0.0383333 0.045
0 0.330833 0.90875 0.035 0.0408333
0 0.859167 0.989167 0.03 0.0216667
0 0.425417 0.783333 0.0391667 0.0383333
0 0.172917 0.455417 0.0425 0.0441667
0 0.286667 0.345417 0.0416667 0.0441667
0 0.241667 0.313333 0.0416667 0.0433333
0 0.227083 0.934583 0.0375 0.0391667
0 0.42875 0.942083 0.0375 0.0441667
0 0.20625 0.0866667 0.0375 0.0433333
0 0.250417 0.241667 0.0391667 0.0466667
0 0.854167 0.63 0.0416667 0.0433333
0 0.323333 0.152917 0.03 0.0325
0 0.957083 0.8325 0.0391667 0.0466667
0 0.2125 0.0154167 0.035 0.0308333
0 0.855417 0.426667 0.0375 0.04
0 0.395 0.375833 0.0433333 0.045
0 0.37375 0.504583 0.0341667 0.0375
0 0.565 0.991667 0.03 0.0166667
0 0.397917 0.247083 0.0358333 0.0408333
0 0.5 0.44625 0.0383333 0.0408333
0 0.276667 0.0641667 0.0366667 0.04
0 0.709167 0.269167 0.0383333 0.04
0 0.990833 0.415 0.0166667 0.0383333
0 0.379167 0.321667 0.035 0.0383333
0 0.17 0.345417 0.04 0.0408333
0 0.904167 0.47125 0.0366667 0.0425
0 0.736667 0.567917 0.035 0.0441667
0 0.53875 0.82375 0.0425 0.0458333
0 0.229167 0.5125 0.0366667 0.0433333
0 0.52375 0.265 0.0241667 0.025
0 0.387917 0.885 0.0391667 0.0416667
0 0.287917 0.193333 0.0408333 0.045
0 0.602917 0.837083 0.0391667 0.0441667
0 0.57875 0.297917 0.0408333 0.0441667
0 0.694167 0.637083 0.0383333 0.0408333
0 0.534167 0.890417 0.0366667 0.0408333
0 0.01625 0.825 0.0325 0.0366667
0 0.570833 0.1525 0.0366667 0.0383333
0 0.654167 0.930417 0.0366667 0.0441667
0 0.591667 0.109583 0.0316667 0.0358333
0 0.827917 0.96125 0.0325 0.0375
0 0.164583 0.135417 0.0375 0.0425
0 0.0466667 0.716667 0.035 0.04
0 0.175417 0.240833 0.0391667 0.04
0 0.0395833 0.0545833 0.0375 0.0425
0 0.458333 0.987917 0.035 0.0225
0 0.470833 0.0170833 0.035 0.0341667
0 0.899583 0.404167 0.0308333 0.0316667
0 0.0104167 0.5725 0.0208333 0.04
0 0.194583 0.29625 0.0375 0.0391667
0 0.778333 0.01625 0.035 0.0325
0 0.709583 0.22875 0.0375 0.0408333
0 0.88625 0.54375 0.0325 0.0375
0 0.59375 0.8975 0.0358333 0.0383333
0 0.44 0.397083 0.0383333 0.0408333
0 0.0129167 0.515 0.0258333 0.04
0 0.3075 0.877083 0.0333333 0.0375
0 0.775 0.180833 0.0366667 0.0383333
0 0.97125 0.0229167 0.0341667 0.0358333
0 0.4625 0.29625 0.0316667 0.0341667
0 0.66125 0.125 0.0291667 0.0333333
0 0.720833 0.72625 0.04 0.0408333
0 0.0758333 0.327083 0.0383333 0.0441667
0 0.798333 0.791667 0.04 0.0416667
0 0.968333 0.0879167 0.0366667 0.0408333
0 0.614167 0.140417 0.0316667 0.0341667
0 0.636667 0.18125 0.035 0.0358333
0 0.0516667 0.117917 0.035 0.0391667
0 0.1075 0.472083 0.0366667 0.0375
0 0.551667 0.0658333 0.0333333 0.035
0 0.910417 0.599583 0.0391667 0.0425
0 0.945417 0.98625 0.0308333 0.0258333
0 0.899583 0.8875 0.0358333 0.0366667
0 0.0979167 0.199167 0.0375 0.0383333
0 0.934167 0.0116667 0.0316667 0.0233333
0 0.35375 0.0966667 0.0341667 0.0366667
0 0.134167 0.239583 0.0366667 0.0408333
0 0.474583 0.257083 0.0325 0.0358333
0 0.882917 0.814583 0.0341667 0.0375
0 0.365833 0.446667 0.0366667 0.04
0 0.814167 0.91875 0.0366667 0.0391667
0 0.324583 0.0445833 0.0275 0.0291667
0 0.133333 0.0183333 0.03 0.0316667
0 0.431667 0.330833 0.0333333 0.035
0 0.99 0.77875 0.0183333 0.0341667
0 0.36625 0.855417 0.0341667 0.0375
0 0.14125 0.63875 0.0375 0.0391667
0 0.4475 0.14875 0.035 0.0358333
0 0.27 0.0229167 0.0333333 0.0341667
0 0.34 0.225833 0.035 0.0366667
0 0.523333 0.0433333 0.0366667 0.0383333
0 0.774167 0.60625 0.035 0.0391667
0 0.912083 0.955833 0.0341667 0.0366667
0 0.0716667 0.62125 0.0316667 0.0325
0 0.0441667 0.250417 0.0333333 0.0375
0 0.5075 0.9475 0.035 0.0366667
0 0.115 0.594167 0.035 0.0383333
0 0.230417 0.570417 0.0341667 0.0358333
0 0.0895833 0.282917 0.0375 0.0408333
0 0.675 0.0629167 0.0333333 0.0358333
0 0.86875 0.95375 0.0358333 0.0375
0 0.613333 0.02625 0.0366667 0.0358333
0 0.434167 0.9025 0.035 0.0366667
0 0.0895833 0.697917 0.0375 0.0375
0 0.444583 0.212917 0.0325 0.0341667
0 0.700417 0.87 0.0358333 0.0383333
0 0.89 0.692083 0.035 0.0391667
0 0.667917 0.776667 0.0375 0.04
0 0.785 0.884583 0.0333333 0.0358333
0 0.30875 0.418333 0.0358333 0.0383333
0 0.0683333 0.547083 0.0333333 0.0358333
0 0.126667 0.15 0.035 0.0366667
0 0.574167 0.219167 0.035 0.0383333
0 0.335 0.409583 0.035 0.0358333
0 0.0291667 0.648333 0.0316667 0.0333333
0 0.562083 0.025 0.0341667 0.035
0 0.441667 0.82625 0.035 0.0391667
0 0.804167 0.0570833 0.0333333 0.0358333
0 0.940417 0.700417 0.0308333 0.0358333
0 0.3725 0.0620833 0.0316667 0.0358333
0 0.482917 0.775 0.0325 0.035
0 0.05625 0.172917 0.0341667 0.0358333
0 0.96 0.39 0.0333333 0.0366667
0 0.732083 0.158333 0.0325 0.035
0 0.665417 0.0129167 0.0358333 0.0258333
0 0.945 0.567083 0.0366667 0.0391667
0 0.963333 0.455417 0.035 0.0358333
0 0.984167 0.51 0.0316667 0.035
0 0.0441667 0.485417 0.0333333 0.0358333
0 0.0179167 0.35375 0.0325 0.0358333
0 0.730417 0.8375 0.0341667 0.0383333
