0 0.100833 0.35625 0.035 0.0375
0 0.0866667 0.647917 0.0366667 0.0391667
0 0.0179167 0.634167 0.0325 0.04
0 0.20875 0.393333 0.0325 0.0383333
0 0.50375 0.835417 0.0341667 0.0391667
0 0.849167 0.765 0.0416667 0.05
0 0.429583 0.655833 0.0325 0.035
0 0.82875 0.809167 0.0425 0.0433333
0 0.38 0.862917 0.0383333 0.0475
0 0.295833 0.372917 0.045 0.0491667
0 0.794167 0.00458333 0.0283333 0.00916667
0 0.357917 0.0791667 0.0425 0.0466667
0 0.0991667 0.779583 0.0416667 0.0508333
0 0.319167 0.0954167 0.0433333 0.0475
0 0.144583 0.185833 0.0325 0.04
0 0.714583 0.464583 0.0425 0.0491667
0 0.647917 0.845417 0.0425 0.0458333
0 0.817083 0.149167 0.0441667 0.045
0 0.11625 0.4125 0.0391667 0.0466667
0 0.988333 0.142083 0.0233333 0.0325
0 0.410833 0.209167 0.045 0.0433333
0 0.418333 0.992917 0.0316667 0.0141667
0 0.34625 0.813333 0.0341667 0.0383333
0 0.291667 0.278333 0.0383333 0.0466667
0 0.96 0.440417 0.04 0.0425
0 0.06125 0.602917 0.0391667 0.0458333
0 0.647917 0.205833 0.0441667 0.0433333
0 0.13125 0.852917 0.0408333 0.0441667
0 0.0858333 0.386667 0.0433333 0.0516667
0 0.339583 0.989167 0.0291667 0.0216667
0 0.2175 0.187083 0.0283333 0.0291667
0 0.2825 0.905833 0.045 0.0433333
0 0.389583 0.41 0.0408333 0.0466667
0 0.7 0.340417 0.0333333 0.0358333
0 0.35875 0.0325 0.0358333 0.0366667
0 0.509583 0.675 0.0391667 0.0466667
0 0.3525 0.218333 0.04 0.05
0 0.739583 0.811667 0.0408333 0.04
0 0.0225 0.915 0.0383333 0.0466667
0 0.945 0.375833 0.04 0.0483333
0 0.547917 0.174167 0.0408333 0.0466667
0 0.737917 0.40125 0.0425 0.0475
0 0.329583 0.492917 0.0358333 0.0375
0 0.115 0.329167 0.035 0.0383333
0 0.240833 0.4425 0.0416667 0.0433333
0 0.142917 0.24 0.0341667 0.0383333
0 0.833333 0.627083 0.0366667 0.0375
0 0.9175 0.41875 0.035 0.0375
0 0.107917 0.191667 0.0325 0.0383333
0 0.314583 0.529583 0.0375 0.0441667
0 0.075 0.897917 0.0416667 0.0425
0 0.26625 0.210833 0.0358333 0.0383333
0 0.412083 0.10125 0.0408333 0.0408333
0 0.270417 0.127083 0.0375 0.0475
0 0.964583 0.632083 0.0375 0.0375
0 0.534167 0.86 0.0416667 0.0483333
0 0.529167 0.0208333 0.04 0.0416667
0 0.568333 0.93625 0.0383333 0.0425
0 0.359167 0.752083 0.0416667 0.0475
0 0.157917 0.626667 0.0391667 0.0416667
0 0.313333 0.782917 0.0383333 0.0441667
0 0.927083 0.989167 0.0341667 0.0216667
0 0.56375 0.0154167 0.0358333 0.0308333
0 0.80375 0.480417 0.0408333 0.0441667
0 0.469583 0.0695833 0.0425 0.0491667
0 0.400417 0.475833 0.0391667 0.0416667
0 0.67375 0.659167 0.0375 0.04
0 0.887917 0.468333 0.0375 0.0433333
0 0.0604167 0.759167 0.0358333 0.0416667
0 0.949583 0.54 0.0375 0.04
0 0.910833 0.342083 0.0416667 0.0425
0 0.584583 0.535833 0.0358333 0.0433333
0 0.915 0.305 0.03 0.0333333
0 0.218333 0.492917 0.0383333 0.0425
0 0.279583 0.513333 0.0408333 0.0416667
0 0.797917 0.0641667 0.0358333 0.0433333
0 0.115833 0.582917 0.0383333 0.0408333
0 0.252917 0.281667 0.0408333 0.0433333
0 0.00833333 0.780833 0.0166667 0.035
0 0.84375 0.375833 0.0391667 0.04
0 0.5675 0.47 0.0383333 0.04
0 0.294167 0.822917 0.0383333 0.0408333
0 0.602917 0.310833 0.0341667 0.0383333
0 0.752083 0.535 0.0341667 0.0416667
0 0.664583 0.15375 0.0358333 0.0408333
0 0.159583 0.494583 0.0358333 0.0391667
0 0.06875 0.548333 0.0358333 0.0433333
0 0.635417 0.5475 0.0358333 0.0383333
0 0.589583 0.06 0.0375 0.0416667
0 0.334167 0.877083 0.0283333 0.0308333
0 0.71625 0.610833 0.0341667 0.0366667
0 0.221667 0.781667 0.0366667 0.0416667
0 0.454583 0.5025 0.0408333 0.0416667
0 0.126667 0.8175 0.0366667 0.0383333
0 0.351667 0.155 0.0366667 0.0416667
0 0.340417 0.324167 0.0391667 0.045
0 0.229167 0.729583 0.0366667 0.0408333
0 0.908333 0.173333 0.035 0.04
0 0.694167 0.809167 0.0383333 0.0433333
0 0.275417 0.624167 0.0375 0.0416667
0 0.214583 0.230417 0.0425 0.0475
0 0.145 0.314583 0.035 0.0375
0 0.225417 0.967917 0.0341667 0.0358333
0 0.249167 0.654167 0.0366667 0.04
0 0.577917 0.7825 0.0375 0.04
0 0.430833 0.744167 0.035 0.0416667
0 0.62 0.33625 0.0366667 0.0425
0 0.359583 0.275417 0.0325 0.0358333
0 0.7425 0.645833 0.0333333 0.0366667
0 0.567083 0.651667 0.0375 0.0433333
0 0.484583 0.88375 0.0358333 0.0391667
0 0.0375 0.989583 0.035 0.0208333
0 0.688333 0.514583 0.035 0.0391667
0 0.5225 0.56625 0.0383333 0.0425
0 0.126667 0.966667 0.0366667 0.0383333
0 0.881667 0.72 0.0366667 0.0383333
0 0.565417 0.375833 0.0408333 0.0433333
0 0.0125 0.416667 0.025 0.0416667
0 0.113333 0.465 0.0366667 0.04
0 0.613333 0.25875 0.0366667 0.0425
0 0.613333 0.7425 0.035 0.0366667
0 0.379167 0.986667 0.03 0.0233333
0 0.791667 0.42875 0.0383333 0.0408333
0 0.66625 0.73125 0.0358333 0.0408333
0 0.254167 0.839167 0.035 0.04
0 0.93125 0.18875 0.0308333 0.0341667
0 0.762083 0.711667 0.0358333 0.04
0 0.337917 0.682083 0.0341667 0.0358333
0 0.620833 0.6025 0.0316667 0.0333333
0 0.30625 0.434167 0.0375 0.0416667
0 0.501667 0.73625 0.035 0.0375
0 0.605417 0.42875 0.0375 0.0408333
0 0.51375 0.42875 0.0375 0.0408333
0 0.424583 0.262917 0.0375 0.0425
0 0.272917 0.747083 0.0341667 0.0375
0 0.694167 0.430417 0.035 0.0391667
0 0.897917 0.0241667 0.0325 0.0333333
0 0.0795833 0.305833 0.0325 0.035
0 0.633333 0.0395833 0.0333333 0.0358333
0 0.707917 0.0541667 0.0375 0.04
0 0.795 0.197917 0.0366667 0.0408333
0 0.0320833 0.96375 0.0341667 0.0358333
0 0.08125 0.69375 0.0341667 0.0375
0 0.2925 0.185 0.0333333 0.0366667
0 0.350417 0.59125 0.0358333 0.0375
0 0.847917 0.07375 0.0341667 0.0358333
0 0.681667 0.118333 0.035 0.0366667
0 0.704583 0.88125 0.0325 0.0341667
0 0.215417 0.842083 0.0358333 0.0375
0 0.479167 0.558333 0.035 0.0366667
0 0.415833 0.15125 0.035 0.0358333
0 0.862083 0.410833 0.0325 0.035
0 0.485833 0.178333 0.0333333 0.0366667
0 0.449583 0.8075 0.0358333 0.0366667
0 0.5175 0.6375 0.0316667 0.0366667
0 0.4475 0.405 0.03 0.0333333
0 0.621667 0.39625 0.0333333 0.0375
0 0.0883333 0.512083 0.035 0.0375
0 0.479167 0.695 0.035 0.0383333
0 0.205 0.5825 0.035 0.0366667
0 0.0154167 0.311667 0.0308333 0.0366667
0 0.497083 0.32 0.0341667 0.0366667
0 0.175417 0.37625 0.0325 0.0358333
0 0.129167 0.693333 0.0333333 0.0366667
0 0.519167 0.772917 0.0333333 0.0375
0 0.663333 0.0125 0.035 0.025
0 0.175417 0.935 0.0325 0.035
0 0.985833 0.24125 0.0283333 0.0325
0 0.6825 0.387083 0.035 0.0375
0 0.389167 0.735833 0.035 0.0383333
0 0.0616667 0.27125 0.035 0.0375
0 0.375833 0.64 0.0333333 0.035
0 0.175417 0.730833 0.0341667 0.0366667
0 0.01875 0.69375 0.0341667 0.0375
0 0.60625 0.772917 0.0341667 0.0375
0 0.4175 0.875833 0.035 0.0366667
