0 0.0125 0.140833 0.025 0.045
0 0.648333 0.580417 0.045 0.0458333
0 0.85375 0.433333 0.0441667 0.0483333
0 0.0441667 0.60375 0.035 0.0391667
0 0.684583 0.69375 0.0341667 0.0375
0 0.845417 0.492083 0.0491667 0.0508333
0 0.881667 0.281667 0.045 0.0483333
0 0.450417 0.936667 0.0441667 0.05
0 0.43125 0.296667 0.0408333 0.05
0 0.935417 0.414167 0.0441667 0.05
0 0.81125 0.31875 0.0391667 0.0408333
0 0.9475 0.23875 0.0383333 0.0441667
0 0.29 0.332917 0.045 0.0441667
0 0.61875 0.529583 0.0291667 0.0308333
0 0.867917 0.84625 0.0341667 0.0408333
0 0.267083 0.0529167 0.0325 0.0341667
0 0.313333 0.20125 0.0433333 0.0525
0 0.780417 0.6225 0.0425 0.045
0 0.805833 0.96375 0.0433333 0.0508333
0 0.0995833 0.60375 0.0358333 0.0408333
0 0.223333 0.481667 0.0416667 0.0483333
0 0.0604167 0.19625 0.0391667 0.0475
0 0.162083 0.246667 0.0325 0.035
0 0.67875 0.74625 0.0375 0.0475
0 0.25375 0.1625 0.0458333 0.0533333
0 0.95875 0.612917 0.0391667 0.0475
0 0.760833 0.897083 0.0366667 0.0425
0 0.215 0.2275 0.045 0.0483333
0 0.0258333 0.517917 0.0416667 0.0491667
0 0.4975 0.0425 0.0316667 0.0333333
0 0.827083 0.681667 0.0341667 0.04
0 0.99375 0.265417 0.0125 0.0341667
0 0.757083 0.38375 0.0408333 0.0425
0 0.19625 0.544167 0.0308333 0.035
0 0.304167 0.74625 0.0366667 0.0375
0 0.982083 0.445 0.0358333 0.0433333
0 0.740833 0.829167 0.04 0.045
0 0.20625 0.155 0.0391667 0.045
0 0.5225 0.894167 0.0366667 0.04
0 0.16125 0.0283333 0.0425 0.045
0 0.427083 0.712917 0.0408333 0.0441667
0 0.402083 0.8775 0.0375 0.0466667
0 0.2025 0.359167 0.0433333 0.0416667
0 0.189583 0.2925 0.0408333 0.0466667
0 0.0733333 0.0216667 0.0366667 0.04
0 0.0604167 0.98625 0.0325 0.0275
0 0.4725 0.773333 0.04 0.045
0 0.133333 0.112083 0.0366667 0.0375
0 0.937917 0.967917 0.0425 0.0425
0 0.542917 0.15875 0.0375 0.0408333
0 0.05375 0.245417 0.0291667 0.0308333
0 0.603333 0.04125 0.0383333 0.0425
0 0.53125 0.726667 0.0375 0.04
0 0.760833 0.981667 0.0366667 0.0366667
0 0.55875 0.0758333 0.0358333 0.045
0 0.108333 0.987083 0.0333333 0.0241667
0 0.08625 0.67 0.0341667 0.0366667
0 0.0141667 0.385833 0.0283333 0.0366667
0 0.0770833 0.0816667 0.0358333 0.0416667
0 0.691667 0.974583 0.0333333 0.0375
0 0.0458333 0.485833 0.04 0.0466667
0 0.34375 0.985833 0.0375 0.0283333
0 0.295 0.430833 0.035 0.0366667
0 0.899583 0.703333 0.0391667 0.0466667
0 0.867917 0.7775 0.0358333 0.0433333
0 0.422083 0.0179167 0.0341667 0.0341667
0 0.1725 0.395833 0.0316667 0.0333333
0 0.313333 0.13125 0.0383333 0.0425
0 0.82125 0.814167 0.0308333 0.035
0 0.525833 0.0283333 0.035 0.0383333
0 0.681667 0.0275 0.0333333 0.0366667
0 0.90125 0.636667 0.0358333 0.0416667
0 0.134167 0.429167 0.0366667 0.04
0 0.375833 0.16 0.0383333 0.0416667
0 0.616667 0.12 0.035 0.0383333
0 0.378333 0.819583 0.0383333 0.0458333
0 0.0179167 0.450833 0.0358333 0.0416667
0 0.61 0.655417 0.035 0.0391667
0 0.43875 0.0654167 0.0358333 0.0391667
0 0.625417 0.805833 0.0358333 0.0366667
0 0.47 0.178333 0.0383333 0.045
0 0.334167 0.2725 0.0366667 0.04
0 0.10375 0.235 0.0358333 0.04
0 0.56125 0.810833 0.0341667 0.0366667
0 0.305833 0.0895833 0.0416667 0.0441667
0 0.964583 0.915417 0.0325 0.0375
0 0.315833 0.902083 0.035 0.0391667
0 0.102083 0.47375 0.0375 0.0408333
0 0.679167 0.0854167 0.0366667 0.0408333
0 0.871667 0.928333 0.035 0.0383333
0 0.80125 0.01125 0.0341667 0.0208333
0 0.50375 0.119583 0.0341667 0.0375
0 0.472083 0.881667 0.0358333 0.0383333
0 0.0129167 0.339583 0.0258333 0.0408333
0 0.237917 0.880417 0.0375 0.0391667
0 0.0170833 0.0520833 0.0341667 0.0408333
0 0.415833 0.11625 0.035 0.0375
0 0.925417 0.769167 0.0341667 0.0366667
0 0.13875 0.1725 0.0358333 0.0366667
0 0.174583 0.195 0.0358333 0.0383333
0 0.359167 0.0245833 0.0366667 0.0391667
0 0.690833 0.85875 0.035 0.0391667
0 0.605833 0.944583 0.035 0.0358333
0 0.540833 0.958333 0.0333333 0.035
0 0.75125 0.66875 0.0325 0.0358333
0 0.773333 0.5275 0.035 0.04
0 0.848333 0.635417 0.035 0.0375
0 0.438333 0.866667 0.0383333 0.0433333
0 0.351667 0.953333 0.0366667 0.0383333
0 0.468333 0.232083 0.035 0.0391667
0 0.841667 0.88 0.035 0.0383333
0 0.770417 0.740833 0.0325 0.035
0 0.427083 0.988333 0.0325 0.0233333
0 0.980833 0.76625 0.03 0.0341667
0 0.84 0.739583 0.0333333 0.0358333
0 0.945 0.84875 0.035 0.0391667
0 0.10375 0.2875 0.0325 0.035
0 0.119167 0.349583 0.035 0.0375
0 0.0654167 0.41125 0.0325 0.0358333
0 0.231667 0.1 0.035 0.0366667
0 0.165833 0.864583 0.0333333 0.0375
0 0.887917 0.989583 0.0391667 0.0191667
