0 0.82625 0.20375 0.0308333 0.0358333
0 0.38375 0.0104167 0.0408333 0.0208333
0 0.575417 0.398333 0.0491667 0.06
0 0.496667 0.899167 0.0483333 0.055
0 0.25375 0.637917 0.0508333 0.0541667
0 0.02 0.396667 0.035 0.04
0 0.810833 0.75625 0.0416667 0.0475
0 0.207083 0.59375 0.0308333 0.0358333
0 0.00791667 0.885833 0.0158333 0.035
0 0.799583 0.4525 0.0375 0.0416667
0 0.935833 0.215833 0.04 0.0466667
0 0.229167 0.342917 0.04 0.0475
0 0.995 0.0158333 0.01 0.0316667
0 0.909167 0.06375 0.0333333 0.0358333
0 0.442917 0.34625 0.0408333 0.0458333
0 0.291667 0.254583 0.0433333 0.0458333
0 0.879167 0.646667 0.035 0.0383333
0 0.470417 0.646667 0.0325 0.035
0 0.711667 0.570417 0.045 0.0525
0 0.183333 0.152083 0.0433333 0.0458333
0 0.511667 0.637083 0.0316667 0.0358333
0 0.131667 0.14875 0.04 0.0441667
0 0.4175 0.7725 0.0416667 0.0483333
0 0.824167 0.120833 0.045 0.0533333
0 0.364583 0.4025 0.0408333 0.0516667
0 0.432083 0.2775 0.0358333 0.04
0 0.0266667 0.64 0.0416667 0.045
0 0.311667 0.382917 0.0316667 0.0358333
0 0.978333 0.300833 0.0283333 0.0283333
0 0.657083 0.376667 0.0441667 0.0466667
0 0.938333 0.0683333 0.0366667 0.0433333
0 0.145833 0.735417 0.0333333 0.0358333
0 0.600417 0.597917 0.0308333 0.0358333
0 0.0129167 0.195417 0.0258333 0.0341667
0 0.0170833 0.97625 0.0308333 0.0341667
0 0.0520833 0.729583 0.0425 0.0425
0 0.780417 0.417083 0.0425 0.0441667
0 0.992083 0.314583 0.0158333 0.0341667
0 0.0308333 0.820417 0.0383333 0.0425
0 0.517917 0.289583 0.0341667 0.0391667
0 0.132083 0.973333 0.0308333 0.035
0 0.591667 0.915 0.0416667 0.0433333
0 0.40875 0.974167 0.0358333 0.0433333
0 0.62625 0.755 0.0391667 0.0483333
0 0.215417 0.241667 0.0325 0.0366667
0 0.110417 0.225 0.0375 0.0433333
0 0.435833 0.631667 0.0416667 0.0433333
0 0.495 0.0879167 0.0366667 0.0408333
0 0.54875 0.8575 0.0441667 0.0483333
0 0.60875 0.859583 0.0375 0.0391667
0 0.951667 0.12125 0.04 0.0441667
0 0.187083 0.377083 0.0391667 0.0391667
0 0.769583 0.688333 0.0441667 0.0533333
0 0.992917 0.524167 0.0141667 0.035
0 0.852917 0.478333 0.0391667 0.045
0 0.397083 0.21125 0.0391667 0.0391667
0 0.724583 0.62875 0.0408333 0.0425
0 0.402917 0.577083 0.0358333 0.0425
0 0.273333 0.18875 0.0416667 0.0425
0 0.285 0.586667 0.0383333 0.045
0 0.293333 0.0125 0.04 0.025
0 0.664583 0.0283333 0.0341667 0.0383333
0 0.925 0.685417 0.04 0.0458333
0 0.7225 0.1225 0.03 0.0316667
0 0.315833 0.46375 0.0416667 0.0408333
0 0.355 0.847917 0.0383333 0.0441667
0 0.495417 0.419583 0.0375 0.0441667
0 0.830833 0.383333 0.0366667 0.0416667
0 0.941667 0.639583 0.035 0.0375
0 0.989167 0.22375 0.0216667 0.0375
0 0.369167 0.0741667 0.0383333 0.0433333
0 0.385417 0.534583 0.0391667 0.0408333
0 0.254167 0.385 0.0316667 0.035
0 0.989583 0.407917 0.0191667 0.0358333
0 0.25625 0.261667 0.0375 0.0416667
0 0.766667 0.17875 0.0383333 0.0425
0 0.846667 0.595833 0.0316667 0.0316667
0 0.0745833 0.984583 0.0325 0.0308333
0 0.53625 0.474167 0.0375 0.04
0 0.430833 0.0295833 0.0383333 0.0391667
0 0.0125 0.577917 0.025 0.0408333
0 0.917917 0.487083 0.0375 0.0408333
0 0.685417 0.213333 0.0375 0.0416667
0 0.174167 0.6725 0.0383333 0.0416667
0 0.646667 0.165417 0.04 0.0425
0 0.294167 0.423333 0.04 0.0433333
0 0.8925 0.38125 0.0383333 0.0425
0 0.0204167 0.481667 0.0358333 0.04
0 0.59125 0.324167 0.0358333 0.0383333
0 0.912917 0.292917 0.0325 0.0341667
0 0.35 0.120833 0.0366667 0.0433333
0 0.108333 0.76875 0.0366667 0.0408333
0 0.927083 0.594583 0.0375 0.0425
0 0.274583 0.695833 0.0325 0.0333333
0 0.1475 0.605417 0.0416667 0.0408333
0 0.0395833 0.911667 0.0375 0.04
0 0.785 0.254583 0.0333333 0.0358333
0 0.09375 0.474583 0.0341667 0.0375
0 0.4325 0.90875 0.0366667 0.0391667
0 0.43625 0.849167 0.0358333 0.04
0 0.10375 0.569167 0.0358333 0.0383333
0 0.922083 0.349583 0.0375 0.0408333
0 0.195 0.45625 0.035 0.0375
0 0.195 0.928333 0.0366667 0.0433333
0 0.2275 0.90375 0.03 0.0325
0 0.125417 0.668333 0.0358333 0.0383333
0 0.4775 0.185833 0.035 0.04
0 0.491667 0.549167 0.035 0.04
0 0.84 0.566667 0.0366667 0.0416667
0 0.203333 0.981667 0.0283333 0.0283333
0 0.316667 0.824167 0.035 0.0366667
0 0.595417 0.0675 0.0375 0.04
0 0.202917 0.186667 0.0341667 0.0333333
0 0.18625 0.873333 0.0308333 0.0316667
0 0.127917 0.431667 0.0358333 0.0416667
0 0.355 0.759583 0.035 0.0375
0 0.5 0.0166667 0.0333333 0.0333333
0 0.230833 0.0975 0.0366667 0.0416667
0 0.704583 0.0120833 0.0325 0.0225
0 0.03875 0.31125 0.0358333 0.0375
0 0.4425 0.715417 0.0383333 0.0408333
0 0.8525 0.332083 0.035 0.0391667
0 0.8925 0.214583 0.04 0.0458333
0 0.365417 0.475417 0.0375 0.0408333
0 0.650417 0.435833 0.0341667 0.035
0 0.682083 0.81875 0.0358333 0.0391667
0 0.150417 0.52 0.0358333 0.0383333
0 0.625833 0.715833 0.0333333 0.0366667
0 0.250833 0.836667 0.0333333 0.035
0 0.77 0.610833 0.0366667 0.04
0 0.889167 0.272917 0.035 0.0358333
0 0.292917 0.889167 0.0358333 0.0383333
0 0.29125 0.73125 0.0308333 0.0325
0 0.26125 0.316667 0.0375 0.0416667
0 0.332083 0.520833 0.0375 0.04
0 0.345833 0.2025 0.0383333 0.0416667
0 0.338333 0.941667 0.0316667 0.0333333
0 0.765417 0.0920833 0.0375 0.0391667
0 0.68625 0.333333 0.0391667 0.0433333
0 0.2575 0.532917 0.035 0.0391667
0 0.964167 0.272917 0.035 0.0375
0 0.273333 0.781667 0.0366667 0.0383333
0 0.500417 0.472083 0.0358333 0.0391667
0 0.405 0.385833 0.035 0.0383333
0 0.1425 0.554167 0.0333333 0.035
0 0.22875 0.7925 0.0325 0.035
0 0.535833 0.379583 0.0366667 0.0375
0 0.0183333 0.5375 0.0366667 0.04
0 0.11 0.9125 0.035 0.04
0 0.6475 0.565417 0.0383333 0.0408333
0 0.615833 0.51 0.0366667 0.0416667
0 0.17625 0.82 0.0325 0.035
0 0.534583 0.715833 0.0375 0.0433333
0 0.405833 0.495 0.035 0.04
0 0.07 0.591667 0.035 0.04
0 0.475833 0.810833 0.0366667 0.04
0 0.929583 0.15125 0.0341667 0.0358333
0 0.520833 0.614583 0.0333333 0.0358333
0 0.976667 0.965833 0.03 0.03
0 0.911667 0.415833 0.0333333 0.035
0 0.664583 0.26 0.0358333 0.0416667
0 0.69875 0.429583 0.0358333 0.0358333
0 0.81375 0.644583 0.0375 0.0391667
0 0.71375 0.495417 0.0375 0.0425
0 0.654583 0.612083 0.0391667 0.0441667
0 0.594167 0.270833 0.035 0.0383333
0 0.46875 0.0391667 0.0358333 0.0366667
0 0.897917 0.167917 0.0341667 0.0391667
0 0.782083 0.512083 0.0341667 0.0358333
0 0.560833 0.0895833 0.035 0.0391667
0 0.08625 0.844583 0.0325 0.0358333
0 0.723333 0.229583 0.035 0.0375
0 0.56125 0.78125 0.0308333 0.0325
0 0.350417 0.71 0.0341667 0.0366667
0 0.8375 0.51875 0.035 0.0358333
0 0.89 0.0825 0.0366667 0.0416667
0 0.695 0.679583 0.0366667 0.0425
0 0.149167 0.914167 0.035 0.04
0 0.987917 0.466667 0.0241667 0.0333333
0 0.69875 0.78375 0.0391667 0.0425
0 0.74 0.516667 0.0316667 0.035
0 0.545 0.22125 0.035 0.0358333
0 0.956667 0.01625 0.035 0.0325
0 0.7575 0.28375 0.035 0.0375
0 0.561667 0.61125 0.0366667 0.0408333
0 0.930417 0.967083 0.0308333 0.0325
0 0.87875 0.602083 0.0341667 0.0358333
0 0.955833 0.545417 0.035 0.0375
0 0.48375 0.587917 0.0341667 0.0375
0 0.847917 0.0479167 0.0325 0.0358333
0 0.4825 0.692083 0.0366667 0.0408333
0 0.82125 0.29875 0.0341667 0.0391667
0 0.877917 0.0191667 0.0341667 0.0366667
0 0.61 0.63125 0.035 0.0375
