0 0.09625 0.893333 0.0341667 0.0383333
0 0.185 0.184583 0.045 0.0475
0 0.09375 0.005 0.0308333 0.01
0 0.8975 0.83375 0.04 0.0425
0 0.935 0.64375 0.0366667 0.0408333
0 0.907917 0.95875 0.0275 0.0341667
0 0.00583333 0.0425 0.0116667 0.0266667
0 0.841667 0.790417 0.0366667 0.0408333
0 0.0379167 0.965 0.0341667 0.0383333
0 0.69375 0.03125 0.0408333 0.0458333
0 0.305417 0.24875 0.0291667 0.0325
0 0.00791667 0.284583 0.0158333 0.0325
0 0.99125 0.748333 0.0175 0.045
0 0.16 0.946667 0.045 0.045
0 0.480417 0.640833 0.0391667 0.05
0 0.4975 0.840417 0.04 0.0441667
0 0.287083 0.035 0.0291667 0.03
0 0.289167 0.167917 0.0416667 0.0458333
0 0.61125 0.07125 0.0308333 0.0325
0 0.549583 0.905 0.0408333 0.0466667
0 0.01125 0.405 0.0225 0.04
0 0.359167 0.810417 0.035 0.0408333
0 0.937917 0.2425 0.0458333 0.05
0 0.82625 0.681667 0.0408333 0.045
0 0.40875 0.0220833 0.0408333 0.0441667
0 0.694583 0.459167 0.0391667 0.0483333
0 0.994583 0.377083 0.0108333 0.0325
0 0.854167 0.285833 0.0333333 0.0383333
0 0.66625 0.614583 0.0391667 0.0508333
0 0.761667 0.877083 0.0416667 0.0458333
0 0.991667 0.322917 0.0166667 0.0341667
0 0.285 0.71 0.0366667 0.04
0 0.655417 0.80875 0.0341667 0.0375
0 0.26 0.128333 0.04 0.0483333
0 0.284167 0.805 0.0416667 0.0483333
0 0.415 0.772917 0.0366667 0.0458333
0 0.241667 0.385833 0.0416667 0.045
0 0.408333 0.606667 0.0366667 0.0433333
0 0.246667 0.761667 0.0333333 0.0366667
0 0.340833 0.614167 0.04 0.0416667
0 0.424583 0.989167 0.0258333 0.0216667
0 0.660417 0.942917 0.0408333 0.0408333
0 0.770833 0.493333 0.04 0.0483333
0 0.21125 0.123333 0.0391667 0.0433333
0 0.195833 0.350833 0.0383333 0.04
0 0.4175 0.06625 0.0383333 0.0408333
0 0.804167 0.55125 0.0383333 0.0425
0 0.7675 0.361667 0.0416667 0.045
0 0.959583 0.540833 0.0408333 0.0416667
0 0.804583 0.600833 0.0325 0.035
0 0.452917 0.937917 0.0425 0.0458333
0 0.93875 0.816667 0.0391667 0.045
0 0.401667 0.221667 0.0333333 0.035
0 0.0129167 0.319167 0.0258333 0.0383333
0 0.240417 0.235 0.0325 0.0366667
0 0.562917 0.773333 0.0358333 0.0383333
0 0.750833 0.574167 0.0416667 0.045
0 0.631667 0.866667 0.0366667 0.0433333
0 0.454583 0.736667 0.0358333 0.0383333
0 0.807083 0.40875 0.0375 0.0408333
0 0.57 0.597917 0.0433333 0.0458333
0 0.252917 0.257917 0.0275 0.0308333
0 0.571667 0.142917 0.04 0.0425
0 0.641667 0.06 0.0383333 0.045
0 0.527917 0.619167 0.0375 0.04
0 0.233333 0.0279167 0.0333333 0.0358333
0 0.38625 0.3 0.0375 0.0433333
0 0.717917 0.334583 0.0391667 0.0475
0 0.125 0.07875 0.0366667 0.0391667
0 0.144167 0.772917 0.03 0.0325
0 0.141667 0.483333 0.0283333 0.03
0 0.192917 0.898333 0.0408333 0.0466667
0 0.06125 0.43875 0.0308333 0.0341667
0 0.109167 0.81375 0.04 0.0408333
0 0.0216667 0.119583 0.0416667 0.0425
0 0.74875 0.533333 0.0408333 0.0466667
0 0.325833 0.967083 0.0383333 0.0425
0 0.335833 0.153333 0.0333333 0.0366667
0 0.8 0.769583 0.0383333 0.0425
0 0.714583 0.704583 0.0358333 0.0391667
0 0.381667 0.972917 0.0333333 0.0358333
0 0.22625 0.979167 0.0258333 0.03
0 0.18125 0.798333 0.0325 0.0366667
0 0.264583 0.60875 0.0341667 0.0358333
0 0.547083 0.680833 0.0358333 0.0416667
0 0.1025 0.2025 0.035 0.0383333
0 0.3375 0.312083 0.0366667 0.0391667
0 0.3825 0.929583 0.035 0.0408333
0 0.62125 0.645833 0.0391667 0.04
0 0.177917 0.447083 0.0358333 0.0391667
0 0.5775 0.0166667 0.0283333 0.03
0 0.0104167 0.524583 0.0208333 0.0358333
0 0.212083 0.29875 0.0391667 0.0408333
0 0.03125 0.0545833 0.0375 0.0391667
0 0.310833 0.370417 0.0366667 0.0391667
0 0.879583 0.797083 0.0391667 0.0425
0 0.837917 0.879583 0.0358333 0.0441667
0 0.320417 0.730833 0.0358333 0.0416667
0 0.520833 0.187083 0.0416667 0.0458333
0 0.0883333 0.270417 0.0366667 0.0441667
0 0.0204167 0.84375 0.0375 0.0425
0 0.290417 0.289583 0.0358333 0.0391667
0 0.820833 0.502083 0.0316667 0.0308333
0 0.867917 0.409583 0.0358333 0.0408333
0 0.1725 0.0708333 0.0366667 0.04
0 0.25625 0.68875 0.0358333 0.0391667
0 0.41875 0.887083 0.0358333 0.0375
0 0.57625 0.20875 0.0341667 0.0375
0 0.483333 0.763333 0.0383333 0.0416667
0 0.634167 0.522917 0.0333333 0.0358333
0 0.0654167 0.02875 0.0341667 0.0358333
0 0.2625 0.967917 0.0366667 0.0391667
0 0.244167 0.170417 0.0333333 0.0375
0 0.16875 0.508333 0.0358333 0.0383333
0 0.934583 0.721667 0.0341667 0.0366667
0 0.403333 0.818333 0.0333333 0.035
0 0.0945833 0.975 0.0358333 0.04
0 0.257917 0.197917 0.0375 0.0391667
0 0.524583 0.0433333 0.0358333 0.0383333
0 0.0183333 0.575 0.035 0.0366667
0 0.96875 0.674167 0.0341667 0.0416667
0 0.125 0.0170833 0.0333333 0.0341667
0 0.549167 0.98625 0.0333333 0.0275
0 0.30625 0.10625 0.0358333 0.0408333
0 0.715417 0.75375 0.0308333 0.0358333
0 0.41875 0.142917 0.0358333 0.0391667
0 0.102917 0.540417 0.0308333 0.0325
0 0.93375 0.359167 0.0325 0.035
0 0.267917 0.885 0.0358333 0.04
0 0.97125 0.83375 0.0358333 0.0408333
0 0.91 0.905417 0.035 0.0358333
0 0.752083 0.98625 0.0341667 0.0258333
0 0.943333 0.48625 0.0366667 0.0391667
0 0.984583 0.94375 0.0308333 0.0341667
0 0.532917 0.575833 0.0358333 0.0416667
0 0.6175 0.775 0.0333333 0.0366667
0 0.831667 0.335417 0.035 0.0375
0 0.14875 0.285833 0.0341667 0.0366667
0 0.0120833 0.0166667 0.0241667 0.0333333
0 0.98625 0.42625 0.0275 0.0375
0 0.630833 0.703333 0.0333333 0.035
0 0.0166667 0.916667 0.0333333 0.04
0 0.122917 0.8675 0.0341667 0.0383333
0 0.112917 0.1475 0.0358333 0.04
0 0.80875 0.953333 0.0358333 0.0366667
0 0.948333 0.768333 0.035 0.04
0 0.285833 0.415417 0.035 0.0375
0 0.418333 0.677083 0.0333333 0.0358333
0 0.260417 0.0608333 0.0375 0.0433333
0 0.0929167 0.0683333 0.0291667 0.0316667
0 0.73125 0.634583 0.0325 0.0375
0 0.0404167 0.375833 0.0341667 0.0383333
0 0.0679167 0.9075 0.0325 0.0366667
0 0.390833 0.191667 0.035 0.0383333
0 0.15375 0.882083 0.0375 0.0408333
0 0.622917 0.150417 0.0325 0.0375
0 0.0475 0.310417 0.035 0.0358333
0 0.207917 0.79125 0.0358333 0.0358333
0 0.849583 0.52125 0.0341667 0.0391667
