0 0.0875 0.795 0.0333333 0.035
0 0.0675 0.877917 0.0416667 0.0475
0 0.372083 0.955417 0.0458333 0.0425
0 0.54 0.44875 0.0466667 0.0491667
0 0.0075 0.905833 0.0133333 0.03
0 0.892083 0.81625 0.0408333 0.0475
0 0.109583 0.656667 0.0408333 0.045
0 0.801667 0.502917 0.0466667 0.0558333
0 0.259583 0.200417 0.0508333 0.0591667
0 0.0858333 0.984167 0.0316667 0.03
0 0.375 0.45375 0.0366667 0.0458333
0 0.5775 0.586667 0.045 0.0566667
0 0.75375 0.136667 0.0475 0.0516667
0 0.529167 0.645 0.0433333 0.05
0 0.88 0.598333 0.0433333 0.0466667
0 0.0725 0.688333 0.0433333 0.0483333
0 0.0983333 0.548333 0.0383333 0.0416667
0 0.869167 0.555 0.0466667 0.0483333
0 0.920417 0.2075 0.0358333 0.0433333
0 0.264167 0.3775 0.0416667 0.0516667
0 0.50125 0.2775 0.0425 0.0483333
0 0.349167 0.133333 0.035 0.0366667
0 0.973333 0.148333 0.0333333 0.0366667
0 0.21125 0.328333 0.0325 0.0366667
0 0.475 0.0595833 0.0433333 0.0458333
0 0.94625 0.452917 0.0408333 0.0425
0 0.397917 0.829583 0.0258333 0.0275
0 0.606667 0.0829167 0.0316667 0.0358333
0 0.679167 0.1125 0.0333333 0.035
0 0.584583 0.4125 0.0408333 0.05
0 0.484583 0.475417 0.0375 0.0425
0 0.0291667 0.461667 0.0433333 0.0433333
0 0.49 0.8 0.0383333 0.045
0 0.462083 0.4025 0.0425 0.0466667
0 0.559583 0.483333 0.0391667 0.045
0 0.361667 0.161667 0.0433333 0.05
0 0.237917 0.799167 0.0408333 0.0433333
0 0.659583 0.547083 0.0425 0.0475
0 0.390833 0.28625 0.035 0.0408333
0 0.279583 0.6975 0.0408333 0.0416667
0 0.925417 0.969167 0.0391667 0.04
0 0.75125 0.96875 0.0341667 0.0358333
0 0.664167 0.01125 0.0383333 0.0191667
0 0.348333 0.04625 0.0366667 0.0441667
0 0.54625 0.542917 0.0308333 0.0325
0 0.92125 0.309167 0.0408333 0.0433333
0 0.4275 0.7 0.0283333 0.03
0 0.08125 0.44 0.0391667 0.0416667
0 0.0141667 0.66125 0.0283333 0.0391667
0 0.20125 0.850833 0.0408333 0.0416667
0 0.132083 0.453333 0.0408333 0.045
0 0.413333 0.64875 0.0366667 0.0391667
0 0.327083 0.55375 0.0341667 0.0408333
0 0.945833 0.3575 0.0433333 0.045
0 0.22375 0.591667 0.0358333 0.0383333
0 0.49875 0.544583 0.0375 0.0408333
0 0.302083 0.624583 0.0358333 0.0375
0 0.107917 0.35125 0.0375 0.0408333
0 0.293333 0.17375 0.0366667 0.0408333
0 0.787917 0.329583 0.0408333 0.0441667
0 0.103333 0.5925 0.035 0.0366667
0 0.592083 0.696667 0.0325 0.035
0 0.187917 0.215833 0.0375 0.04
0 0.585417 0.49875 0.0375 0.0408333
0 0.130833 0.939583 0.0383333 0.0408333
0 0.7725 0.0941667 0.0316667 0.035
0 0.2175 0.244167 0.0383333 0.0483333
0 0.305 0.251667 0.0383333 0.0433333
0 0.0454167 0.548333 0.0325 0.0366667
0 0.822083 0.286667 0.0375 0.045
0 0.285 0.0833333 0.04 0.0466667
0 0.0766667 0.272083 0.0383333 0.0425
0 0.501667 0.11 0.035 0.04
0 0.774583 0.559583 0.0375 0.0408333
0 0.367083 0.609167 0.0341667 0.0366667
0 0.0504167 0.5925 0.0375 0.0416667
0 0.23875 0.749583 0.0358333 0.0391667
0 0.45625 0.15 0.0391667 0.0433333
0 0.187083 0.397083 0.0391667 0.0408333
0 0.638333 0.478333 0.03 0.0333333
0 0.460417 0.914583 0.0375 0.0441667
0 0.719167 0.66 0.0383333 0.04
0 0.0133333 0.745833 0.0266667 0.0433333
0 0.176667 0.8975 0.04 0.04
0 0.04125 0.21875 0.0341667 0.0391667
0 0.710417 0.3275 0.0358333 0.0383333
0 0.412917 0.0866667 0.0358333 0.0383333
0 0.235833 0.88875 0.0366667 0.0425
0 0.0208333 0.52125 0.0366667 0.0408333
0 0.449167 0.435833 0.0366667 0.0416667
0 0.984167 0.977083 0.0316667 0.0425
0 0.404167 0.905833 0.0383333 0.0416667
0 0.225417 0.52375 0.0325 0.0375
0 0.735833 0.216667 0.0333333 0.0366667
0 0.762917 0.42 0.0375 0.0383333
0 0.616667 0.4575 0.0383333 0.0416667
0 0.0479167 0.6425 0.0375 0.0416667
0 0.876667 0.24875 0.035 0.0375
0 0.4125 0.04875 0.0333333 0.0358333
0 0.5575 0.177917 0.0333333 0.0375
0 0.119167 0.986667 0.0333333 0.0266667
0 0.36375 0.41 0.0375 0.0383333
0 0.3275 0.841667 0.0333333 0.0366667
0 0.00916667 0.322917 0.0183333 0.0341667
0 0.11875 0.499167 0.0341667 0.0366667
0 0.404583 0.37 0.0358333 0.0383333
0 0.472083 0.203333 0.0375 0.0433333
0 0.585833 0.169583 0.035 0.0391667
0 0.4075 0.595 0.035 0.0366667
0 0.644167 0.369583 0.0333333 0.0358333
0 0.15625 0.793333 0.0341667 0.0366667
0 0.139583 0.314167 0.0291667 0.0316667
0 0.4575 0.49625 0.035 0.0375
0 0.661667 0.149167 0.03 0.0333333
0 0.327083 0.393333 0.0325 0.0366667
0 0.924167 0.0670833 0.0383333 0.0408333
0 0.987917 0.0795833 0.0208333 0.0375
0 0.2775 0.651667 0.0366667 0.0383333
0 0.845833 0.40875 0.03 0.0325
0 0.322083 0.449167 0.0325 0.035
0 0.840833 0.32875 0.0366667 0.0375
0 0.01375 0.375833 0.0275 0.0416667
0 0.416667 0.5275 0.0333333 0.035
0 0.31625 0.790417 0.0308333 0.0341667
0 0.369583 0.345833 0.0358333 0.0383333
0 0.761667 0.0116667 0.035 0.0216667
0 0.286667 0.484167 0.035 0.04
0 0.882083 0.0466667 0.0341667 0.035
0 0.2675 0.332083 0.0366667 0.0408333
0 0.18375 0.50625 0.0358333 0.0391667
0 0.650833 0.222083 0.035 0.0375
0 0.35375 0.266667 0.0308333 0.0333333
0 0.108333 0.41 0.035 0.0383333
0 0.08625 0.92 0.0325 0.035
0 0.56875 0.02875 0.0308333 0.0325
0 0.464583 0.3425 0.0308333 0.0333333
0 0.0575 0.4025 0.035 0.0416667
0 0.694167 0.545417 0.0366667 0.0375
0 0.836667 0.17875 0.035 0.0375
0 0.485 0.655417 0.0366667 0.0391667
0 0.11125 0.8275 0.0325 0.035
0 0.168333 0.655 0.035 0.0383333
0 0.977917 0.0504167 0.0308333 0.0341667
0 0.305833 0.310833 0.0316667 0.0333333
0 0.682083 0.49625 0.0341667 0.0375
0 0.333333 0.743333 0.0316667 0.035
0 0.328333 0.940417 0.0366667 0.0391667
0 0.890833 0.415417 0.0366667 0.0425
0 0.469167 0.740833 0.0333333 0.035
0 0.797917 0.432083 0.0341667 0.0375
0 0.412917 0.172083 0.0325 0.0358333
0 0.860833 0.470417 0.0366667 0.0391667
0 0.41 0.75625 0.035 0.0375
0 0.86125 0.35625 0.0341667 0.0358333
0 0.45 0.66 0.0316667 0.035
0 0.345 0.697083 0.035 0.0375
0 0.65125 0.0583333 0.0291667 0.0316667
0 0.983333 0.847083 0.03 0.0325
0 0.984583 0.194167 0.0291667 0.0316667
0 0.7075 0.479583 0.0366667 0.0391667
0 0.177083 0.738333 0.0308333 0.035
0 0.8225 0.2475 0.0366667 0.04
0 0.435417 0.825833 0.0325 0.035
0 0.70625 0.273333 0.0341667 0.0366667
0 0.597083 0.24375 0.0325 0.0358333
0 0.272083 0.874583 0.0358333 0.0391667
