0 0.556667 0.909583 0.0333333 0.0341667
0 0.827083 0.539583 0.0391667 0.0441667
0 0.0175 0.134583 0.035 0.0475
0 0.529583 0.445417 0.0425 0.0441667
0 0.264583 0.76375 0.0358333 0.0441667
0 0.806667 0.994583 0.0283333 0.0108333
0 0.09375 0.7875 0.0325 0.0333333
0 0.83125 0.962083 0.0308333 0.0325
0 0.115833 0.925833 0.0433333 0.055
0 0.342917 0.65125 0.0458333 0.0491667
0 0.4725 0.47125 0.0433333 0.0491667
0 0.292917 0.542083 0.0458333 0.0475
0 0.761667 0.5975 0.0416667 0.045
0 0.962917 0.958333 0.0375 0.0383333
0 0.565417 0.697083 0.0425 0.0525
0 0.64625 0.404583 0.0391667 0.0408333
0 0.824167 0.22 0.04 0.05
0 0.213333 0.0104167 0.0333333 0.0208333
0 0.851667 0.265833 0.0433333 0.0466667
0 0.2975 0.109583 0.0466667 0.0575
0 0.249583 0.0191667 0.0408333 0.0383333
0 0.154583 0.0245833 0.0308333 0.0341667
0 0.85875 0.991667 0.0308333 0.0166667
0 0.983333 0.292917 0.0283333 0.0325
0 0.870417 0.764583 0.0408333 0.0458333
0 0.392917 0.932083 0.0375 0.0408333
0 0.527083 0.5475 0.0391667 0.0433333
0 0.49125 0.511667 0.0425 0.0466667
0 0.987917 0.01875 0.0241667 0.0375
0 0.9475 0.698333 0.035 0.0416667
0 0.60875 0.948333 0.0408333 0.045
0 0.774583 0.3075 0.0441667 0.0466667
0 0.18 0.7225 0.0383333 0.0483333
0 0.609583 0.903333 0.0291667 0.0316667
0 0.54375 0.380833 0.0375 0.0433333
0 0.3575 0.544167 0.0416667 0.045
0 0.444167 0.874167 0.0433333 0.05
0 0.222917 0.804167 0.0375 0.0416667
0 0.385 0.6525 0.0383333 0.04
0 0.31625 0.814583 0.0408333 0.0408333
0 0.920833 0.788333 0.03 0.0316667
0 0.8975 0.256667 0.0433333 0.0483333
0 0.172083 0.847917 0.0358333 0.0391667
0 0.471667 0.01 0.0316667 0.02
0 0.0304167 0.487083 0.0391667 0.0408333
0 0.687083 0.355 0.0425 0.0433333
0 0.7975 0.34375 0.04 0.0425
0 0.394167 0.767083 0.0366667 0.0408333
0 0.769167 0.480417 0.0366667 0.0458333
0 0.649167 0.699167 0.0433333 0.0433333
0 0.34 0.7 0.0383333 0.04
0 0.155417 0.239167 0.0425 0.0483333
0 0.0525 0.799583 0.035 0.0408333
0 0.635417 0.594583 0.0341667 0.0375
0 0.526667 0.494167 0.03 0.0283333
0 0.250833 0.0916667 0.0383333 0.045
0 0.9775 0.337917 0.0383333 0.0391667
0 0.424167 0.448333 0.04 0.0416667
0 0.704583 0.539167 0.0375 0.0416667
0 0.192917 0.265417 0.0408333 0.0458333
0 0.960833 0.212917 0.0366667 0.0425
0 0.749167 0.259583 0.04 0.0425
0 0.417917 0.592917 0.0375 0.0425
0 0.867083 0.524167 0.0375 0.0433333
0 0.483333 0.373333 0.0366667 0.0416667
0 0.214167 0.705833 0.0333333 0.0366667
0 0.0616667 0.182083 0.0366667 0.0425
0 0.53375 0.774583 0.0358333 0.0391667
0 0.732917 0.83 0.0425 0.0433333
0 0.829583 0.734583 0.0341667 0.0375
0 0.957083 0.912917 0.0375 0.0425
0 0.295833 0.149167 0.03 0.0333333
0 0.0154167 0.3625 0.0308333 0.0383333
0 0.7775 0.662083 0.035 0.0391667
0 0.03125 0.2375 0.0391667 0.0433333
0 0.9825 0.46 0.0333333 0.035
0 0.47375 0.954167 0.0358333 0.04
0 0.501667 0.823333 0.0383333 0.0433333
0 0.597917 0.60875 0.0325 0.0358333
0 0.815417 0.647083 0.0358333 0.0408333
0 0.8775 0.964167 0.0316667 0.0383333
0 0.991667 0.259167 0.0166667 0.0383333
0 0.897917 0.202083 0.0341667 0.0375
0 0.337917 0.871667 0.0375 0.04
0 0.490833 0.686667 0.0383333 0.0433333
0 0.1175 0.688333 0.0366667 0.0416667
0 0.82 0.908333 0.0433333 0.0433333
0 0.400417 0.985417 0.0375 0.0291667
0 0.739167 0.712917 0.0366667 0.0408333
0 0.752917 0.988333 0.0291667 0.0233333
0 0.4025 0.839167 0.035 0.0416667
0 0.36375 0.105417 0.0375 0.0425
0 0.930833 0.620833 0.0366667 0.0416667
0 0.746667 0.757917 0.0383333 0.0425
0 0.95125 0.869583 0.0325 0.0341667
0 0.97375 0.829167 0.0375 0.0383333
0 0.822083 0.402917 0.0358333 0.0391667
0 0.06375 0.963333 0.0325 0.0383333
0 0.5175 0.940833 0.0366667 0.0383333
0 0.73625 0.97125 0.0358333 0.0375
0 0.4 0.0458333 0.0366667 0.0433333
0 0.3525 0.0679167 0.03 0.0325
0 0.369167 0.797083 0.0366667 0.0375
0 0.0929167 0.367917 0.0308333 0.0325
0 0.987083 0.735417 0.0241667 0.0308333
0 0.458333 0.545833 0.0383333 0.0433333
0 0.4875 0.591667 0.0333333 0.035
0 0.54125 0.861667 0.0308333 0.035
0 0.57 0.496667 0.035 0.04
0 0.824167 0.48 0.0366667 0.0383333
0 0.877917 0.662917 0.0325 0.0358333
0 0.600417 0.303333 0.0358333 0.0366667
0 0.64 0.487917 0.0383333 0.0425
0 0.242917 0.695417 0.0341667 0.0391667
0 0.758333 0.902917 0.035 0.0391667
0 0.862917 0.422083 0.0375 0.0391667
0 0.309167 0.214583 0.0383333 0.0425
0 0.282083 0.045 0.0325 0.035
0 0.643333 0.875 0.035 0.0383333
0 0.889583 0.84625 0.0325 0.0341667
0 0.055 0.0395833 0.035 0.0358333
0 0.197917 0.675417 0.0358333 0.0375
0 0.0379167 0.404583 0.0341667 0.0375
0 0.659583 0.6575 0.0358333 0.045
0 0.159583 0.276667 0.0341667 0.0366667
0 0.704583 0.486667 0.0358333 0.04
0 0.315 0.9825 0.03 0.0316667
0 0.879167 0.33625 0.0366667 0.0408333
0 0.892083 0.886667 0.0375 0.0433333
0 0.330417 0.74625 0.0341667 0.0358333
0 0.0833333 0.86125 0.0333333 0.0358333
0 0.0191667 0.284167 0.0366667 0.0416667
0 0.0920833 0.0904167 0.0358333 0.0375
0 0.160417 0.982917 0.0291667 0.0325
0 0.515417 0.90125 0.0341667 0.0375
0 0.8575 0.155833 0.0333333 0.035
0 0.5325 0.99125 0.035 0.0175
0 0.922917 0.43875 0.0358333 0.0391667
0 0.788333 0.825417 0.035 0.0375
0 0.450833 0.6775 0.035 0.0366667
0 0.535417 0.615 0.0358333 0.0383333
0 0.191667 0.3275 0.035 0.0366667
0 0.967917 0.564583 0.0341667 0.0358333
0 0.719167 0.421667 0.0333333 0.0366667
0 0.128333 0.167083 0.0366667 0.0391667
0 0.821667 0.825833 0.0333333 0.035
0 0.664167 0.93625 0.0333333 0.0358333
0 0.935833 0.54625 0.0333333 0.0358333
0 0.472083 0.4275 0.0358333 0.0383333
0 0.167917 0.13125 0.0375 0.0391667
0 0.26625 0.185417 0.0358333 0.0408333
0 0.32125 0.9175 0.0341667 0.0366667
0 0.6825 0.98375 0.0316667 0.0308333
0 0.950833 0.1325 0.0316667 0.0333333
0 0.2025 0.194167 0.035 0.0383333
0 0.701667 0.31375 0.0333333 0.0375
0 0.412083 0.116667 0.0325 0.0333333
0 0.440833 0.0325 0.0316667 0.035
0 0.229167 0.16625 0.0366667 0.0391667
