0 0.107917 0.515 0.0458333 0.0533333
0 0.7525 0.0345833 0.0383333 0.0391667
0 0.00958333 0.734167 0.0191667 0.04
0 0.5475 0.44375 0.035 0.0358333
0 0.217083 0.385833 0.0458333 0.0483333
0 0.101667 0.869583 0.0266667 0.0291667
0 0.508333 0.194583 0.04 0.0441667
0 0.522917 0.6625 0.0475 0.0566667
0 0.254167 0.02125 0.0466667 0.0425
0 0.213333 0.117917 0.0366667 0.0391667
0 0.44875 0.624583 0.0408333 0.0458333
0 0.305417 0.137083 0.0358333 0.0408333
0 0.600833 0.438333 0.0433333 0.0466667
0 0.01875 0.0475 0.0308333 0.035
0 0.62125 0.200833 0.0358333 0.0383333
0 0.249167 0.645417 0.0366667 0.0408333
0 0.78625 0.95875 0.0375 0.0408333
0 0.74 0.330833 0.0433333 0.0466667
0 0.522083 0.115417 0.0325 0.0358333
0 0.0458333 0.147083 0.035 0.0408333
0 0.789583 0.294583 0.0325 0.0375
0 0.0995833 0.307917 0.0291667 0.0308333
0 0.24375 0.837917 0.0391667 0.0458333
0 0.239167 0.765 0.045 0.0483333
0 0.015 0.595417 0.03 0.0441667
0 0.095 0.39375 0.0433333 0.0491667
0 0.867917 0.62125 0.0358333 0.0391667
0 0.264583 0.959583 0.0441667 0.0425
0 0.045 0.557083 0.0433333 0.0458333
0 0.0933333 0.9575 0.035 0.0383333
0 0.577083 0.0633333 0.0358333 0.035
0 0.25125 0.157083 0.0441667 0.0441667
0 0.30125 0.420417 0.0408333 0.0425
0 0.43 0.0433333 0.0333333 0.035
0 0.855417 0.280417 0.0391667 0.0425
0 0.871667 0.153333 0.0333333 0.0366667
0 0.365417 0.425417 0.0375 0.0391667
0 0.21125 0.485417 0.0391667 0.0408333
0 0.373333 0.9475 0.035 0.0383333
0 0.807083 0.23375 0.0375 0.0408333
0 0.35125 0.539583 0.0341667 0.0375
0 0.30125 0.306667 0.0408333 0.0483333
0 0.889167 0.529167 0.0366667 0.04
0 0.4175 0.812083 0.0366667 0.0458333
0 0.259167 0.48 0.0383333 0.0416667
0 0.326667 0.479167 0.035 0.0366667
0 0.0395833 0.805833 0.0358333 0.0416667
0 0.314167 0.90875 0.04 0.0508333
0 0.645417 0.15125 0.0325 0.0375
0 0.0541667 0.303333 0.045 0.0483333
0 0.415833 0.462083 0.04 0.0441667
0 0.232917 0.615417 0.0391667 0.0441667
0 0.465 0.670417 0.0316667 0.0341667
0 0.325417 0.0891667 0.0391667 0.0433333
0 0.174167 0.613333 0.0383333 0.0433333
0 0.840417 0.175417 0.0358333 0.0408333
0 0.564167 0.364167 0.0366667 0.0383333
0 0.911667 0.0729167 0.0383333 0.0408333
0 0.926667 0.429167 0.035 0.04
0 0.4375 0.554583 0.0266667 0.0308333
0 0.418333 0.8925 0.0366667 0.0433333
0 0.06875 0.83 0.0391667 0.0383333
0 0.41 0.532083 0.0366667 0.0425
0 0.278333 0.367083 0.0416667 0.0458333
0 0.183333 0.135833 0.04 0.045
0 0.19625 0.890417 0.0408333 0.0441667
0 0.82 0.505 0.04 0.045
0 0.30125 0.205 0.0375 0.045
0 0.100417 0.140833 0.0375 0.0466667
0 0.19125 0.720417 0.0358333 0.0391667
0 0.990833 0.258333 0.0183333 0.03
0 0.28875 0.6425 0.0408333 0.045
0 0.390417 0.646667 0.0391667 0.0416667
0 0.6775 0.194167 0.035 0.0416667
0 0.585 0.01625 0.0333333 0.0325
0 0.342917 0.38875 0.0408333 0.0441667
0 0.825833 0.375833 0.0383333 0.0433333
0 0.885833 0.0279167 0.04 0.0441667
0 0.292083 0.713333 0.0391667 0.0433333
0 0.1175 0.179583 0.0366667 0.0391667
0 0.64125 0.27 0.0375 0.04
0 0.5775 0.215417 0.035 0.0391667
0 0.954167 0.0129167 0.0316667 0.0225
0 0.137083 0.886667 0.0375 0.0416667
0 0.146667 0.765 0.0366667 0.0383333
0 0.198333 0.85 0.0366667 0.04
0 0.517917 0.03875 0.0325 0.0341667
0 0.820833 0.0354167 0.035 0.0408333
0 0.0608333 0.465417 0.04 0.0425
0 0.01375 0.386667 0.0275 0.0366667
0 0.82875 0.260417 0.0291667 0.0325
0 0.152083 0.530833 0.0391667 0.0433333
0 0.325833 0.35625 0.0366667 0.0391667
0 0.536667 0.804167 0.035 0.0366667
0 0.623333 0.344167 0.035 0.04
0 0.0125 0.264583 0.025 0.0391667
0 0.16125 0.46625 0.0341667 0.0375
0 0.0145833 0.9325 0.0291667 0.0333333
0 0.432917 0.356667 0.0375 0.04
0 0.2225 0.3275 0.0366667 0.0383333
0 0.725833 0.727083 0.03 0.0325
0 0.499583 0.142917 0.0375 0.0425
0 0.0375 0.692917 0.0383333 0.0425
0 0.387083 0.04125 0.0358333 0.0375
0 0.025 0.42625 0.035 0.0375
0 0.1025 0.606667 0.0366667 0.04
0 0.6325 0.08625 0.0383333 0.0425
0 0.384583 0.350833 0.0341667 0.0366667
0 0.740417 0.1775 0.0375 0.0416667
0 0.862917 0.219167 0.0358333 0.0383333
0 0.0954167 0.206667 0.0375 0.0383333
0 0.904167 0.280417 0.0333333 0.0341667
0 0.850833 0.988333 0.035 0.0216667
0 0.685417 0.287917 0.0358333 0.0391667
0 0.21 0.27125 0.0383333 0.0408333
0 0.6425 0.37875 0.035 0.0375
0 0.67375 0.0216667 0.0308333 0.0333333
0 0.140417 0.284583 0.0358333 0.0391667
0 0.7375 0.973333 0.03 0.03
0 0.0429167 0.51 0.0375 0.0416667
0 0.99125 0.194167 0.0158333 0.0333333
0 0.114167 0.911667 0.035 0.0383333
0 0.55125 0.09875 0.0375 0.0441667
0 0.865833 0.40625 0.0366667 0.0408333
0 0.53875 0.4175 0.0358333 0.0383333
0 0.154583 0.392917 0.0341667 0.0375
0 0.92875 0.15 0.0341667 0.035
0 0.19375 0.0558333 0.0375 0.04
0 0.539167 0.25625 0.0383333 0.0425
0 0.838333 0.101667 0.035 0.0383333
0 0.8525 0.924167 0.035 0.0383333
0 0.148333 0.817083 0.035 0.0375
0 0.341667 0.234583 0.035 0.0375
0 0.615833 0.235 0.035 0.0366667
0 0.67875 0.595 0.0325 0.035
0 0.427917 0.23125 0.0358333 0.0391667
0 0.53625 0.565 0.0341667 0.035
0 0.8 0.428333 0.0383333 0.0433333
0 0.782083 0.574583 0.0358333 0.0425
0 0.20375 0.66 0.0341667 0.035
0 0.905 0.240417 0.0366667 0.0375
0 0.336667 0.775833 0.0366667 0.04
0 0.384583 0.265833 0.0325 0.035
0 0.7425 0.237083 0.035 0.0358333
0 0.92375 0.9525 0.0308333 0.0333333
0 0.683333 0.650417 0.0333333 0.0358333
0 0.51375 0.6025 0.0341667 0.035
0 0.379167 0.712917 0.0366667 0.0375
0 0.0929167 0.00916667 0.0325 0.0183333
0 0.0533333 0.346667 0.0333333 0.0366667
0 0.66 0.5375 0.0333333 0.035
0 0.2725 0.889167 0.03 0.0333333
0 0.475833 0.01375 0.035 0.0275
0 0.789167 0.353333 0.035 0.0383333
0 0.480833 0.699167 0.035 0.0383333
0 0.89625 0.323333 0.0341667 0.04
0 0.269167 0.253333 0.0316667 0.0333333
0 0.342917 0.877917 0.0375 0.0391667
0 0.350417 0.299167 0.0358333 0.04
0 0.426667 0.586667 0.035 0.0366667
0 0.0604167 0.988333 0.0391667 0.0233333
0 0.715833 0.47625 0.0333333 0.0358333
0 0.436667 0.140833 0.0316667 0.035
0 0.295 0.766667 0.0383333 0.0433333
0 0.507917 0.365833 0.0341667 0.0366667
0 0.600417 0.579167 0.0341667 0.0366667
0 0.97625 0.283333 0.0275 0.0316667
0 0.613333 0.623333 0.035 0.0383333
0 0.705417 0.352083 0.0341667 0.0408333
0 0.340417 0.602917 0.0375 0.0408333
0 0.967083 0.0604167 0.0325 0.0341667
0 0.6825 0.414583 0.0333333 0.0358333
0 0.970417 0.51625 0.0275 0.0275
0 0.462083 0.480833 0.0325 0.0366667
0 0.5725 0.310833 0.035 0.0366667
0 0.984583 0.35125 0.0291667 0.0375
0 0.53125 0.479583 0.0341667 0.0375
0 0.085 0.0533333 0.0333333 0.035
0 0.05875 0.231667 0.0341667 0.0366667
0 0.0170833 0.19375 0.0341667 0.0375
0 0.483333 0.761667 0.0316667 0.0333333
0 0.727917 0.625833 0.0341667 0.0366667
0 0.2075 0.953333 0.035 0.0366667
