0 0.697083 0.9925 0.0291667 0.015
0 0.974583 0.439167 0.0408333 0.045
0 0.663333 0.951667 0.03 0.035
0 0.377083 0.591667 0.0358333 0.0383333
0 0.76625 0.388333 0.0358333 0.04
0 0.911667 0.39875 0.0283333 0.0291667
0 0.797083 0.4025 0.0358333 0.04
0 0.749167 0.277083 0.0333333 0.0325
0 0.479167 0.22125 0.035 0.0358333
0 0.705417 0.21375 0.0275 0.0291667
0 0.26625 0.39875 0.0291667 0.0308333
0 0.688333 0.439583 0.0333333 0.0358333
0 0.87625 0.357917 0.0391667 0.0408333
0 0.80125 0.314167 0.0325 0.035
0 0.01875 0.105833 0.0291667 0.03
0 0.441667 0.711667 0.035 0.0383333
0 0.599167 0.33875 0.0316667 0.0358333
0 0.505833 0.530833 0.0333333 0.0333333
0 0.11875 0.10375 0.0325 0.0308333
0 0.04625 0.116667 0.0258333 0.0266667
0 0.0404167 0.144583 0.0408333 0.0391667
0 0.322917 0.836667 0.0241667 0.025
0 0.7975 0.65125 0.035 0.0391667
0 0.9675 0.629583 0.035 0.0375
0 0.419167 0.630833 0.0416667 0.0466667
0 0.855417 0.945 0.0341667 0.0383333
0 0.93125 0.904167 0.0358333 0.0383333
0 0.959167 0.379167 0.0366667 0.0383333
0 0.350833 0.0425 0.0416667 0.045
0 0.930833 0.771667 0.0366667 0.04
0 0.17 0.218333 0.0333333 0.035
0 0.874167 0.293333 0.0316667 0.0333333
0 0.950833 0.968333 0.0383333 0.0383333
0 0.362917 0.0925 0.0391667 0.04
0 0.432083 0.57 0.0358333 0.04
0 0.343333 0.5525 0.0383333 0.0416667
0 0.30125 0.27375 0.0375 0.0441667
0 0.757917 0.353333 0.0341667 0.0366667
0 0.63125 0.5725 0.0341667 0.0366667
0 0.849583 0.755 0.0308333 0.0366667
0 0.408333 0.815833 0.0366667 0.0383333
0 0.512083 0.899167 0.0325 0.0333333
0 0.570417 0.902917 0.0358333 0.0375
0 0.50875 0.819167 0.0358333 0.04
0 0.0191667 0.24 0.0316667 0.0333333
0 0.516667 0.687083 0.04 0.0441667
0 0.6025 0.4025 0.035 0.0366667
0 0.717083 0.505833 0.0375 0.0383333
0 0.589167 0.479167 0.0383333 0.0416667
0 0.898333 0.459583 0.03 0.0291667
0 0.865833 0.505 0.0333333 0.0366667
0 0.204583 0.134167 0.0358333 0.04
0 0.880417 0.68 0.0358333 0.0383333
0 0.07375 0.111667 0.0325 0.035
0 0.669583 0.81 0.0358333 0.0366667
0 0.670417 0.871667 0.0275 0.03
0 0.72125 0.647083 0.0375 0.0375
0 0.31875 0.114167 0.0291667 0.03
0 0.67 0.519583 0.0366667 0.0391667
0 0.78 0.814167 0.0366667 0.04
0 0.737917 0.947083 0.0325 0.0341667
0 0.586667 0.528333 0.0333333 0.0366667
0 0.988333 0.524583 0.0233333 0.0325
0 0.598333 0.974583 0.03 0.0325
0 0.849167 0.436667 0.0333333 0.035
0 0.584583 0.843333 0.0358333 0.0383333
0 0.3175 0.02375 0.035 0.0375
0 0.287917 0.1975 0.0341667 0.0366667
0 0.84 0.302917 0.035 0.0358333
0 0.606667 0.809167 0.0333333 0.035
0 0.202083 0.0775 0.0341667 0.0366667
0 0.94875 0.289583 0.0341667 0.0341667
0 0.960417 0.497917 0.0358333 0.0358333
0 0.92375 0.560417 0.0308333 0.0325
0 0.765 0.857917 0.03 0.0325
0 0.264167 0.0175 0.035 0.035
0 0.744583 0.980833 0.0308333 0.03
0 0.768333 0.62 0.0333333 0.035
0 0.668333 0.90875 0.0333333 0.0358333
0 0.08375 0.0475 0.0308333 0.0333333
0 0.936667 0.828333 0.0316667 0.0316667
0 0.779583 0.57625 0.0325 0.0341667
0 0.0216667 0.0658333 0.0333333 0.035
0 0.860833 0.983333 0.0283333 0.0283333
0 0.851667 0.597917 0.035 0.0375
0 0.35375 0.241667 0.0308333 0.0316667
0 0.812917 0.706667 0.0341667 0.0383333
0 0.86375 0.895 0.0308333 0.0316667
0 0.568333 0.06125 0.0333333 0.0325
0 0.7875 0.89875 0.0333333 0.0341667
0 0.634583 0.69 0.0325 0.0333333
0 0.819583 0.844583 0.0308333 0.0308333
0 0.56125 0.740417 0.0308333 0.0325
0 0.390417 0.167083 0.0308333 0.0325
0 0.68 0.628333 0.0333333 0.0366667
0 0.23375 0.235 0.0341667 0.035
0 0.765833 0.74625 0.0316667 0.0341667
