0 0.03375 0.212083 0.0275 0.0275
0 0.45 0.240833 0.035 0.0366667
0 0.248333 0.387083 0.025 0.0241667
0 0.601667 0.235417 0.0316667 0.0341667
0 0.81375 0.254167 0.0441667 0.0466667
0 0.18 0.00875 0.0383333 0.0175
0 0.992917 0.859583 0.0141667 0.0275
0 0.005 0.5225 0.01 0.0316667
0 0.2775 0.39375 0.03 0.0325
0 0.546667 0.859167 0.035 0.0383333
0 0.07 0.87875 0.0416667 0.0425
0 0.330417 0.39875 0.0341667 0.0358333
0 0.424583 0.00583333 0.0291667 0.0116667
0 0.992917 0.0620833 0.0141667 0.0341667
0 0.357917 0.0233333 0.0375 0.0433333
0 0.225417 0.321667 0.0275 0.03
0 0.96125 0.615417 0.0358333 0.0408333
0 0.885 0.14125 0.0366667 0.0408333
0 0.617083 0.3225 0.0391667 0.045
0 0.7825 0.853333 0.0366667 0.0416667
0 0.99375 0.242083 0.0108333 0.0291667
0 0.8925 0.885833 0.04 0.0433333
0 0.986667 0.922917 0.0266667 0.0308333
0 0.285 0.0279167 0.04 0.0425
0 0.463333 0.05375 0.0416667 0.0408333
0 0.28875 0.662083 0.0408333 0.0475
0 0.642083 0.3875 0.0358333 0.0416667
0 0.948333 0.27 0.0333333 0.0366667
0 0.0375 0.135 0.045 0.0533333
0 0.350833 0.8175 0.0383333 0.0416667
0 0.9275 0.6625 0.035 0.035
0 0.282917 0.535417 0.0375 0.0425
0 0.309167 0.474583 0.0333333 0.0341667
0 0.41 0.637083 0.0366667 0.0391667
0 0.305833 0.768333 0.0316667 0.0333333
0 0.226667 0.918333 0.0333333 0.0333333
0 0.61125 0.440833 0.0341667 0.0366667
0 0.91 0.205 0.0416667 0.045
0 0.124167 0.76 0.0366667 0.0383333
0 0.125417 0.560833 0.0358333 0.04
0 0.398333 0.180833 0.0366667 0.0383333
0 0.967083 0.974167 0.0391667 0.045
0 0.813333 0.333333 0.0433333 0.0466667
0 0.98625 0.700833 0.0275 0.0333333
0 0.509583 0.344583 0.0325 0.0341667
0 0.33125 0.130417 0.0408333 0.0408333
0 0.648333 0.489167 0.035 0.0366667
0 0.968333 0.0366667 0.035 0.0433333
0 0.0270833 0.43625 0.0275 0.0291667
0 0.025 0.604583 0.035 0.0391667
0 0.391667 0.456667 0.0333333 0.0366667
0 0.564167 0.119167 0.025 0.0266667
0 0.291667 0.29375 0.0366667 0.0391667
0 0.465417 0.34875 0.0225 0.0241667
0 0.497083 0.225833 0.0275 0.0283333
0 0.44 0.127083 0.03 0.0308333
0 0.27 0.2375 0.0383333 0.0416667
0 0.856667 0.0579167 0.0383333 0.0425
0 0.8775 0.352917 0.0366667 0.0441667
0 0.358333 0.632083 0.035 0.0358333
0 0.381667 0.7425 0.035 0.0366667
0 0.430833 0.338333 0.03 0.0333333
0 0.14 0.217083 0.035 0.0358333
0 0.194583 0.0533333 0.0341667 0.04
0 0.121667 0.824583 0.04 0.0425
0 0.72 0.359583 0.04 0.0458333
0 0.13875 0.42375 0.0375 0.0391667
0 0.88125 0.932083 0.0325 0.0341667
0 0.512917 0.434167 0.0308333 0.0333333
0 0.54625 0.289167 0.0375 0.0383333
0 0.53 0.540833 0.0366667 0.0366667
0 0.180417 0.635833 0.0325 0.035
0 0.0604167 0.274583 0.0358333 0.0375
0 0.711667 0.168333 0.0366667 0.0383333
0 0.66 0.222917 0.0333333 0.0358333
0 0.964583 0.312083 0.0308333 0.0341667
0 0.709583 0.0258333 0.0291667 0.0316667
0 0.159167 0.273333 0.0316667 0.0316667
0 0.405833 0.287083 0.035 0.0358333
0 0.805833 0.77375 0.0333333 0.0325
0 0.839583 0.15875 0.0325 0.0341667
0 0.542917 0.507083 0.0325 0.0358333
0 0.40625 0.24125 0.0375 0.0391667
0 0.0725 0.54625 0.0366667 0.0408333
0 0.39 0.404167 0.035 0.04
0 0.206667 0.506667 0.0366667 0.0433333
0 0.659583 0.522917 0.0325 0.0341667
0 0.215 0.880417 0.0383333 0.0408333
0 0.729583 0.987083 0.0291667 0.0241667
0 0.549167 0.727917 0.0316667 0.0341667
0 0.339167 0.34375 0.0316667 0.0341667
0 0.685 0.336667 0.0366667 0.0383333
0 0.432917 0.56625 0.0341667 0.0358333
0 0.207083 0.790833 0.0325 0.035
0 0.320833 0.166667 0.0383333 0.0433333
0 0.584583 0.965417 0.0341667 0.0358333
0 0.959167 0.357083 0.035 0.0391667
0 0.13 0.681667 0.0366667 0.04
0 0.0104167 0.827083 0.0208333 0.0325
0 0.598333 0.515417 0.0316667 0.0341667
0 0.622917 0.0916667 0.0341667 0.035
0 0.822083 0.865 0.0308333 0.0316667
0 0.4725 0.49625 0.03 0.0325
0 0.48375 0.605833 0.0341667 0.0366667
0 0.839167 0.400417 0.03 0.0308333
0 0.586667 0.6125 0.03 0.0316667
0 0.794583 0.132083 0.0358333 0.0375
0 0.2775 0.1125 0.035 0.035
0 0.4675 0.779583 0.035 0.0391667
0 0.7925 0.912083 0.0333333 0.0358333
0 0.620417 0.605 0.0358333 0.0383333
0 0.8275 0.939167 0.03 0.0316667
0 0.0854167 0.945833 0.0358333 0.0383333
0 0.2025 0.314583 0.0316667 0.0341667
0 0.58125 0.38875 0.0341667 0.0358333
0 0.160833 0.469167 0.0366667 0.0383333
0 0.661667 0.868333 0.0333333 0.035
0 0.0145833 0.706667 0.0291667 0.04
0 0.773333 0.34 0.0383333 0.0416667
0 0.335 0.551667 0.0366667 0.0383333
0 0.229583 0.585417 0.0375 0.0425
0 0.639583 0.989583 0.0275 0.0191667
0 0.7525 0.900417 0.0333333 0.0358333
0 0.988333 0.744583 0.0233333 0.0291667
0 0.853333 0.727083 0.03 0.0308333
0 0.602083 0.180417 0.0358333 0.0391667
0 0.147917 0.532083 0.0341667 0.0358333
0 0.0345833 0.66125 0.0341667 0.0375
0 0.727083 0.275833 0.0375 0.0383333
0 0.713333 0.854167 0.0333333 0.0333333
0 0.179167 0.172917 0.0333333 0.0358333
0 0.46 0.40125 0.0316667 0.0325
0 0.476667 0.659167 0.03 0.0316667
0 0.912083 0.855417 0.0341667 0.0375
0 0.75 0.0495833 0.0333333 0.0358333
0 0.664167 0.922083 0.0333333 0.0358333
0 0.209167 0.224167 0.03 0.0316667
0 0.686667 0.629167 0.0283333 0.03
0 0.0670833 0.464167 0.0341667 0.035
0 0.0204167 0.242917 0.0358333 0.0391667
0 0.49 0.287917 0.0333333 0.0325
0 0.226667 0.760417 0.0333333 0.0325
0 0.10125 0.606667 0.0358333 0.0383333
0 0.345 0.580833 0.0316667 0.0333333
0 0.766667 0.949167 0.035 0.0366667
0 0.492917 0.140833 0.0325 0.0316667
0 0.865417 0.19375 0.0358333 0.0408333
0 0.434583 0.484167 0.0308333 0.0333333
0 0.430417 0.74375 0.0341667 0.0358333
0 0.251667 0.32125 0.035 0.0358333
0 0.0858333 0.680833 0.035 0.0383333
0 0.215 0.396667 0.0316667 0.0333333
0 0.431667 0.522917 0.03 0.0325
0 0.541667 0.639583 0.0316667 0.0308333
0 0.530417 0.390417 0.0325 0.0325
0 0.494167 0.0816667 0.0333333 0.0383333
0 0.5425 0.12375 0.0233333 0.0241667
0 0.859583 0.972917 0.0308333 0.0341667
0 0.902083 0.755833 0.0291667 0.03
0 0.426667 0.0691667 0.0333333 0.0333333
0 0.91875 0.3175 0.0341667 0.035
0 0.95625 0.138333 0.0325 0.0333333
0 0.75375 0.824583 0.0308333 0.0308333
0 0.0995833 0.06375 0.0325 0.0325
0 0.442083 0.161667 0.0308333 0.03
0 0.7075 0.915833 0.0316667 0.0333333
0 0.9275 0.115417 0.0333333 0.0341667
0 0.937083 0.801667 0.0308333 0.03
0 0.142083 0.128333 0.0325 0.0333333
