0 0.26375 0.930833 0.0291667 0.0316667
0 0.99125 0.7525 0.0175 0.025
0 0.6325 0.667917 0.03 0.0341667
0 0.35 0.01125 0.0366667 0.0208333
0 0.96125 0.45 0.0325 0.035
0 0.5075 0.547917 0.03 0.0308333
0 0.00708333 0.857917 0.0141667 0.0325
0 0.706667 0.596667 0.0233333 0.0233333
0 0.103333 0.531667 0.0416667 0.0383333
0 0.220833 0.892917 0.0316667 0.0325
0 0.582917 0.660833 0.0291667 0.035
0 0.770833 0.647917 0.0333333 0.0375
0 0.967083 0.94125 0.0358333 0.0408333
0 0.456667 0.9475 0.03 0.0316667
0 0.807917 0.324583 0.0291667 0.0325
0 0.0470833 0.20625 0.0375 0.0475
0 0.200833 0.69875 0.04 0.0441667
0 0.13375 0.64625 0.0391667 0.0441667
0 0.245833 0.8475 0.0383333 0.045
0 0.42125 0.969167 0.0391667 0.04
0 0.289583 0.615417 0.0291667 0.0341667
0 0.789583 0.965 0.0325 0.035
0 0.256667 0.109167 0.0383333 0.0366667
0 0.807083 0.122917 0.0325 0.0358333
0 0.155833 0.5875 0.035 0.0383333
0 0.4475 0.275 0.04 0.04
0 0.329583 0.741667 0.0258333 0.03
0 0.555 0.62375 0.0416667 0.0441667
0 0.992917 0.03625 0.0141667 0.0325
0 0.57 0.500417 0.035 0.0358333
0 0.9875 0.299167 0.025 0.0366667
0 0.78875 0.805833 0.0325 0.035
0 0.760833 0.3375 0.035 0.0433333
0 0.67625 0.68875 0.0408333 0.0441667
0 0.967083 0.655833 0.0391667 0.0416667
0 0.849167 0.555 0.0316667 0.0333333
0 0.730417 0.56125 0.0291667 0.0325
0 0.780833 0.12625 0.0316667 0.0341667
0 0.586667 0.452083 0.0316667 0.0341667
0 0.604167 0.130417 0.04 0.0408333
0 0.35625 0.75875 0.0375 0.0375
0 0.708333 0.270833 0.03 0.0316667
0 0.90625 0.42125 0.0308333 0.0325
0 0.015 0.969167 0.03 0.0383333
0 0.375833 0.547083 0.0333333 0.0358333
0 0.46125 0.829583 0.0308333 0.0325
0 0.561667 0.86625 0.035 0.0408333
0 0.625833 0.170417 0.0366667 0.0441667
0 0.0120833 0.245417 0.0241667 0.0425
0 0.9 0.671667 0.0366667 0.0416667
0 0.405417 0.305 0.0325 0.0333333
0 0.845833 0.192917 0.0416667 0.0391667
0 0.885 0.779167 0.0283333 0.0283333
0 0.558333 0.33625 0.0383333 0.0425
0 0.0116667 0.0270833 0.0233333 0.0308333
0 0.164167 0.11625 0.035 0.0408333
0 0.76625 0.255417 0.0391667 0.0425
0 0.119583 0.1275 0.0391667 0.0383333
0 0.896667 0.512917 0.035 0.0358333
0 0.602083 0.627917 0.0408333 0.0441667
0 0.5225 0.382083 0.0383333 0.0408333
0 0.841667 0.805833 0.0366667 0.04
0 0.597083 0.364583 0.0358333 0.0408333
0 0.990833 0.84 0.0183333 0.0333333
0 0.511667 0.9025 0.0333333 0.035
0 0.44875 0.598333 0.0391667 0.0416667
0 0.748333 0.120417 0.035 0.0375
0 0.0158333 0.140417 0.0316667 0.0391667
0 0.105417 0.882917 0.0325 0.0391667
0 0.512917 0.706667 0.0358333 0.04
0 0.88 0.104167 0.035 0.0416667
0 0.92625 0.916667 0.0341667 0.0383333
0 0.992083 0.771667 0.0158333 0.0266667
0 0.57125 0.26 0.0358333 0.0416667
0 0.0375 0.675833 0.035 0.04
0 0.124583 0.191667 0.0358333 0.04
0 0.778333 0.0495833 0.0316667 0.0358333
0 0.728333 0.8325 0.0333333 0.035
0 0.668333 0.382083 0.0366667 0.0391667
0 0.31875 0.362083 0.0341667 0.0341667
0 0.815 0.554583 0.0333333 0.0375
0 0.53375 0.79375 0.0375 0.0391667
0 0.650833 0.73125 0.0366667 0.0425
0 0.304167 0.435833 0.0316667 0.0333333
0 0.416667 0.5325 0.0366667 0.0416667
0 0.1575 0.737917 0.0333333 0.0358333
0 0.480417 0.730417 0.0308333 0.0325
0 0.954583 0.0441667 0.0325 0.035
0 0.192917 0.64 0.0375 0.0433333
0 0.7625 0.76125 0.0316667 0.0341667
0 0.935 0.760417 0.035 0.0341667
0 0.137083 0.802083 0.0341667 0.0341667
0 0.166667 0.8775 0.035 0.0383333
0 0.644583 0.48875 0.0341667 0.0375
0 0.50375 0.803333 0.0325 0.0366667
0 0.212083 0.150417 0.0325 0.0341667
0 0.977917 0.590833 0.0325 0.0383333
0 0.862917 0.609167 0.0308333 0.0333333
0 0.696667 0.94 0.0333333 0.0366667
0 0.590833 0.743333 0.0333333 0.035
0 0.330833 0.989167 0.03 0.02
0 0.290833 0.988333 0.0283333 0.0216667
0 0.215 0.56375 0.035 0.0375
0 0.4975 0.85875 0.0333333 0.0341667
0 0.3375 0.544583 0.035 0.0358333
0 0.775417 0.446667 0.0325 0.035
0 0.97625 0.117083 0.0358333 0.0375
0 0.682083 0.176667 0.0308333 0.0333333
0 0.72625 0.43875 0.0308333 0.0325
0 0.92625 0.816667 0.0341667 0.0366667
0 0.523333 0.990417 0.0283333 0.0191667
0 0.289167 0.573333 0.0366667 0.0383333
0 0.655417 0.90125 0.0291667 0.0308333
0 0.830417 0.637083 0.0341667 0.0375
0 0.513333 0.17875 0.0333333 0.0358333
0 0.624583 0.276667 0.0375 0.04
0 0.432917 0.855417 0.0308333 0.0325
0 0.564583 0.907917 0.0291667 0.0308333
0 0.27875 0.660417 0.0358333 0.0375
0 0.647083 0.637917 0.0325 0.0358333
0 0.839167 0.45625 0.035 0.0391667
0 0.8175 0.304583 0.0266667 0.0275
0 0.3325 0.835417 0.0316667 0.0358333
0 0.791667 0.291667 0.03 0.03
0 0.69625 0.485417 0.0341667 0.0341667
0 0.409583 0.7425 0.0341667 0.035
0 0.82375 0.70375 0.0275 0.0291667
0 0.84 0.761667 0.0283333 0.03
0 0.51125 0.325 0.0358333 0.04
0 0.74 0.2175 0.0383333 0.0416667
0 0.452083 0.68625 0.0325 0.0341667
0 0.195 0.775 0.035 0.0366667
0 0.779167 0.704583 0.0366667 0.0391667
0 0.730833 0.517917 0.0333333 0.0358333
0 0.87875 0.154167 0.0358333 0.04
0 0.275 0.777917 0.0316667 0.0325
0 0.0733333 0.134583 0.03 0.0308333
0 0.69375 0.115417 0.0325 0.0341667
0 0.03125 0.823333 0.0341667 0.0383333
0 0.969167 0.490417 0.03 0.0341667
0 0.89625 0.30875 0.0341667 0.0375
0 0.345 0.909167 0.0333333 0.035
0 0.202083 0.987917 0.0358333 0.0241667
0 0.582917 0.945833 0.0341667 0.035
0 0.535833 0.48875 0.035 0.0358333
0 0.893333 0.913333 0.0333333 0.035
0 0.932917 0.859167 0.0275 0.0283333
0 0.8675 0.40125 0.0333333 0.0358333
0 0.7725 0.1875 0.0366667 0.0383333
0 0.132083 0.0741667 0.0291667 0.0316667
0 0.17625 0.927917 0.0308333 0.0308333
0 0.384583 0.845833 0.0308333 0.0333333
0 0.0483333 0.899167 0.035 0.0366667
0 0.299167 0.0608333 0.0216667 0.0233333
0 0.26125 0.725 0.0358333 0.0366667
0 0.0366667 0.0954167 0.0316667 0.0341667
0 0.539167 0.219167 0.035 0.0366667
0 0.839583 0.951667 0.0308333 0.0316667
0 0.549167 0.580833 0.0333333 0.035
0 0.48 0.909167 0.03 0.0316667
0 0.930417 0.622917 0.0358333 0.0375
0 0.0116667 0.0633333 0.0233333 0.035
0 0.676667 0.822083 0.03 0.0308333
0 0.489583 0.273333 0.0341667 0.035
0 0.57125 0.779583 0.0341667 0.0341667
0 0.222083 0.01375 0.0308333 0.0275
0 0.637083 0.542083 0.0308333 0.0308333
0 0.427083 0.910417 0.0308333 0.0325
0 0.814167 0.35875 0.0316667 0.0341667
0 0.875417 0.355 0.0358333 0.0366667
0 0.827917 0.8675 0.0275 0.0283333
0 0.304167 0.86875 0.0333333 0.0375
0 0.495417 0.605417 0.0341667 0.0341667
0 0.692083 0.25125 0.0325 0.0341667
0 0.26 0.480417 0.03 0.0308333
0 0.419583 0.406667 0.0275 0.0283333
0 0.450417 0.520417 0.0341667 0.0358333
0 0.539167 0.297917 0.0333333 0.0358333
0 0.93 0.116667 0.0333333 0.0366667
0 0.844167 0.07125 0.0283333 0.0291667
0 0.735 0.699583 0.0333333 0.0341667
0 0.768333 0.569583 0.0316667 0.0325
0 0.682917 0.912917 0.0291667 0.0308333
0 0.799583 0.60875 0.0341667 0.0341667
0 0.38875 0.64375 0.0341667 0.0341667
0 0.462917 0.78 0.0325 0.0333333
0 0.630417 0.415833 0.0341667 0.0366667
0 0.9825 0.235833 0.0283333 0.03
0 0.607917 0.560417 0.0308333 0.0308333
0 0.368333 0.4725 0.0333333 0.035
0 0.716667 0.78875 0.0333333 0.0341667
0 0.952917 0.0125 0.0341667 0.0233333
0 0.655833 0.600833 0.0333333 0.035
0 0.53125 0.657083 0.0325 0.0341667
0 0.71125 0.340417 0.0308333 0.0325
0 0.889167 0.955 0.03 0.0316667
0 0.715833 0.635833 0.0333333 0.0366667
0 0.924167 0.198333 0.0333333 0.035
0 0.334167 0.706667 0.0333333 0.0333333
0 0.23 0.4325 0.0316667 0.0316667
0 0.351667 0.6225 0.0316667 0.035
0 0.3075 0.81125 0.03 0.0325
0 0.125 0.03875 0.03 0.0308333
0 0.909167 0.56375 0.0316667 0.0325
0 0.30625 0.02 0.0308333 0.0316667
0 0.47625 0.971667 0.0291667 0.0283333
