0 0.577917 0.95875 0.0375 0.0375
0 0.899167 0.0108333 0.04 0.0216667
0 0.313333 0.00625 0.0283333 0.0125
0 0.479167 0.575833 0.0316667 0.0316667
0 0.0766667 0.18375 0.03 0.0325
0 0.473333 0.99375 0.03 0.0125
0 0.483333 0.00916667 0.0333333 0.0183333
0 0.9475 0.994167 0.0266667 0.0116667
0 0.27875 0.0133333 0.0291667 0.0266667
0 0.16125 0.140833 0.0308333 0.035
0 0.995833 0.734167 0.00833333 0.0316667
0 0.095 0.0266667 0.0366667 0.04
0 0.115 0.905833 0.0383333 0.0433333
0 0.293333 0.3925 0.025 0.03
0 0.577917 0.8175 0.0325 0.0333333
0 0.564583 0.225 0.0241667 0.025
0 0.309167 0.406667 0.0266667 0.03
0 0.445833 0.624167 0.0283333 0.03
0 0.2925 0.312917 0.0383333 0.0391667
0 0.815417 0.84375 0.0308333 0.0325
0 0.993333 0.498333 0.0133333 0.0266667
0 0.824167 0.692917 0.0383333 0.0475
0 0.520833 0.8875 0.0366667 0.045
0 0.06375 0.636667 0.0391667 0.04
0 0.89625 0.95125 0.0341667 0.0375
0 0.00833333 0.09 0.0166667 0.0316667
0 0.459167 0.552083 0.035 0.0375
0 0.59375 0.916667 0.0375 0.04
0 0.355 0.59 0.04 0.045
0 0.565833 0.164167 0.03 0.03
0 0.2525 0.79 0.0383333 0.0416667
0 0.337083 0.9825 0.0325 0.0316667
0 0.177083 0.102917 0.0358333 0.0391667
0 0.52 0.41 0.035 0.0366667
0 0.835417 0.0416667 0.0441667 0.045
0 0.0425 0.270833 0.0283333 0.0316667
0 0.4025 0.435417 0.0366667 0.0391667
0 0.0204167 0.590833 0.0291667 0.0316667
0 0.79 0.647917 0.0433333 0.0425
0 0.2275 0.0516667 0.0366667 0.04
0 0.173333 0.06125 0.0316667 0.0325
0 0.990417 0.0729167 0.0175 0.0341667
0 0.02 0.534167 0.0333333 0.0366667
0 0.918333 0.24875 0.0383333 0.0425
0 0.64125 0.977083 0.0358333 0.0425
0 0.135417 0.75375 0.0408333 0.0441667
0 0.161667 0.47125 0.0366667 0.0408333
0 0.935 0.71125 0.04 0.0441667
0 0.722083 0.246667 0.0391667 0.0416667
0 0.768333 0.759583 0.0366667 0.0441667
0 0.849583 0.985 0.0291667 0.03
0 0.639167 0.766667 0.03 0.0316667
0 0.95125 0.522917 0.0308333 0.0341667
0 0.25625 0.613333 0.0358333 0.0416667
0 0.534167 0.54 0.0333333 0.035
0 0.00625 0.672917 0.0108333 0.0275
0 0.73375 0.309167 0.0308333 0.035
0 0.99125 0.802917 0.0158333 0.0358333
0 0.260833 0.751667 0.0383333 0.0433333
0 0.5125 0.99125 0.0316667 0.0175
0 0.703333 0.962917 0.0283333 0.0308333
0 0.4325 0.21875 0.0333333 0.0358333
0 0.0175 0.419167 0.0316667 0.0333333
0 0.0575 0.32875 0.0366667 0.0391667
0 0.989583 0.88 0.0191667 0.035
0 0.88 0.812083 0.0266667 0.0275
0 0.204583 0.517917 0.0358333 0.0408333
0 0.1425 0.856667 0.0333333 0.0383333
0 0.48 0.63 0.035 0.0383333
0 0.816667 0.1325 0.0383333 0.0433333
0 0.01125 0.299167 0.0225 0.0366667
0 0.0716667 0.212083 0.0383333 0.0408333
0 0.537083 0.0808333 0.0308333 0.0316667
0 0.394167 0.313333 0.03 0.0333333
0 0.504583 0.594167 0.0341667 0.0383333
0 0.864167 0.592917 0.0383333 0.0425
0 0.858333 0.293333 0.0366667 0.0433333
0 0.8575 0.946667 0.04 0.0416667
0 0.34625 0.277083 0.0375 0.0408333
0 0.75125 0.08125 0.0375 0.0425
0 0.65625 0.0791667 0.0308333 0.0333333
0 0.750417 0.352917 0.0358333 0.0391667
0 0.27375 0.21875 0.0308333 0.0325
0 0.387083 0.0254167 0.0291667 0.0308333
0 0.205833 0.20625 0.035 0.0375
0 0.09125 0.395417 0.0308333 0.0325
0 0.135417 0.433333 0.0375 0.04
0 0.79875 0.927917 0.0375 0.0408333
0 0.94 0.679583 0.0333333 0.0358333
0 0.655417 0.26125 0.0358333 0.0391667
0 0.0125 0.8425 0.025 0.0383333
0 0.48875 0.0508333 0.0308333 0.0316667
0 0.481667 0.43125 0.0333333 0.0375
0 0.34625 0.0466667 0.0275 0.03
0 0.252917 0.165 0.0325 0.035
0 0.72625 0.123333 0.0341667 0.0383333
0 0.0908333 0.885417 0.03 0.0341667
0 0.178333 0.5875 0.0266667 0.0283333
0 0.326667 0.48 0.035 0.04
0 0.535417 0.318333 0.0341667 0.0366667
0 0.268333 0.294583 0.035 0.0375
0 0.246667 0.23375 0.0316667 0.0325
0 0.20125 0.642917 0.0358333 0.0375
0 0.927917 0.0995833 0.0291667 0.0308333
0 0.02875 0.80125 0.0358333 0.0375
0 0.0333333 0.56625 0.035 0.0358333
0 0.126667 0.810417 0.0366667 0.0391667
0 0.20125 0.379583 0.0341667 0.0375
0 0.0270833 0.7125 0.0325 0.035
0 0.267083 0.0483333 0.0258333 0.0266667
0 0.227083 0.695833 0.0375 0.04
0 0.44125 0.0641667 0.0291667 0.03
0 0.106667 0.31625 0.0366667 0.0375
0 0.0841667 0.742917 0.0266667 0.0291667
0 0.233333 0.135 0.03 0.0316667
0 0.89625 0.670417 0.0375 0.0375
0 0.31125 0.68125 0.0308333 0.0325
0 0.323333 0.639583 0.0333333 0.0375
0 0.91 0.187917 0.0366667 0.0408333
0 0.704167 0.785417 0.03 0.0308333
0 0.880833 0.0825 0.0366667 0.0416667
0 0.212917 0.325833 0.0275 0.0283333
0 0.485417 0.24 0.0341667 0.035
0 0.01125 0.0345833 0.0225 0.0391667
0 0.915833 0.890417 0.035 0.0391667
0 0.384583 0.5425 0.0325 0.035
0 0.356667 0.419583 0.0366667 0.0391667
0 0.0620833 0.515833 0.0358333 0.0366667
0 0.261667 0.389583 0.0266667 0.0275
0 0.295 0.164167 0.0333333 0.035
0 0.0425 0.37875 0.0333333 0.0325
0 0.119167 0.675 0.0316667 0.0333333
0 0.395 0.644167 0.0333333 0.0333333
0 0.467083 0.167917 0.0308333 0.0308333
0 0.417917 0.495833 0.0358333 0.0416667
0 0.136667 0.55875 0.0333333 0.0375
0 0.159583 0.176667 0.0341667 0.035
0 0.433333 0.3675 0.0333333 0.035
0 0.592083 0.417917 0.0358333 0.0375
0 0.0175 0.221667 0.035 0.0416667
0 0.693333 0.465417 0.0316667 0.0341667
0 0.59625 0.195833 0.0358333 0.0366667
0 0.96625 0.0308333 0.0291667 0.03
0 0.118333 0.25375 0.0333333 0.0358333
0 0.320417 0.3425 0.0341667 0.0366667
0 0.510417 0.221667 0.0341667 0.035
0 0.195417 0.615 0.0308333 0.0333333
0 0.246667 0.109167 0.0333333 0.035
0 0.355 0.665 0.0366667 0.0383333
0 0.147083 0.3 0.0291667 0.03
0 0.830417 0.244583 0.0341667 0.0375
0 0.11 0.09375 0.035 0.0358333
0 0.65875 0.926667 0.0341667 0.0366667
0 0.79 0.20625 0.03 0.0325
0 0.959583 0.477083 0.0291667 0.0325
0 0.665417 0.341667 0.0358333 0.0366667
0 0.635417 0.476667 0.0341667 0.0366667
0 0.800833 0.0970833 0.035 0.0358333
0 0.955833 0.835 0.035 0.0383333
0 0.640417 0.159583 0.0308333 0.0325
0 0.0733333 0.456667 0.035 0.0366667
0 0.788333 0.38 0.0283333 0.0283333
0 0.0154167 0.94125 0.0308333 0.0341667
0 0.870833 0.765 0.0333333 0.035
0 0.558333 0.131667 0.03 0.0316667
0 0.648333 0.41375 0.035 0.0408333
0 0.06875 0.155417 0.0341667 0.0341667
0 0.656667 0.204583 0.0316667 0.0325
0 0.947083 0.770833 0.0341667 0.035
0 0.699583 0.817917 0.0341667 0.0358333
0 0.775417 0.304167 0.0325 0.0333333
0 0.6825 0.125417 0.03 0.0325
0 0.914583 0.7475 0.0358333 0.0366667
0 0.17875 0.726667 0.0341667 0.0366667
0 0.599583 0.06875 0.0325 0.0341667
0 0.577083 0.263333 0.0258333 0.0283333
0 0.507083 0.27125 0.0341667 0.0358333
0 0.304583 0.54625 0.0358333 0.0375
0 0.0529167 0.8725 0.0375 0.04
0 0.33 0.2075 0.03 0.03
0 0.704167 0.2925 0.035 0.0383333
0 0.703333 0.375833 0.03 0.0333333
0 0.500417 0.3125 0.0325 0.035
0 0.0595833 0.68 0.0308333 0.0333333
0 0.986667 0.650833 0.0266667 0.0333333
0 0.110833 0.22375 0.0333333 0.0358333
0 0.435417 0.600417 0.0325 0.0341667
0 0.4725 0.944167 0.0316667 0.035
0 0.655833 0.82375 0.0316667 0.0341667
0 0.398333 0.285 0.0316667 0.035
0 0.812083 0.883333 0.0358333 0.0383333
0 0.0479167 0.0970833 0.0325 0.0341667
0 0.77125 0.8275 0.0358333 0.0383333
0 0.56 0.91875 0.0333333 0.0341667
0 0.396667 0.10125 0.03 0.0308333
0 0.819583 0.3325 0.0308333 0.0333333
0 0.550417 0.482917 0.0341667 0.0375
0 0.0966667 0.58875 0.035 0.0358333
0 0.91875 0.58625 0.0325 0.0341667
0 0.240833 0.454583 0.0316667 0.0341667
0 0.294167 0.428333 0.0333333 0.0366667
0 0.978333 0.975833 0.0283333 0.0316667
0 0.467917 0.339583 0.0308333 0.0308333
0 0.871667 0.142083 0.0316667 0.0325
0 0.296667 0.0695833 0.0283333 0.0291667
0 0.0770833 0.786667 0.0325 0.035
0 0.699167 0.904167 0.0333333 0.035
0 0.61 0.313333 0.0333333 0.035
