0 0.970833 0.582917 0.0366667 0.0408333
0 0.525417 0.694583 0.0358333 0.0391667
0 0.522083 0.440417 0.0341667 0.0391667
0 0.567917 0.458333 0.0341667 0.0383333
0 0.995417 0.199583 0.00916667 0.0308333
0 0.88875 0.0225 0.0391667 0.045
0 0.261667 0.929167 0.0383333 0.0433333
0 0.68875 0.732917 0.0275 0.0275
0 0.0470833 0.505417 0.0458333 0.0541667
0 0.500833 0.484583 0.0333333 0.0341667
0 0.99375 0.13 0.0125 0.0283333
0 0.3075 0.991667 0.025 0.0166667
0 0.71875 0.870417 0.0358333 0.0375
0 0.184583 0.858333 0.0308333 0.035
0 0.86125 0.18875 0.0391667 0.0475
0 0.615 0.978333 0.0333333 0.035
0 0.0816667 0.680833 0.03 0.0333333
0 0.56625 0.362083 0.0425 0.0441667
0 0.94125 0.36375 0.0275 0.0275
0 0.344167 0.427917 0.0333333 0.0375
0 0.933333 0.59125 0.03 0.0325
0 0.7325 0.961667 0.0333333 0.04
0 0.35875 0.806667 0.0325 0.035
0 0.71 0.676667 0.0466667 0.05
0 0.6325 0.613333 0.0316667 0.0333333
0 0.677083 0.59375 0.0391667 0.0425
0 0.58375 0.845 0.0291667 0.0316667
0 0.724583 0.515417 0.0308333 0.0325
0 0.758333 0.70125 0.035 0.0375
0 0.330833 0.483333 0.0316667 0.0333333
0 0.619583 0.0454167 0.0408333 0.0441667
0 0.01 0.801667 0.02 0.04
0 0.264167 0.8375 0.0366667 0.0383333
0 0.765833 0.352917 0.0333333 0.0341667
0 0.760417 0.730833 0.0291667 0.03
0 0.14375 0.442083 0.0425 0.0441667
0 0.1275 0.602083 0.0366667 0.0408333
0 0.310833 0.948333 0.0383333 0.0433333
0 0.387083 0.921667 0.0391667 0.0416667
0 0.885833 0.369583 0.0366667 0.0391667
0 0.453333 0.324167 0.0383333 0.045
0 0.83625 0.0141667 0.0408333 0.0283333
0 0.95 0.47 0.035 0.04
0 0.993333 0.481667 0.0133333 0.0333333
0 0.785833 0.625417 0.03 0.0308333
0 0.3925 0.811667 0.0266667 0.0283333
0 0.82875 0.108333 0.0341667 0.04
0 0.705417 0.811667 0.0375 0.045
0 0.502917 0.72375 0.0341667 0.0375
0 0.864583 0.632917 0.0325 0.0341667
0 0.07 0.0125 0.035 0.0233333
0 0.658333 0.674167 0.0433333 0.045
0 0.52125 0.59875 0.0291667 0.0308333
0 0.747083 0.799167 0.0291667 0.03
0 0.318333 0.89375 0.0366667 0.0391667
0 0.647083 0.41875 0.0375 0.0391667
0 0.816667 0.16375 0.0366667 0.0391667
0 0.375 0.22875 0.0316667 0.0325
0 0.295417 0.614167 0.0291667 0.0316667
0 0.304583 0.270417 0.0358333 0.0391667
0 0.72375 0.2125 0.0358333 0.04
0 0.34125 0.369167 0.0358333 0.04
0 0.13375 0.920417 0.0391667 0.0425
0 0.398333 0.578333 0.035 0.0366667
0 0.0245833 0.08 0.0375 0.04
0 0.848333 0.82875 0.0383333 0.0408333
0 0.759583 0.865 0.0358333 0.04
0 0.0383333 0.629167 0.0383333 0.045
0 0.852083 0.77375 0.0358333 0.0375
0 0.43625 0.527083 0.0375 0.0391667
0 0.430417 0.90875 0.0375 0.0425
0 0.789583 0.502083 0.0325 0.0358333
0 0.39875 0.425 0.0391667 0.0433333
0 0.507917 0.93875 0.0291667 0.0325
0 0.743333 0.309167 0.0333333 0.035
0 0.63125 0.292083 0.0375 0.0441667
0 0.87375 0.592917 0.0325 0.0341667
0 0.07 0.12625 0.0316667 0.0341667
0 0.305417 0.7375 0.0358333 0.035
0 0.611667 0.102917 0.035 0.0391667
0 0.387083 0.330833 0.0391667 0.0416667
0 0.269167 0.417917 0.0366667 0.0408333
0 0.66625 0.754583 0.0358333 0.0391667
0 0.725 0.137083 0.035 0.0375
0 0.894167 0.404583 0.03 0.0325
0 0.0516667 0.73625 0.0333333 0.0375
0 0.482083 0.161667 0.0375 0.0416667
0 0.135833 0.730833 0.0383333 0.0416667
0 0.517083 0.325833 0.0275 0.0283333
0 0.68 0.492917 0.0366667 0.0391667
0 0.927917 0.437917 0.0341667 0.0375
0 0.938333 0.0620833 0.0366667 0.0391667
0 0.72375 0.28375 0.0325 0.0341667
0 0.340833 0.977083 0.035 0.0391667
0 0.68375 0.24375 0.0358333 0.0391667
0 0.342083 0.8275 0.0358333 0.0366667
0 0.4925 0.213333 0.0316667 0.0333333
0 0.99 0.1525 0.02 0.0383333
0 0.635833 0.0116667 0.0366667 0.0233333
0 0.276667 0.975 0.0316667 0.035
0 0.44625 0.724583 0.0358333 0.0391667
0 0.946667 0.716667 0.035 0.0383333
0 0.0158333 0.137083 0.0316667 0.0358333
0 0.07875 0.445417 0.0358333 0.0391667
0 0.767083 0.59 0.0391667 0.0433333
0 0.97625 0.0545833 0.0358333 0.0375
0 0.259583 0.582083 0.0408333 0.0408333
0 0.272083 0.52375 0.0358333 0.0391667
0 0.739167 0.180833 0.0366667 0.04
0 0.726667 0.353333 0.035 0.0383333
0 0.495833 0.550833 0.0366667 0.04
0 0.839167 0.503333 0.0316667 0.035
0 0.239583 0.359167 0.0325 0.035
0 0.0929167 0.515833 0.0325 0.035
0 0.182917 0.77625 0.0358333 0.0391667
0 0.207917 0.799583 0.0375 0.0408333
0 0.8125 0.5325 0.0383333 0.0416667
0 0.75375 0.09125 0.0391667 0.0425
0 0.918333 0.72 0.0283333 0.0316667
0 0.2375 0.690417 0.0333333 0.0341667
0 0.628333 0.925 0.0266667 0.03
0 0.48875 0.64125 0.0358333 0.0375
0 0.815 0.675833 0.035 0.0383333
0 0.17125 0.328333 0.0308333 0.0316667
0 0.813333 0.0570833 0.035 0.0375
0 0.337917 0.729167 0.0275 0.0283333
0 0.262917 0.762083 0.0325 0.0341667
0 0.785417 0.199583 0.0341667 0.0375
0 0.514583 0.975 0.0341667 0.035
0 0.169583 0.693333 0.0341667 0.0366667
0 0.522917 0.0970833 0.0375 0.0375
0 0.22875 0.987083 0.0341667 0.0258333
0 0.616667 0.3525 0.0366667 0.0383333
0 0.1875 0.925833 0.035 0.0366667
0 0.544583 0.501667 0.0391667 0.0416667
0 0.221667 0.871667 0.03 0.0316667
0 0.23 0.745417 0.0333333 0.0341667
0 0.48 0.698333 0.0383333 0.0416667
0 0.0125 0.72625 0.025 0.0375
0 0.984167 0.697917 0.0316667 0.0375
0 0.980833 0.235833 0.035 0.0366667
0 0.590417 0.43375 0.0358333 0.0391667
0 0.851667 0.285417 0.0316667 0.0341667
0 0.40375 0.255833 0.0358333 0.0383333
0 0.370417 0.479167 0.0325 0.035
0 0.142083 0.84125 0.0358333 0.0375
0 0.0220833 0.0345833 0.0358333 0.0375
0 0.555 0.667917 0.0333333 0.0341667
0 0.31375 0.5825 0.0358333 0.0366667
0 0.28375 0.806667 0.0308333 0.0333333
0 0.873333 0.0808333 0.0366667 0.04
0 0.877083 0.689167 0.0358333 0.0366667
0 0.28625 0.0129167 0.0358333 0.0241667
0 0.947083 0.63375 0.0308333 0.0325
0 0.815 0.418333 0.035 0.0366667
0 0.95625 0.119583 0.0341667 0.0358333
0 0.668333 0.551667 0.0366667 0.04
0 0.967917 0.318333 0.0341667 0.0366667
0 0.489583 0.0945833 0.0341667 0.0358333
0 0.431667 0.95625 0.0316667 0.0341667
0 0.840833 0.449583 0.0383333 0.0391667
0 0.887917 0.28125 0.0325 0.0341667
0 0.88 0.536667 0.0366667 0.0383333
0 0.53 0.839167 0.035 0.0383333
0 0.827083 0.602917 0.0308333 0.0325
0 0.0233333 0.957917 0.035 0.0375
0 0.365833 0.445 0.03 0.0316667
0 0.518333 0.638333 0.035 0.0383333
0 0.300417 0.39 0.0341667 0.0366667
0 0.652917 0.199583 0.0341667 0.0375
0 0.374583 0.754583 0.0291667 0.0308333
0 0.717917 0.406667 0.0325 0.0333333
0 0.544167 0.13375 0.035 0.0358333
0 0.606667 0.1975 0.035 0.0366667
0 0.795 0.47125 0.03 0.0325
0 0.705 0.0841667 0.0366667 0.0366667
0 0.87625 0.7425 0.0358333 0.0366667
0 0.103333 0.957083 0.0333333 0.0358333
0 0.5825 0.605 0.0366667 0.04
0 0.534167 0.787917 0.0316667 0.0325
0 0.729167 0.46375 0.035 0.0375
0 0.572917 0.274583 0.0358333 0.0375
0 0.914583 0.682083 0.0325 0.0341667
0 0.927083 0.144583 0.0308333 0.0341667
0 0.340417 0.61625 0.0308333 0.0325
0 0.4175 0.85625 0.03 0.0308333
0 0.353333 0.539167 0.0333333 0.0366667
0 0.764167 0.41375 0.0333333 0.0358333
0 0.662917 0.850417 0.0341667 0.0391667
0 0.0725 0.565417 0.035 0.0375
0 0.484583 0.255417 0.0325 0.0341667
0 0.38625 0.975 0.0341667 0.035
0 0.980417 0.619583 0.0341667 0.0358333
0 0.757917 0.539583 0.0358333 0.0375
0 0.478333 0.440833 0.035 0.0366667
0 0.845833 0.699167 0.0316667 0.035
0 0.483333 0.824583 0.0283333 0.0308333
0 0.61125 0.74 0.0325 0.035
0 0.878333 0.42875 0.0316667 0.0341667
0 0.55 0.586667 0.0366667 0.04
0 0.755 0.0454167 0.035 0.0375
0 0.609583 0.543333 0.0325 0.035
0 0.667917 0.38875 0.0358333 0.0375
0 0.976667 0.402083 0.0266667 0.0308333
0 0.247083 0.274583 0.0341667 0.0358333
0 0.533333 0.215417 0.0333333 0.0358333
0 0.82375 0.719583 0.0325 0.0341667
0 0.257083 0.47125 0.0358333 0.0375
0 0.944167 0.54 0.035 0.0366667
0 0.941667 0.199167 0.0316667 0.035
0 0.51 0.365 0.035 0.0383333
0 0.139583 0.9675 0.0341667 0.035
0 0.0858333 0.7275 0.0333333 0.035
0 0.7425 0.01375 0.035 0.0258333
0 0.713333 0.757083 0.0333333 0.0358333
0 0.0745833 0.0883333 0.0341667 0.035
0 0.839583 0.34125 0.0325 0.0358333
0 0.112083 0.78125 0.0341667 0.0375
0 0.884167 0.479583 0.0333333 0.0358333
0 0.832917 0.240417 0.0275 0.0308333
0 0.0191667 0.56125 0.0366667 0.0391667
0 0.7175 0.634583 0.0333333 0.0358333
0 0.586667 0.709583 0.0316667 0.0341667
