0 0.9925 0.645833 0.015 0.0333333
0 0.356667 0.293333 0.0466667 0.05
0 0.995417 0.21125 0.00916667 0.0191667
0 0.387917 0.6675 0.0341667 0.0333333
0 0.989167 0.385 0.0216667 0.0416667
0 0.2175 0.0741667 0.0316667 0.0333333
0 0.978333 0.327083 0.03 0.0325
0 0.520833 0.601667 0.0366667 0.0433333
0 0.964583 0.521667 0.0358333 0.0383333
0 0.3425 0.242917 0.035 0.0391667
0 0.36125 0.325417 0.0325 0.0341667
0 0.209583 0.321667 0.0425 0.0483333
0 0.717083 0.829583 0.0308333 0.0341667
0 0.355833 0.77 0.035 0.0366667
0 0.189167 0.279583 0.03 0.0325
0 0.24625 0.34125 0.0358333 0.0391667
0 0.116667 0.0616667 0.0416667 0.0483333
0 0.992083 0.766667 0.0158333 0.0383333
0 0.29875 0.26 0.0391667 0.0433333
0 0.107083 0.352917 0.0441667 0.0508333
0 0.252083 0.28875 0.0391667 0.0425
0 0.545417 0.695 0.0375 0.045
0 0.837917 0.989167 0.0258333 0.0216667
0 0.781667 0.154167 0.0333333 0.0333333
0 0.449167 0.4175 0.0316667 0.0333333
0 0.0129167 0.99125 0.0258333 0.0175
0 0.777917 0.741667 0.0441667 0.0483333
0 0.82375 0.822083 0.0441667 0.0541667
0 0.129167 0.436667 0.0316667 0.035
0 0.33625 0.425 0.0375 0.0466667
0 0.581667 0.58375 0.0333333 0.0341667
0 0.169167 0.2575 0.0366667 0.04
0 0.459167 0.902917 0.0266667 0.0258333
0 0.525 0.10125 0.0333333 0.0375
0 0.34 0.81125 0.0366667 0.0425
0 0.53625 0.989167 0.0291667 0.0216667
0 0.168333 0.875 0.04 0.04
0 0.672083 0.550833 0.0408333 0.0433333
0 0.182917 0.543333 0.0408333 0.0433333
0 0.41375 0.793333 0.0391667 0.0416667
0 0.6725 0.836667 0.035 0.0383333
0 0.959583 0.882083 0.0325 0.0391667
0 0.92 0.78 0.0366667 0.0433333
0 0.161667 0.508333 0.0366667 0.0383333
0 0.159167 0.384583 0.045 0.0458333
0 0.665417 0.745833 0.0375 0.0433333
0 0.31625 0.0208333 0.0408333 0.0416667
0 0.849583 0.3725 0.0408333 0.0466667
0 0.60875 0.162083 0.0325 0.0358333
0 0.264583 0.959167 0.0325 0.0333333
0 0.668333 0.511667 0.0366667 0.0366667
0 0.470417 0.806667 0.0441667 0.0516667
0 0.704583 0.654167 0.0341667 0.04
0 0.0533333 0.1175 0.0333333 0.035
0 0.650417 0.01 0.0308333 0.02
0 0.00916667 0.154167 0.0183333 0.0383333
0 0.343333 0.866667 0.0383333 0.04
0 0.511667 0.799583 0.0266667 0.0291667
0 0.89 0.835417 0.0383333 0.0441667
0 0.373333 0.38375 0.0383333 0.0425
0 0.82125 0.50375 0.0391667 0.0408333
0 0.335417 0.985 0.0325 0.0283333
0 0.352917 0.0354167 0.0358333 0.0391667
0 0.337083 0.555417 0.0358333 0.0408333
0 0.354167 0.12 0.035 0.0366667
0 0.400417 0.015 0.0358333 0.03
0 0.912083 0.484583 0.0391667 0.0441667
0 0.641667 0.590417 0.0366667 0.0408333
0 0.287083 0.189167 0.0391667 0.045
0 0.303333 0.309167 0.04 0.0416667
0 0.840417 0.945417 0.0358333 0.0375
0 0.2475 0.504167 0.04 0.045
0 0.31875 0.13375 0.0325 0.0358333
0 0.0116667 0.195417 0.0233333 0.0358333
0 0.12125 0.554167 0.0225 0.025
0 0.567917 0.173333 0.0358333 0.04
0 0.13125 0.940833 0.0358333 0.0383333
0 0.08375 0.3 0.0358333 0.0416667
0 0.590833 0.875 0.0333333 0.0383333
0 0.79875 0.644167 0.0375 0.04
0 0.751667 0.847917 0.0366667 0.0408333
0 0.692917 0.880833 0.0391667 0.0433333
0 0.03 0.587083 0.0333333 0.0358333
0 0.315 0.183333 0.0333333 0.0333333
0 0.872083 0.757917 0.0358333 0.0391667
0 0.74125 0.545833 0.0358333 0.0366667
0 0.634583 0.922083 0.0375 0.0408333
0 0.725833 0.96875 0.0366667 0.0391667
0 0.665 0.199583 0.0283333 0.0291667
0 0.652917 0.805 0.0375 0.04
0 0.772083 0.59 0.0358333 0.0416667
0 0.9 0.404167 0.0366667 0.04
0 0.795 0.687083 0.04 0.0425
0 0.239167 0.167083 0.035 0.0358333
0 0.777083 0.364583 0.0341667 0.0358333
0 0.542083 0.24 0.0341667 0.035
0 0.677917 0.962917 0.0308333 0.0325
0 0.0270833 0.0475 0.0341667 0.0366667
0 0.5775 0.0683333 0.035 0.0383333
0 0.189167 0.585833 0.0316667 0.0333333
0 0.132083 0.2275 0.0391667 0.0416667
0 0.132917 0.3275 0.0391667 0.0433333
0 0.694167 0.0458333 0.0316667 0.035
0 0.0725 0.136667 0.0333333 0.035
0 0.412917 0.7275 0.0391667 0.0416667
0 0.5475 0.810417 0.035 0.0375
0 0.460833 0.0108333 0.0266667 0.0216667
0 0.916667 0.426667 0.035 0.0366667
0 0.752917 0.987083 0.0308333 0.0258333
0 0.299167 0.878333 0.035 0.04
0 0.0420833 0.387917 0.0375 0.0441667
0 0.487917 0.89 0.0275 0.03
0 0.61375 0.78125 0.0358333 0.0408333
0 0.0720833 0.0641667 0.0375 0.0383333
0 0.753333 0.0829167 0.035 0.0358333
0 0.588333 0.669583 0.0366667 0.0408333
0 0.00958333 0.483333 0.0191667 0.035
0 0.0945833 0.2625 0.0325 0.035
0 0.682083 0.147083 0.0325 0.0358333
0 0.252917 0.4275 0.0391667 0.045
0 0.260417 0.0454167 0.0291667 0.0308333
0 0.145 0.989583 0.0316667 0.0208333
0 0.0679167 0.412083 0.0358333 0.0391667
0 0.98875 0.515833 0.0225 0.0366667
0 0.772083 0.93625 0.0358333 0.0391667
0 0.905833 0.707083 0.035 0.0408333
0 0.215 0.1 0.0333333 0.035
0 0.68 0.629167 0.035 0.0383333
0 0.87625 0.522917 0.0358333 0.0375
0 0.1 0.489167 0.0266667 0.03
0 0.53 0.934583 0.035 0.0375
0 0.7425 0.634583 0.035 0.0375
0 0.786667 0.974167 0.0333333 0.0366667
0 0.80625 0.924583 0.0341667 0.0391667
0 0.0966667 0.185 0.0383333 0.0416667
0 0.284167 0.575833 0.0316667 0.0333333
0 0.337917 0.35 0.0341667 0.0366667
0 0.0241667 0.344583 0.03 0.0308333
0 0.945 0.39 0.035 0.0383333
0 0.239167 0.13375 0.0333333 0.0375
0 0.910833 0.870833 0.0316667 0.0333333
0 0.501667 0.0608333 0.0366667 0.04
0 0.05125 0.649583 0.0341667 0.0358333
0 0.157083 0.0945833 0.0341667 0.0341667
0 0.74625 0.782917 0.0358333 0.0375
0 0.602083 0.982917 0.0341667 0.0325
0 0.212083 0.200417 0.0325 0.0358333
0 0.195833 0.240417 0.035 0.0341667
0 0.647083 0.967917 0.0325 0.0341667
0 0.98875 0.9625 0.0225 0.0383333
0 0.389167 0.880417 0.03 0.0325
0 0.381667 0.977917 0.0333333 0.0358333
0 0.01625 0.457083 0.0308333 0.0325
0 0.164167 0.145417 0.035 0.0358333
0 0.504583 0.720833 0.0358333 0.04
0 0.599167 0.92625 0.0316667 0.0341667
0 0.934583 0.5425 0.0325 0.035
0 0.747083 0.0241667 0.0341667 0.0366667
0 0.278333 0.375417 0.03 0.0325
0 0.229167 0.371667 0.035 0.0366667
0 0.463333 0.12625 0.0316667 0.0341667
0 0.417917 0.0629167 0.0358333 0.0408333
0 0.17375 0.197083 0.0341667 0.0358333
0 0.4175 0.19 0.0366667 0.04
0 0.427083 0.305833 0.0341667 0.035
0 0.47875 0.294583 0.0341667 0.0358333
0 0.5375 0.155417 0.035 0.0375
0 0.936667 0.954167 0.0333333 0.035
0 0.2475 0.245833 0.035 0.0366667
0 0.2925 0.0725 0.035 0.0383333
0 0.234583 0.849583 0.0308333 0.0325
0 0.982917 0.675833 0.0341667 0.035
0 0.97625 0.428333 0.0341667 0.0366667
0 0.5725 0.927083 0.035 0.0375
0 0.716667 0.69375 0.0333333 0.0358333
0 0.899167 0.63 0.035 0.0366667
0 0.16875 0.350417 0.0375 0.0391667
0 0.37625 0.93125 0.0341667 0.0358333
0 0.835 0.760417 0.0316667 0.0358333
0 0.585417 0.827917 0.0341667 0.0358333
0 0.0229167 0.274583 0.0358333 0.0391667
0 0.454167 0.980833 0.0333333 0.0333333
0 0.865833 0.9025 0.035 0.0383333
0 0.73 0.751667 0.0333333 0.0366667
0 0.502917 0.270833 0.0325 0.0366667
0 0.600417 0.0133333 0.0325 0.025
0 0.86 0.639167 0.0316667 0.0366667
0 0.431667 0.9175 0.0333333 0.0366667
