0 0.861667 0.372917 0.0266667 0.0291667
0 0.99 0.6225 0.0183333 0.0383333
0 0.221667 0.0770833 0.04 0.0458333
0 0.770417 0.69125 0.0408333 0.0508333
0 0.597917 0.423333 0.0425 0.0483333
0 0.424167 0.7925 0.0416667 0.0483333
0 0.34625 0.270833 0.0458333 0.0466667
0 0.507917 0.537917 0.0391667 0.0425
0 0.256667 0.0241667 0.0383333 0.0466667
0 0.12625 0.835 0.0425 0.055
0 0.88375 0.00833333 0.0358333 0.015
0 0.255 0.292083 0.0416667 0.0491667
0 0.670833 0.833333 0.04 0.0466667
0 0.992917 0.9825 0.0141667 0.0333333
0 0.2925 0.638333 0.0466667 0.0533333
0 0.545 0.0641667 0.0383333 0.0433333
0 0.990833 0.591667 0.0166667 0.0383333
0 0.310833 0.0854167 0.0416667 0.0491667
0 0.95875 0.2225 0.0308333 0.0333333
0 0.50125 0.219167 0.0441667 0.045
0 0.460833 0.295 0.035 0.0366667
0 0.715 0.74375 0.0316667 0.0375
0 0.656667 0.02875 0.0333333 0.0408333
0 0.801667 0.372083 0.04 0.0475
0 0.455833 0.49125 0.045 0.0491667
0 0.3875 0.02375 0.04 0.0425
0 0.00875 0.967083 0.0175 0.0375
0 0.714583 0.7075 0.0391667 0.0466667
0 0.420417 0.574167 0.0408333 0.05
0 0.46375 0.570833 0.0441667 0.05
0 0.179583 0.782083 0.0408333 0.0475
0 0.767917 0.06375 0.0358333 0.0358333
0 0.3 0.567083 0.045 0.0475
0 0.977083 0.414583 0.0308333 0.0341667
0 0.61375 0.565 0.0275 0.0283333
0 0.556667 0.134583 0.0333333 0.0375
0 0.989167 0.0458333 0.02 0.04
0 0.260833 0.826667 0.0383333 0.0433333
0 0.338333 0.992917 0.03 0.0141667
0 0.675833 0.5775 0.0366667 0.0416667
0 0.476667 0.323333 0.0433333 0.0433333
0 0.05375 0.58875 0.0325 0.0325
0 0.555833 0.604583 0.0416667 0.0458333
0 0.734167 0.389167 0.04 0.045
0 0.765417 0.278333 0.0375 0.0433333
0 0.178333 0.574167 0.025 0.0266667
0 0.578333 0.095 0.0366667 0.0433333
0 0.00666667 0.37875 0.0133333 0.0275
0 0.226667 0.131667 0.0383333 0.0416667
0 0.2375 0.72625 0.0383333 0.0475
0 0.215417 0.207917 0.0375 0.0408333
0 0.220417 0.308333 0.0375 0.0433333
0 0.815 0.04625 0.035 0.0425
0 0.619167 0.507917 0.0366667 0.0408333
0 0.18875 0.51375 0.0408333 0.0441667
0 0.83625 0.318333 0.0408333 0.0433333
0 0.902083 0.2675 0.0325 0.0366667
0 0.4425 0.22125 0.0383333 0.0425
0 0.403333 0.243333 0.0383333 0.045
0 0.590417 0.15875 0.0458333 0.0458333
0 0.728333 0.6375 0.0433333 0.0483333
0 0.0675 0.9875 0.0333333 0.0233333
0 0.42125 0.2975 0.0375 0.0416667
0 0.30375 0.930417 0.0375 0.0458333
0 0.425417 0.37625 0.0425 0.0425
0 0.900417 0.140833 0.0375 0.045
0 0.93 0.443333 0.0366667 0.0433333
0 0.696667 0.335 0.04 0.0416667
0 0.313333 0.682917 0.0283333 0.0308333
0 0.436667 0.457083 0.0333333 0.0341667
0 0.727083 0.0375 0.0375 0.0433333
0 0.354167 0.860417 0.0416667 0.0441667
0 0.556667 0.32 0.04 0.0466667
0 0.895833 0.937083 0.0366667 0.0425
0 0.525417 0.934167 0.0375 0.0383333
0 0.0108333 0.7625 0.0216667 0.0433333
0 0.887083 0.60625 0.0341667 0.0375
0 0.281667 0.695 0.0383333 0.0466667
0 0.84 0.379583 0.0333333 0.0358333
0 0.770417 0.3325 0.0358333 0.04
0 0.21875 0.39625 0.0375 0.0391667
0 0.0766667 0.61625 0.0366667 0.0391667
0 0.374583 0.265 0.0308333 0.0333333
0 0.624167 0.45375 0.0366667 0.0441667
0 0.490417 0.786667 0.0358333 0.04
0 0.755 0.551667 0.04 0.0416667
0 0.386667 0.360833 0.0366667 0.0416667
0 0.272083 0.08625 0.0375 0.0408333
0 0.13125 0.71875 0.0391667 0.0458333
0 0.94875 0.497083 0.0358333 0.0375
0 0.226667 0.800833 0.0383333 0.0416667
0 0.650833 0.400417 0.0366667 0.0408333
0 0.330417 0.484583 0.0325 0.0358333
0 0.0204167 0.55875 0.0375 0.0425
0 0.0133333 0.64 0.0266667 0.045
0 0.945417 0.62625 0.0358333 0.0391667
0 0.278333 0.50375 0.0366667 0.0408333
0 0.441667 0.65375 0.035 0.0375
0 0.66375 0.264167 0.0375 0.04
0 0.323333 0.336667 0.0366667 0.04
0 0.119583 0.375417 0.0358333 0.0408333
0 0.340417 0.728333 0.0441667 0.0433333
0 0.477083 0.0679167 0.0358333 0.0391667
0 0.9 0.56625 0.0366667 0.0391667
0 0.250833 0.369167 0.035 0.0383333
0 0.420417 0.711667 0.0375 0.0416667
0 0.83375 0.535 0.0358333 0.0383333
0 0.900833 0.509167 0.0366667 0.045
0 0.640417 0.550417 0.0358333 0.0391667
0 0.399583 0.114583 0.0358333 0.0425
0 0.23875 0.9875 0.0325 0.0233333
0 0.352083 0.942917 0.0358333 0.0391667
0 0.957083 0.0158333 0.0325 0.0316667
0 0.241667 0.866667 0.035 0.0366667
0 0.300417 0.449167 0.0375 0.04
0 0.563333 0.922083 0.0366667 0.0408333
0 0.114583 0.123333 0.0341667 0.0366667
0 0.535417 0.745 0.0341667 0.04
0 0.892083 0.359583 0.0358333 0.0391667
0 0.12125 0.323333 0.0375 0.0416667
0 0.5025 0.39125 0.0366667 0.0375
0 0.527917 0.79 0.0341667 0.0383333
0 0.819583 0.433333 0.0391667 0.0416667
0 0.816667 0.237083 0.0366667 0.0391667
0 0.527917 0.985417 0.0325 0.0275
0 0.989583 0.52 0.0191667 0.0383333
0 0.63 0.760417 0.0366667 0.0408333
0 0.105417 0.88875 0.0408333 0.0441667
0 0.279583 0.228333 0.0341667 0.0366667
0 0.575833 0.642083 0.0383333 0.0425
0 0.374167 0.5525 0.0383333 0.0416667
0 0.16375 0.836667 0.0375 0.045
0 0.498333 0.137917 0.0333333 0.0375
0 0.0883333 0.269167 0.035 0.0366667
0 0.467083 0.0279167 0.0375 0.0391667
0 0.4225 0.429583 0.0366667 0.0391667
0 0.225833 0.425417 0.0333333 0.0341667
0 0.625417 0.287083 0.0308333 0.0325
0 0.0316667 0.787917 0.0366667 0.0408333
0 0.547083 0.542083 0.0325 0.0341667
0 0.87875 0.193333 0.0358333 0.0433333
0 0.51625 0.691667 0.0325 0.035
0 0.9475 0.555417 0.03 0.0325
0 0.41 0.86875 0.035 0.0391667
0 0.23375 0.471667 0.0325 0.0333333
0 0.265 0.574167 0.035 0.0366667
0 0.16125 0.93 0.0358333 0.04
0 0.826667 0.146667 0.035 0.0383333
0 0.50875 0.646667 0.0358333 0.0383333
0 0.0216667 0.815 0.0316667 0.035
0 0.976667 0.155833 0.0366667 0.0433333
0 0.545833 0.215833 0.0366667 0.04
0 0.432917 0.515417 0.0358333 0.0375
0 0.88 0.409583 0.0366667 0.0391667
0 0.700833 0.44625 0.04 0.0425
0 0.0725 0.649583 0.0333333 0.0358333
0 0.668333 0.72 0.035 0.04
0 0.248333 0.510417 0.0333333 0.0375
0 0.0104167 0.72625 0.0208333 0.0375
0 0.10125 0.7525 0.0408333 0.0433333
0 0.320833 0.20875 0.035 0.0358333
0 0.7075 0.776667 0.0366667 0.0383333
0 0.809167 0.665833 0.0366667 0.0416667
0 0.13 0.964167 0.0333333 0.0383333
0 0.445417 0.8275 0.0358333 0.0383333
0 0.85 0.620417 0.035 0.0391667
0 0.0629167 0.526667 0.0358333 0.0383333
0 0.03875 0.287917 0.0325 0.0341667
0 0.418333 0.152917 0.035 0.0375
0 0.755833 0.209167 0.0333333 0.035
0 0.213333 0.905 0.035 0.0366667
0 0.674167 0.0854167 0.035 0.0375
0 0.455417 0.95625 0.0341667 0.0375
0 0.3125 0.789583 0.0333333 0.0375
0 0.0604167 0.740833 0.0325 0.0366667
0 0.640833 0.181667 0.0366667 0.0416667
0 0.79375 0.500417 0.0358333 0.0375
0 0.330833 0.888333 0.0333333 0.0366667
0 0.105 0.804583 0.035 0.0375
0 0.182083 0.738333 0.0375 0.0383333
0 0.766667 0.789583 0.035 0.0375
0 0.6225 0.685417 0.035 0.0375
0 0.92625 0.389583 0.0325 0.0358333
0 0.58875 0.0270833 0.0341667 0.0375
0 0.55875 0.38875 0.0325 0.0341667
0 0.56875 0.818333 0.0341667 0.0366667
0 0.415 0.922083 0.0333333 0.0358333
0 0.340417 0.52875 0.0358333 0.0375
0 0.944583 0.0929167 0.0358333 0.0391667
0 0.840833 0.0845833 0.0333333 0.0341667
0 0.219583 0.172917 0.0375 0.0391667
0 0.747083 0.149167 0.0325 0.0333333
0 0.166667 0.3875 0.0366667 0.0416667
0 0.62875 0.60875 0.0358333 0.0375
0 0.474167 0.877083 0.0333333 0.0358333
0 0.681667 0.296667 0.0333333 0.0366667
0 0.98625 0.125417 0.0275 0.0375
0 0.983333 0.333333 0.0333333 0.035
0 0.514583 0.84 0.0341667 0.0366667
0 0.0591667 0.855417 0.0366667 0.0391667
0 0.210833 0.642083 0.0316667 0.0341667
0 0.586667 0.264583 0.035 0.0391667
0 0.128333 0.544583 0.0316667 0.0341667
0 0.361667 0.4325 0.0333333 0.035
0 0.159583 0.703333 0.0358333 0.04
0 0.0358333 0.39 0.03 0.0333333
0 0.776667 0.459583 0.0333333 0.0358333
0 0.693333 0.200833 0.0333333 0.035
0 0.257917 0.614167 0.0341667 0.04
0 0.188333 0.85 0.0333333 0.0366667
0 0.53375 0.270417 0.0341667 0.0375
