0 0.654167 0.995 0.03 0.01
0 0.50375 0.687917 0.0408333 0.0475
0 0.69625 0.04 0.0358333 0.04
0 0.732083 0.324583 0.0408333 0.0541667
0 0.744167 0.664167 0.0283333 0.03
0 0.467083 0.173333 0.0408333 0.0466667
0 0.877083 0.223333 0.0391667 0.0416667
0 0.01125 0.519167 0.0225 0.0516667
0 0.5825 0.73375 0.0483333 0.0475
0 0.145 0.87875 0.04 0.0408333
0 0.05125 0.02125 0.0341667 0.0391667
0 0.65875 0.394167 0.0391667 0.0416667
0 0.733333 0.994167 0.03 0.0116667
0 0.932083 0.23 0.0425 0.0433333
0 0.405833 0.207917 0.0333333 0.0375
0 0.26375 0.74875 0.0358333 0.0391667
0 0.720833 0.1825 0.035 0.0366667
0 0.154167 0.77 0.04 0.0416667
0 0.547917 0.850833 0.0275 0.0316667
0 0.145 0.0233333 0.0366667 0.0366667
0 0.526667 0.500833 0.0416667 0.045
0 0.644167 0.687083 0.0333333 0.0375
0 0.2575 0.63875 0.0366667 0.0408333
0 0.387083 0.607917 0.0408333 0.0441667
0 0.345 0.742917 0.045 0.0491667
0 0.590417 0.39625 0.0375 0.0408333
0 0.443333 0.612917 0.0366667 0.0408333
0 0.73 0.00916667 0.035 0.0183333
0 0.0616667 0.557083 0.0283333 0.0291667
0 0.0283333 0.27875 0.04 0.0491667
0 0.0283333 0.48375 0.0383333 0.0425
0 0.4975 0.987917 0.0316667 0.0225
0 0.0395833 0.925417 0.0408333 0.0425
0 0.0704167 0.208333 0.0258333 0.0283333
0 0.37 0.851667 0.04 0.0433333
0 0.211667 0.986667 0.0333333 0.0266667
0 0.743333 0.266667 0.035 0.04
0 0.385417 0.105 0.0391667 0.0416667
0 0.759167 0.40625 0.0266667 0.0291667
0 0.74875 0.90375 0.0341667 0.0391667
0 0.835833 0.9775 0.0383333 0.0416667
0 0.01375 0.0416667 0.0275 0.0416667
0 0.612083 0.991667 0.0291667 0.0166667
0 0.390833 0.9525 0.04 0.0483333
0 0.507083 0.859167 0.0358333 0.04
0 0.59625 0.897083 0.0441667 0.0508333
0 0.490417 0.0204167 0.0408333 0.0408333
0 0.210833 0.695417 0.0316667 0.0341667
0 0.437917 0.134167 0.0408333 0.0466667
0 0.07 0.864583 0.0366667 0.0441667
0 0.885417 0.987917 0.0341667 0.0225
0 0.124583 0.530833 0.0308333 0.0316667
0 0.994583 0.473333 0.0108333 0.0283333
0 0.203333 0.24625 0.04 0.0525
0 0.779167 0.0354167 0.035 0.0358333
0 0.892083 0.295833 0.0358333 0.04
0 0.139583 0.372917 0.0275 0.0291667
0 0.227083 0.804583 0.0391667 0.0408333
0 0.221667 0.286667 0.0366667 0.0416667
0 0.9475 0.992917 0.03 0.0141667
0 0.08 0.0866667 0.035 0.0366667
0 0.845417 0.278333 0.0325 0.035
0 0.633333 0.435 0.0383333 0.0433333
0 0.0683333 0.242917 0.04 0.0458333
0 0.83875 0.464583 0.0375 0.0408333
0 0.99 0.386667 0.0166667 0.0366667
0 0.869167 0.415833 0.0416667 0.045
0 0.673333 0.527917 0.0366667 0.0408333
0 0.375417 0.270417 0.0375 0.0475
0 0.176667 0.82125 0.035 0.0375
0 0.349583 0.975833 0.0341667 0.0366667
0 0.107083 0.0595833 0.0391667 0.0408333
0 0.464167 0.934583 0.04 0.0441667
0 0.395 0.297083 0.0366667 0.0391667
0 0.522083 0.784167 0.0358333 0.04
0 0.6375 0.03375 0.035 0.0375
0 0.681667 0.62 0.04 0.045
0 0.26125 0.945417 0.0341667 0.0375
0 0.62125 0.847083 0.0375 0.0441667
0 0.325833 0.332917 0.035 0.0391667
0 0.880417 0.355417 0.0341667 0.0375
0 0.386667 0.7 0.0366667 0.04
0 0.577083 0.958333 0.0358333 0.0383333
0 0.360417 0.6425 0.0358333 0.0383333
0 0.260417 0.78875 0.0375 0.0375
0 0.369167 0.363333 0.0316667 0.0333333
0 0.825417 0.568333 0.0358333 0.0383333
0 0.9225 0.7175 0.03 0.0333333
0 0.309167 0.631667 0.035 0.035
0 0.709583 0.58375 0.0358333 0.0391667
0 0.603333 0.0904167 0.035 0.0391667
0 0.0195833 0.9825 0.0341667 0.035
0 0.132917 0.462083 0.0358333 0.0391667
0 0.987083 0.579167 0.0258333 0.0366667
0 0.275833 0.380833 0.0333333 0.035
0 0.723333 0.8425 0.035 0.0366667
0 0.985417 0.204583 0.0291667 0.0375
0 0.969583 0.702917 0.0291667 0.0325
0 0.224167 0.64125 0.03 0.0325
0 0.327083 0.900833 0.0341667 0.0366667
0 0.0141667 0.63875 0.0283333 0.0358333
0 0.0941667 0.342917 0.0366667 0.0408333
0 0.747083 0.547917 0.0358333 0.0408333
0 0.905 0.500417 0.0383333 0.0391667
0 0.789167 0.5725 0.04 0.0416667
0 0.943333 0.5825 0.0383333 0.0383333
0 0.8975 0.861667 0.0366667 0.0416667
0 0.06 0.51625 0.035 0.0375
0 0.832083 0.868333 0.0375 0.0383333
0 0.2625 0.4275 0.035 0.0366667
0 0.75375 0.6275 0.0308333 0.035
0 0.2575 0.865 0.0316667 0.0333333
0 0.0175 0.595417 0.0333333 0.0358333
0 0.264167 0.70625 0.0333333 0.0358333
0 0.963333 0.27125 0.035 0.0375
0 0.956667 0.490417 0.0283333 0.0308333
0 0.382917 0.75875 0.0325 0.0358333
0 0.285 0.890833 0.0333333 0.0366667
0 0.635417 0.122917 0.0341667 0.0391667
0 0.164167 0.31625 0.03 0.0308333
0 0.91875 0.974167 0.0308333 0.0333333
0 0.219583 0.324167 0.0325 0.035
0 0.16 0.490417 0.0333333 0.0341667
0 0.245833 0.2375 0.03 0.0316667
0 0.332917 0.0729167 0.0358333 0.0391667
0 0.0520833 0.0645833 0.0325 0.0341667
0 0.58375 0.195417 0.0341667 0.0358333
0 0.845 0.649167 0.04 0.0433333
0 0.124167 0.423333 0.035 0.0366667
0 0.374167 0.135833 0.0316667 0.0366667
0 0.315 0.823333 0.0366667 0.0383333
0 0.740833 0.496667 0.035 0.04
0 0.831667 0.347083 0.0333333 0.0358333
0 0.465 0.08625 0.035 0.0408333
0 0.0216667 0.410833 0.035 0.0383333
0 0.289167 0.14125 0.035 0.0358333
0 0.982917 0.91 0.0325 0.035
0 0.964583 0.825833 0.0325 0.035
0 0.299583 0.262917 0.0375 0.0391667
0 0.305417 0.96 0.0358333 0.0366667
0 0.0516667 0.134583 0.035 0.0375
0 0.72 0.940833 0.0366667 0.04
0 0.882083 0.917917 0.0358333 0.0375
0 0.905 0.740417 0.0383333 0.0408333
0 0.98625 0.638333 0.0275 0.0366667
0 0.1275 0.09875 0.0316667 0.0341667
0 0.234167 0.03375 0.0316667 0.0341667
0 0.215417 0.180833 0.0358333 0.0383333
0 0.203333 0.37875 0.035 0.0375
0 0.988333 0.72 0.0216667 0.03
0 0.714167 0.39625 0.035 0.0375
0 0.174583 0.987917 0.0358333 0.0225
0 0.796667 0.442917 0.035 0.0408333
0 0.702917 0.674167 0.0358333 0.04
0 0.889583 0.604583 0.0358333 0.0391667
0 0.967917 0.454583 0.0341667 0.0375
0 0.935417 0.364167 0.0325 0.035
0 0.240833 0.914167 0.03 0.035
0 0.94 0.87875 0.035 0.0358333
0 0.9175 0.679167 0.0316667 0.0333333
0 0.662917 0.969167 0.0325 0.035
0 0.0629167 0.3925 0.0325 0.035
0 0.635417 0.49 0.0341667 0.0383333
0 0.782083 0.725 0.0358333 0.0383333
0 0.73125 0.717917 0.0358333 0.0408333
0 0.20125 0.891667 0.0358333 0.0383333
0 0.44375 0.661667 0.0358333 0.04
0 0.481667 0.8125 0.0333333 0.0366667
0 0.469583 0.2625 0.0358333 0.0383333
0 0.217917 0.09125 0.0308333 0.0325
0 0.2825 0.33 0.0333333 0.0366667
0 0.640417 0.584583 0.0358333 0.0375
0 0.67375 0.760417 0.0341667 0.0358333
0 0.984167 0.864167 0.0316667 0.0366667
