0 0.232083 0.72875 0.0308333 0.0341667
0 0.409167 0.685 0.0333333 0.035
0 0.232083 0.83375 0.0341667 0.0358333
0 0.963333 0.915417 0.0433333 0.0458333
0 0.839167 0.559583 0.04 0.0425
0 0.182083 0.3075 0.0441667 0.055
0 0.0945833 0.28875 0.0441667 0.0458333
0 0.6175 0.0254167 0.0333333 0.0391667
0 0.687917 0.99375 0.0291667 0.0125
0 0.394583 0.779167 0.0441667 0.0483333
0 0.854583 0.82 0.0391667 0.04
0 0.70875 0.0933333 0.0441667 0.0533333
0 0.992083 0.685 0.0158333 0.03
0 0.131667 0.0275 0.0383333 0.0466667
0 0.410833 0.475833 0.0383333 0.045
0 0.0416667 0.2725 0.0333333 0.0366667
0 0.556667 0.124167 0.0416667 0.045
0 0.395 0.20375 0.045 0.0458333
0 0.177917 0.215833 0.0391667 0.0416667
0 0.354583 0.0675 0.0441667 0.0483333
0 0.906667 0.889167 0.0366667 0.04
0 0.380833 0.374583 0.0333333 0.0358333
0 0.0720833 0.624167 0.0408333 0.05
0 0.14 0.6425 0.0366667 0.04
0 0.734167 0.193333 0.0383333 0.045
0 0.350417 0.27875 0.0408333 0.0458333
0 0.433333 0.142917 0.0383333 0.0408333
0 0.945 0.500833 0.0366667 0.0416667
0 0.778333 0.279167 0.04 0.0466667
0 0.940833 0.31875 0.0316667 0.0341667
0 0.425 0.87625 0.0416667 0.0425
0 0.710833 0.555 0.03 0.0333333
0 0.0820833 0.0254167 0.0358333 0.0408333
0 0.495833 0.235 0.03 0.0316667
0 0.4825 0.20625 0.0383333 0.0408333
0 0.08125 0.102917 0.0358333 0.0408333
0 0.9025 0.949167 0.0383333 0.0433333
0 0.102083 0.550833 0.0408333 0.05
0 0.422083 0.645417 0.0391667 0.0441667
0 0.514167 0.02625 0.0366667 0.0375
0 0.672917 0.2025 0.0358333 0.0416667
0 0.559167 0.69125 0.0366667 0.0458333
0 0.259583 0.284167 0.0391667 0.045
0 0.124167 0.2475 0.0366667 0.0383333
0 0.420833 0.381667 0.04 0.0483333
0 0.0104167 0.684167 0.0208333 0.04
0 0.00833333 0.97375 0.0166667 0.0325
0 0.47875 0.390833 0.0375 0.04
0 0.8725 0.0975 0.045 0.0483333
0 0.167083 0.363333 0.0375 0.0483333
0 0.383333 0.602083 0.0366667 0.0375
0 0.0120833 0.47375 0.0241667 0.0375
0 0.502083 0.08625 0.0358333 0.0408333
0 0.564583 0.0116667 0.0341667 0.0233333
0 0.451667 0.174583 0.0383333 0.0408333
0 0.550833 0.16625 0.035 0.0391667
0 0.305417 0.07875 0.0408333 0.0408333
0 0.904583 0.479583 0.0408333 0.0441667
0 0.0916667 0.73625 0.0383333 0.0391667
0 0.316667 0.487083 0.035 0.0408333
0 0.0404167 0.85625 0.0358333 0.0375
0 0.00833333 0.390417 0.0166667 0.0325
0 0.315833 0.219583 0.04 0.0458333
0 0.85375 0.0345833 0.0391667 0.0458333
0 0.65625 0.0904167 0.0391667 0.0425
0 0.60875 0.288333 0.0375 0.04
0 0.05875 0.805833 0.0391667 0.0433333
0 0.26875 0.735833 0.0375 0.0416667
0 0.839583 0.489583 0.0391667 0.0391667
0 0.823333 0.232917 0.035 0.0375
0 0.867083 0.433333 0.0375 0.04
0 0.442083 0.825 0.0358333 0.04
0 0.989583 0.83625 0.0208333 0.0341667
0 0.760833 0.222083 0.0366667 0.0408333
0 0.51125 0.69125 0.0391667 0.0425
0 0.6825 0.405 0.04 0.0433333
0 0.2875 0.813333 0.0366667 0.0433333
0 0.323333 0.561667 0.035 0.0383333
0 0.665417 0.57 0.0358333 0.0366667
0 0.169167 0.724167 0.04 0.0433333
0 0.429583 0.570417 0.0375 0.0441667
0 0.497917 0.629167 0.0375 0.0416667
0 0.574167 0.572917 0.0366667 0.0408333
0 0.5525 0.208333 0.035 0.0383333
0 0.415417 0.24625 0.0358333 0.0441667
0 0.54 0.515 0.035 0.0383333
0 0.1675 0.0475 0.0333333 0.035
0 0.280417 0.889167 0.0358333 0.0416667
0 0.0329167 0.76875 0.0358333 0.0358333
0 0.0429167 0.445417 0.0358333 0.0391667
0 0.1475 0.495 0.04 0.0416667
0 0.31125 0.437917 0.0358333 0.0408333
0 0.556667 0.2575 0.0383333 0.0416667
0 0.747083 0.339583 0.0375 0.0425
0 0.748333 0.0475 0.0383333 0.045
0 0.403333 0.139583 0.03 0.0341667
0 0.51375 0.585417 0.0341667 0.0375
0 0.47875 0.699583 0.0325 0.0341667
0 0.665 0.29 0.035 0.0366667
0 0.13625 0.792083 0.0308333 0.0341667
0 0.29875 0.02875 0.0358333 0.0375
0 0.710833 0.0195833 0.0383333 0.0391667
0 0.250833 0.38 0.0333333 0.035
0 0.534167 0.297083 0.035 0.0408333
0 0.37375 0.109167 0.0325 0.0316667
0 0.85875 0.303333 0.0408333 0.0416667
0 0.9825 0.34625 0.035 0.0375
0 0.11625 0.165417 0.0358333 0.0408333
0 0.110417 0.365833 0.0358333 0.04
0 0.785417 0.62 0.0325 0.0366667
0 0.610833 0.14 0.035 0.04
0 0.600417 0.371667 0.0358333 0.04
0 0.30375 0.625833 0.0358333 0.0383333
0 0.237917 0.50625 0.0358333 0.0408333
0 0.677083 0.678333 0.0375 0.0416667
0 0.2325 0.10875 0.03 0.0325
0 0.333333 0.78 0.0333333 0.0366667
0 0.795833 0.357917 0.0383333 0.0425
0 0.0575 0.525417 0.0383333 0.0425
0 0.342083 0.396667 0.0341667 0.035
0 0.21 0.46375 0.0333333 0.0358333
0 0.45625 0.075 0.0358333 0.04
0 0.163333 0.975 0.0366667 0.0366667
0 0.725417 0.527083 0.0325 0.0358333
0 0.691667 0.145 0.0316667 0.035
0 0.360417 0.6675 0.0358333 0.04
0 0.66375 0.25125 0.0341667 0.0375
0 0.07375 0.69125 0.0358333 0.0391667
0 0.230833 0.195417 0.035 0.0375
0 0.767083 0.436667 0.0358333 0.04
0 0.23 0.0329167 0.035 0.0408333
0 0.594583 0.504167 0.0358333 0.0383333
0 0.125833 0.87625 0.0316667 0.0341667
0 0.225417 0.79875 0.0325 0.0325
0 0.25375 0.449583 0.0341667 0.0375
0 0.273333 0.686667 0.0333333 0.0366667
0 0.78375 0.48875 0.0341667 0.0375
0 0.181667 0.120833 0.0383333 0.04
0 0.94125 0.035 0.0341667 0.0366667
0 0.639167 0.417917 0.035 0.0375
0 0.490417 0.015 0.0341667 0.03
0 0.0858333 0.91125 0.035 0.0391667
0 0.267083 0.56 0.0375 0.0433333
0 0.922917 0.815833 0.0325 0.035
0 0.864167 0.38875 0.0333333 0.0358333
0 0.49125 0.335 0.0358333 0.04
0 0.362917 0.72375 0.0358333 0.0375
0 0.885833 0.226667 0.0333333 0.035
0 0.955833 0.0804167 0.035 0.0358333
0 0.95125 0.126667 0.0358333 0.04
0 0.26625 0.65 0.0325 0.035
0 0.195417 0.624167 0.0325 0.035
0 0.0329167 0.90625 0.0325 0.0358333
0 0.901667 0.170833 0.0333333 0.035
0 0.470833 0.257917 0.0333333 0.0375
0 0.0670833 0.985 0.0308333 0.03
0 0.98375 0.166667 0.0325 0.0383333
0 0.287083 0.367917 0.0308333 0.0325
0 0.402083 0.437083 0.0308333 0.0325
