0 0.371667 0.573333 0.045 0.045
0 0.559583 0.9575 0.0325 0.035
0 0.745833 0.68 0.0366667 0.0416667
0 0.678333 0.765833 0.0466667 0.0533333
0 0.775833 0.339167 0.045 0.05
0 0.0429167 0.202917 0.0375 0.0425
0 0.005 0.161667 0.01 0.0333333
0 0.0825 0.265833 0.0366667 0.0433333
0 0.995 0.0216667 0.01 0.0333333
0 0.9925 0.385 0.015 0.0383333
0 0.18625 0.122083 0.0375 0.0425
0 0.555417 0.62 0.0391667 0.0466667
0 0.346667 0.00791667 0.0283333 0.0158333
0 0.644167 0.832917 0.0466667 0.0525
0 0.392917 0.44625 0.0408333 0.0458333
0 0.64 0.3125 0.0366667 0.0466667
0 0.212917 0.735833 0.0391667 0.045
0 0.627917 0.575833 0.0391667 0.0466667
0 0.2825 0.68625 0.035 0.0425
0 0.54 0.769167 0.0316667 0.0366667
0 0.939167 0.4875 0.0383333 0.0416667
0 0.512083 0.455417 0.0408333 0.0508333
0 0.117917 0.9875 0.0275 0.0233333
0 0.689167 0.96375 0.0416667 0.0491667
0 0.40125 0.9875 0.0375 0.025
0 0.662917 0.695833 0.0458333 0.05
0 0.738333 0.518333 0.0433333 0.0466667
0 0.0979167 0.6975 0.0391667 0.0433333
0 0.963333 0.39375 0.0383333 0.0425
0 0.501667 0.908333 0.045 0.0466667
0 0.961667 0.263333 0.0366667 0.0466667
0 0.6575 0.46875 0.0433333 0.0458333
0 0.105 0.1425 0.0333333 0.0333333
0 0.805833 0.54125 0.04 0.0425
0 0.5825 0.395 0.0383333 0.0416667
0 0.607083 0.913333 0.0391667 0.0483333
0 0.980417 0.68625 0.0358333 0.0408333
0 0.597917 0.444583 0.0375 0.0458333
0 0.89375 0.325 0.0375 0.0416667
0 0.964167 0.0391667 0.03 0.03
0 0.9 0.8325 0.0333333 0.0333333
0 0.37875 0.637083 0.0408333 0.0491667
0 0.0616667 0.12 0.04 0.0466667
0 0.91875 0.0870833 0.0375 0.0408333
0 0.820833 0.45625 0.0366667 0.0458333
0 0.180833 0.0195833 0.0416667 0.0391667
0 0.254583 0.836667 0.0408333 0.0433333
0 0.552917 0.855 0.0408333 0.045
0 0.12625 0.1825 0.0391667 0.0466667
0 0.73125 0.182083 0.0325 0.0341667
0 0.0608333 0.799167 0.0383333 0.0416667
0 0.4275 0.9675 0.035 0.0366667
0 0.932083 0.01 0.0391667 0.02
0 0.3525 0.702083 0.04 0.0475
0 0.02125 0.894167 0.0358333 0.0383333
0 0.434583 0.0558333 0.0308333 0.0333333
0 0.704583 0.99125 0.0325 0.0175
0 0.02375 0.765833 0.0375 0.0433333
0 0.765833 0.40875 0.0383333 0.0425
0 0.847917 0.174583 0.0375 0.0441667
0 0.852083 0.56625 0.0391667 0.0458333
0 0.53125 0.554583 0.0325 0.0358333
0 0.37 0.0529167 0.0433333 0.0458333
0 0.00916667 0.42875 0.0183333 0.0325
0 0.432083 0.66875 0.0391667 0.0408333
0 0.785833 0.270417 0.0366667 0.0425
0 0.63 0.79 0.0316667 0.0366667
0 0.730417 0.457917 0.0358333 0.0441667
0 0.2675 0.135833 0.0416667 0.0466667
0 0.332083 0.49125 0.0341667 0.0375
0 0.9625 0.786667 0.0366667 0.04
0 0.85375 0.820417 0.0391667 0.0475
0 0.04 0.251667 0.0333333 0.0366667
0 0.15875 0.07125 0.0375 0.0425
0 0.66625 0.530417 0.0408333 0.0475
0 0.155417 0.22125 0.0358333 0.0391667
0 0.761667 0.560417 0.0383333 0.0425
0 0.594583 0.666667 0.0391667 0.0416667
0 0.794583 0.479583 0.0291667 0.0325
0 0.250833 0.225833 0.0383333 0.0383333
0 0.799583 0.985 0.0341667 0.03
0 0.952917 0.867917 0.0341667 0.0358333
0 0.0154167 0.69 0.0308333 0.04
0 0.8875 0.5375 0.035 0.0383333
0 0.87125 0.294583 0.0358333 0.0375
0 0.95375 0.70375 0.0325 0.0341667
0 0.324583 0.95375 0.0325 0.0358333
0 0.287917 0.835 0.0391667 0.045
0 0.47375 0.74125 0.0391667 0.0425
0 0.7525 0.922083 0.0366667 0.0375
0 0.8275 0.731667 0.0383333 0.0433333
0 0.307083 0.660417 0.0375 0.0408333
0 0.0708333 0.0683333 0.0366667 0.04
0 0.0816667 0.952083 0.0366667 0.0408333
0 0.245 0.0758333 0.0366667 0.0416667
0 0.420833 0.0158333 0.0366667 0.0316667
0 0.707917 0.82875 0.0391667 0.0425
0 0.0383333 0.0120833 0.0383333 0.0225
0 0.1125 0.312917 0.0366667 0.0425
0 0.88 0.484583 0.0383333 0.0391667
0 0.808333 0.8975 0.0383333 0.0433333
0 0.142083 0.857083 0.0391667 0.0408333
0 0.8725 0.651667 0.0333333 0.0383333
0 0.188333 0.2925 0.0366667 0.04
0 0.423333 0.75125 0.035 0.0358333
0 0.469167 0.847083 0.035 0.0391667
0 0.335833 0.868333 0.0366667 0.0383333
0 0.9175 0.0295833 0.035 0.0375
0 0.40375 0.84375 0.0358333 0.0408333
0 0.50375 0.571667 0.0341667 0.0366667
0 0.612083 0.732083 0.0375 0.0391667
0 0.622083 0.981667 0.0308333 0.0316667
0 0.740833 0.146667 0.0316667 0.0333333
0 0.775 0.866667 0.0366667 0.04
0 0.91 0.4025 0.0366667 0.0416667
0 0.595 0.354583 0.0366667 0.0408333
0 0.825417 0.367917 0.0358333 0.0391667
0 0.0383333 0.874583 0.0316667 0.0341667
0 0.494167 0.985833 0.035 0.0266667
0 0.307917 0.0875 0.0358333 0.0416667
0 0.452083 0.9875 0.0341667 0.025
0 0.417083 0.909167 0.0375 0.0433333
0 0.0941667 0.0366667 0.035 0.0366667
0 0.895833 0.455417 0.0383333 0.0408333
0 0.515417 0.662083 0.0358333 0.0375
0 0.876667 0.970417 0.035 0.0375
0 0.28 0.0166667 0.0333333 0.0333333
0 0.515833 0.732083 0.035 0.0375
0 0.18875 0.956667 0.0325 0.035
0 0.98375 0.527083 0.0308333 0.0341667
0 0.966667 0.567083 0.0333333 0.0375
0 0.193333 0.8 0.0366667 0.0416667
0 0.68 0.3375 0.035 0.0383333
0 0.987083 0.967917 0.0225 0.0358333
0 0.914583 0.933333 0.0358333 0.0383333
0 0.311667 0.18 0.0333333 0.035
0 0.0633333 0.349167 0.0366667 0.0383333
0 0.359167 0.754583 0.0333333 0.0358333
0 0.987083 0.179167 0.0241667 0.035
0 0.905417 0.137083 0.0375 0.0408333
0 0.7325 0.79 0.035 0.0383333
0 0.917083 0.89 0.0341667 0.0383333
0 0.779583 0.73125 0.0341667 0.0375
0 0.71875 0.66875 0.0325 0.0341667
