0 0.425417 0.00958333 0.0408333 0.0191667
0 0.00375 0.178333 0.0075 0.03
0 0.185 0.65375 0.0433333 0.0475
0 0.107917 0.00958333 0.0391667 0.0191667
0 0.211667 0.48125 0.045 0.0475
0 0.94125 0.727917 0.0491667 0.0575
0 0.375833 0.443333 0.0366667 0.0383333
0 0.866667 0.455417 0.035 0.0391667
0 0.371667 0.04 0.04 0.045
0 0.854583 0.707917 0.0425 0.0475
0 0.989167 0.9925 0.0216667 0.015
0 0.238333 0.714167 0.0433333 0.0466667
0 0.835 0.87625 0.045 0.0541667
0 0.61375 0.50375 0.0275 0.0275
0 0.00875 0.967083 0.0175 0.0375
0 0.250417 0.0216667 0.0425 0.0433333
0 0.49 0.449167 0.0433333 0.0483333
0 0.395833 0.389167 0.035 0.0383333
0 0.345417 0.33875 0.0375 0.0425
0 0.0258333 0.709583 0.0416667 0.0441667
0 0.224167 0.247917 0.0416667 0.0425
0 0.885833 0.00833333 0.035 0.0166667
0 0.187917 0.102083 0.0408333 0.0558333
0 0.23625 0.394583 0.0375 0.0441667
0 0.0279167 0.88625 0.0408333 0.0458333
0 0.8975 0.440833 0.0466667 0.05
0 0.4175 0.605417 0.03 0.0358333
0 0.171667 0.3425 0.0333333 0.0366667
0 0.647083 0.935833 0.0408333 0.0416667
0 0.365417 0.487917 0.0375 0.0408333
0 0.489167 0.0866667 0.0433333 0.0483333
0 0.395417 0.53125 0.0391667 0.0441667
0 0.0195833 0.133333 0.0341667 0.04
0 0.475417 0.71625 0.0408333 0.0458333
0 0.6025 0.992917 0.0283333 0.0141667
0 0.0608333 0.0591667 0.0366667 0.04
0 0.321667 0.227917 0.0383333 0.0408333
0 0.628333 0.102083 0.0383333 0.0475
0 0.0604167 0.220833 0.0375 0.0483333
0 0.33375 0.87875 0.0341667 0.0375
0 0.119583 0.57875 0.0425 0.0458333
0 0.58375 0.3825 0.0391667 0.0416667
0 0.86375 0.823333 0.0275 0.03
0 0.176667 0.419583 0.0366667 0.0408333
0 0.62125 0.195833 0.0358333 0.0383333
0 0.990833 0.108333 0.0166667 0.0366667
0 0.76 0.915833 0.0333333 0.0366667
0 0.674167 0.49 0.04 0.045
0 0.621667 0.619583 0.035 0.0391667
0 0.6525 0.15625 0.04 0.0425
0 0.155417 0.252083 0.0391667 0.0425
0 0.986667 0.7075 0.0266667 0.0366667
0 0.0166667 0.193333 0.0316667 0.035
0 0.722917 0.262083 0.0308333 0.0325
0 0.135833 0.175417 0.0416667 0.0458333
0 0.63875 0.366667 0.0375 0.0416667
0 0.135417 0.674583 0.0325 0.0358333
0 0.857083 0.0595833 0.0391667 0.0441667
0 0.0141667 0.390417 0.0283333 0.0458333
0 0.638333 0.8925 0.0366667 0.04
0 0.8575 0.219583 0.035 0.0375
0 0.0229167 0.92 0.0375 0.04
0 0.100417 0.274583 0.0375 0.0458333
0 0.208333 0.514583 0.03 0.0325
0 0.310417 0.509583 0.0358333 0.0441667
0 0.704167 0.975 0.04 0.0433333
0 0.822917 0.0316667 0.0341667 0.0366667
0 0.168333 0.481667 0.0366667 0.0433333
0 0.830833 0.51125 0.045 0.0508333
0 0.932917 0.230833 0.0391667 0.04
0 0.205833 0.707083 0.0383333 0.0408333
0 0.783333 0.112083 0.035 0.0375
0 0.0608333 0.145417 0.0383333 0.0441667
0 0.944583 0.124583 0.0375 0.0408333
0 0.201667 0.606667 0.04 0.0416667
0 0.448333 0.1725 0.0366667 0.0416667
0 0.937917 0.945417 0.0408333 0.0408333
0 0.28375 0.629167 0.0391667 0.04
0 0.97 0.242917 0.0366667 0.0391667
0 0.987917 0.0808333 0.0241667 0.04
0 0.557917 0.173333 0.0408333 0.045
0 0.480417 0.512917 0.0358333 0.0391667
0 0.163333 0.963333 0.0283333 0.0283333
0 0.0166667 0.753333 0.0333333 0.0383333
0 0.380833 0.230417 0.0366667 0.0441667
0 0.854167 0.385417 0.0416667 0.0425
0 0.273333 0.23 0.04 0.045
0 0.115833 0.744583 0.0366667 0.0391667
0 0.59 0.06625 0.0366667 0.0391667
0 0.101667 0.457083 0.0366667 0.0441667
0 0.432917 0.435417 0.0341667 0.0358333
0 0.16625 0.783333 0.0341667 0.0383333
0 0.48 0.3675 0.0366667 0.0416667
0 0.64 0.685833 0.0366667 0.04
0 0.45125 0.125417 0.0408333 0.0475
0 0.22375 0.82375 0.0391667 0.0425
0 0.207083 0.0204167 0.0375 0.0408333
0 0.74125 0.35 0.0408333 0.045
0 0.431667 0.654167 0.0383333 0.045
0 0.1325 0.328333 0.0316667 0.0333333
0 0.0154167 0.584167 0.0308333 0.0366667
0 0.987083 0.391667 0.0258333 0.0366667
0 0.559583 0.580417 0.0308333 0.0325
0 0.247917 0.595 0.0391667 0.04
0 0.269583 0.2825 0.0358333 0.0416667
0 0.91375 0.3125 0.0375 0.04
0 0.732083 0.93125 0.0358333 0.0408333
0 0.354167 0.78875 0.0416667 0.0441667
0 0.909583 0.26375 0.0375 0.0408333
0 0.75 0.585833 0.035 0.0366667
0 0.0370833 0.357083 0.0375 0.0425
0 0.167083 0.937083 0.0358333 0.0391667
0 0.5425 0.42375 0.0316667 0.0341667
0 0.1075 0.368333 0.035 0.04
0 0.8075 0.96875 0.035 0.0375
0 0.83125 0.242083 0.0375 0.0425
0 0.304167 0.0920833 0.0333333 0.0375
0 0.0925 0.0995833 0.04 0.0475
0 0.517083 0.216667 0.0358333 0.04
0 0.669167 0.421667 0.0383333 0.0416667
0 0.9875 0.789583 0.025 0.0358333
0 0.0775 0.711667 0.0383333 0.04
0 0.855833 0.985 0.0316667 0.03
0 0.0733333 0.54875 0.0366667 0.0408333
0 0.400833 0.295833 0.0366667 0.0416667
0 0.59625 0.211667 0.0341667 0.0383333
0 0.128333 0.857083 0.04 0.0425
0 0.502083 0.6525 0.0375 0.0383333
0 0.737917 0.18875 0.0358333 0.0391667
0 0.266667 0.52625 0.0333333 0.0358333
0 0.3925 0.7275 0.0366667 0.04
0 0.07 0.89875 0.0316667 0.0341667
0 0.972083 0.0341667 0.0375 0.0416667
0 0.0304167 0.0958333 0.0375 0.0416667
0 0.913333 0.67375 0.0316667 0.0341667
0 0.885833 0.949583 0.0366667 0.0408333
0 0.6925 0.91625 0.0366667 0.0425
0 0.0729167 0.96625 0.0308333 0.0325
0 0.517083 0.530833 0.0358333 0.0383333
0 0.890417 0.908333 0.0375 0.0416667
0 0.0133333 0.0229167 0.0266667 0.0408333
0 0.482917 0.30625 0.0325 0.0358333
0 0.267917 0.9225 0.0358333 0.0383333
0 0.01375 0.821667 0.0275 0.0383333
0 0.349167 0.567083 0.0366667 0.0391667
0 0.57625 0.295417 0.0391667 0.0425
0 0.189583 0.985417 0.0341667 0.0275
0 0.669167 0.304583 0.0366667 0.0375
0 0.3675 0.663333 0.0383333 0.0416667
0 0.578333 0.51625 0.0366667 0.0375
0 0.50625 0.16625 0.0358333 0.0375
0 0.9175 0.34625 0.0333333 0.0391667
0 0.85625 0.142917 0.0358333 0.0358333
0 0.725417 0.403333 0.0358333 0.0416667
0 0.68875 0.170833 0.0341667 0.0366667
0 0.54375 0.789167 0.0358333 0.04
0 0.641667 0.250833 0.0366667 0.04
0 0.6775 0.346667 0.0316667 0.035
0 0.107917 0.934583 0.0341667 0.0375
0 0.305417 0.689583 0.0308333 0.0341667
0 0.440417 0.0791667 0.0375 0.0416667
0 0.219583 0.183333 0.0341667 0.0366667
0 0.424583 0.796667 0.0341667 0.0383333
0 0.984167 0.903333 0.03 0.035
0 0.959583 0.29625 0.0341667 0.0358333
0 0.295833 0.578333 0.035 0.0383333
0 0.5475 0.665833 0.035 0.04
0 0.914583 0.13625 0.0308333 0.0341667
0 0.8975 0.840833 0.0366667 0.04
0 0.287917 0.46875 0.0341667 0.0358333
0 0.783333 0.409167 0.0383333 0.04
0 0.785833 0.497083 0.035 0.0408333
0 0.045 0.808333 0.0316667 0.035
0 0.589167 0.459583 0.0333333 0.0358333
0 0.272917 0.808333 0.0358333 0.04
0 0.331667 0.62625 0.0316667 0.0375
0 0.27625 0.767083 0.0358333 0.0391667
0 0.967917 0.870417 0.0325 0.0358333
0 0.295417 0.188333 0.0325 0.0383333
0 0.21875 0.94 0.0341667 0.035
