0 0.47375 0.82125 0.0458333 0.0475
0 0.758333 0.806667 0.0483333 0.055
0 0.989167 0.527917 0.0216667 0.0341667
0 0.1325 0.0133333 0.0333333 0.0266667
0 0.995417 0.1675 0.00916667 0.0283333
0 0.992917 0.877917 0.0141667 0.0375
0 0.416667 0.317917 0.0266667 0.0275
0 0.653333 0.225833 0.035 0.0383333
0 0.02875 0.994167 0.0275 0.0116667
0 0.625 0.9625 0.0466667 0.0533333
0 0.994167 0.134583 0.0116667 0.0308333
0 0.0554167 0.80125 0.0425 0.0425
0 0.8925 0.81125 0.0366667 0.0441667
0 0.862083 0.1625 0.0325 0.0366667
0 0.00791667 0.992917 0.0158333 0.0141667
0 0.992083 0.6275 0.0158333 0.0366667
0 0.147917 0.065 0.0375 0.04
0 0.923333 0.7325 0.0383333 0.045
0 0.135 0.179167 0.0366667 0.0383333
0 0.658333 0.58875 0.0433333 0.0491667
0 0.0758333 0.6375 0.0383333 0.0433333
0 0.8125 0.32 0.04 0.045
0 0.741667 0.26625 0.045 0.0541667
0 0.644583 0.329583 0.0391667 0.0475
0 0.882917 0.645833 0.0358333 0.0433333
0 0.171667 0.719583 0.025 0.0275
0 0.285 0.533333 0.0383333 0.0466667
0 0.206667 0.807083 0.0366667 0.0425
0 0.00875 0.08 0.0158333 0.0416667
0 0.977083 0.589583 0.0408333 0.0491667
0 0.120833 0.571667 0.0283333 0.0316667
0 0.965417 0.77125 0.0308333 0.0341667
0 0.0308333 0.260417 0.035 0.0391667
0 0.507917 0.548333 0.0375 0.0483333
0 0.349583 0.949583 0.0408333 0.0508333
0 0.974167 0.0275 0.0366667 0.0433333
0 0.849167 0.0329167 0.04 0.0441667
0 0.65625 0.445833 0.0425 0.0466667
0 0.263333 0.845417 0.0316667 0.0358333
0 0.145417 0.665 0.0425 0.045
0 0.51125 0.267083 0.0391667 0.0408333
0 0.959167 0.185 0.025 0.0283333
0 0.262083 0.574167 0.0325 0.0366667
0 0.732083 0.0783333 0.0325 0.035
0 0.25125 0.784583 0.0391667 0.0408333
0 0.8425 0.105417 0.0316667 0.0341667
0 0.00875 0.707083 0.0175 0.0358333
0 0.324167 0.0820833 0.04 0.0425
0 0.6275 0.757917 0.0366667 0.0458333
0 0.33375 0.0204167 0.0408333 0.0408333
0 0.749583 0.36625 0.0341667 0.0358333
0 0.395833 0.481667 0.0416667 0.045
0 0.494583 0.871667 0.0391667 0.0416667
0 0.405417 0.530833 0.0375 0.04
0 0.690833 0.842083 0.035 0.0358333
0 0.475833 0.692083 0.0366667 0.0408333
0 0.830417 0.352917 0.0391667 0.0441667
0 0.631667 0.40375 0.0333333 0.0341667
0 0.789583 0.581667 0.0375 0.04
0 0.470417 0.310833 0.0375 0.0433333
0 0.106667 0.673333 0.035 0.0383333
0 0.0383333 0.129583 0.0366667 0.0391667
0 0.111667 0.749583 0.035 0.0391667
0 0.869583 0.512083 0.0375 0.0425
0 0.135417 0.791667 0.0375 0.0416667
0 0.725833 0.322917 0.0366667 0.0425
0 0.89125 0.882083 0.0391667 0.0425
0 0.77375 0.692917 0.0358333 0.0425
0 0.432083 0.679583 0.0408333 0.0491667
0 0.88375 0.132917 0.0358333 0.0408333
0 0.219167 0.1975 0.0383333 0.0416667
0 0.532917 0.4775 0.0391667 0.045
0 0.745 0.448333 0.035 0.0366667
0 0.10875 0.991667 0.0275 0.015
0 0.0733333 0.991667 0.03 0.015
0 0.949583 0.075 0.0391667 0.0416667
0 0.91875 0.9175 0.0375 0.0433333
0 0.184583 0.917917 0.0391667 0.0425
0 0.713333 0.956667 0.0366667 0.0383333
0 0.602083 0.69125 0.0375 0.0441667
0 0.94625 0.4825 0.0375 0.0433333
0 0.793333 0.423333 0.035 0.0383333
0 0.26625 0.925417 0.0375 0.0408333
0 0.359167 0.6625 0.0416667 0.0466667
0 0.19125 0.16875 0.0341667 0.0391667
0 0.481667 0.92875 0.0366667 0.0408333
0 0.5425 0.982917 0.03 0.0308333
0 0.85625 0.758333 0.0325 0.0366667
0 0.25375 0.0295833 0.0358333 0.0391667
0 0.875 0.31375 0.035 0.0391667
0 0.3775 0.768333 0.0333333 0.0366667
0 0.495 0.601667 0.0366667 0.0416667
0 0.689167 0.513333 0.0383333 0.0433333
0 0.760833 0.870833 0.04 0.04
0 0.1725 0.949167 0.0383333 0.0366667
0 0.889167 0.04 0.0333333 0.035
0 0.893333 0.437917 0.035 0.0375
0 0.9125 0.117917 0.0366667 0.0408333
0 0.0820833 0.8475 0.0375 0.045
0 0.264583 0.685 0.0358333 0.04
0 0.550833 0.720417 0.035 0.0375
0 0.618333 0.470833 0.0383333 0.0416667
0 0.98125 0.4775 0.0325 0.0383333
0 0.516667 0.36625 0.0383333 0.0408333
0 0.3125 0.86 0.0366667 0.04
0 0.95875 0.678333 0.0308333 0.0333333
0 0.719583 0.5075 0.0375 0.0416667
0 0.30125 0.49875 0.0391667 0.0408333
0 0.10125 0.0520833 0.0358333 0.0375
0 0.26625 0.635417 0.0375 0.0408333
0 0.89 0.562917 0.0366667 0.0441667
0 0.59875 0.527083 0.0375 0.0408333
0 0.0516667 0.693333 0.0316667 0.0333333
0 0.784583 0.227083 0.0375 0.0425
0 0.2 0.732083 0.0333333 0.0341667
0 0.5025 0.96 0.0366667 0.035
0 0.230417 0.99125 0.0325 0.0175
0 0.649583 0.69125 0.0358333 0.0391667
0 0.0141667 0.0175 0.0283333 0.035
0 0.70625 0.39625 0.0375 0.0391667
0 0.153333 0.895417 0.0333333 0.0358333
0 0.455417 0.55625 0.0325 0.0358333
0 0.56125 0.752917 0.0341667 0.0375
0 0.594583 0.64625 0.0358333 0.0391667
0 0.53625 0.6625 0.0375 0.04
0 0.9675 0.415833 0.0333333 0.035
0 0.581667 0.56375 0.0383333 0.0441667
0 0.64375 0.901667 0.0375 0.0416667
0 0.287917 0.74875 0.0358333 0.0375
0 0.69125 0.74875 0.0358333 0.0391667
0 0.18125 0.63875 0.0375 0.0391667
0 0.516667 0.419583 0.035 0.0375
0 0.960417 0.341667 0.0325 0.0333333
0 0.0241667 0.167917 0.0366667 0.0408333
0 0.300833 0.594167 0.035 0.0383333
0 0.36 0.60875 0.035 0.0375
0 0.1125 0.705417 0.035 0.0408333
0 0.155 0.589167 0.0333333 0.0366667
0 0.861667 0.88375 0.035 0.0408333
0 0.4425 0.635833 0.0366667 0.04
0 0.0404167 0.904167 0.0358333 0.0366667
0 0.731667 0.416667 0.035 0.04
0 0.23 0.134583 0.0383333 0.0408333
0 0.930833 0.42125 0.0366667 0.0408333
0 0.437083 0.877917 0.0341667 0.0375
0 0.576667 0.4725 0.0383333 0.0416667
0 0.942917 0.301667 0.0358333 0.0366667
0 0.389583 0.556667 0.0341667 0.0366667
0 0.0291667 0.965833 0.035 0.0366667
0 0.622083 0.830833 0.0358333 0.04
0 0.773333 0.14125 0.035 0.0391667
0 0.391667 0.884583 0.035 0.0375
0 0.57375 0.9475 0.0341667 0.0366667
0 0.085 0.215 0.0316667 0.035
0 0.92125 0.69125 0.0391667 0.0408333
0 0.100833 0.112917 0.0316667 0.0341667
0 0.43875 0.352083 0.0325 0.0341667
0 0.345417 0.48375 0.0358333 0.0391667
0 0.165833 0.852083 0.035 0.0375
0 0.759583 0.730833 0.0358333 0.0383333
0 0.455417 0.514167 0.0375 0.04
0 0.412917 0.437083 0.0325 0.0341667
0 0.917083 0.229167 0.0375 0.0416667
0 0.0633333 0.0520833 0.0316667 0.0358333
0 0.115417 0.887917 0.0341667 0.0375
0 0.51875 0.8275 0.0358333 0.0383333
0 0.534583 0.59625 0.0341667 0.0391667
0 0.26125 0.0995833 0.0341667 0.0375
0 0.220833 0.61125 0.0333333 0.0375
0 0.700833 0.289167 0.0333333 0.0366667
0 0.985417 0.219167 0.0291667 0.0366667
0 0.178333 0.105833 0.0333333 0.0366667
0 0.685 0.62625 0.035 0.0375
