0 0.749583 0.005 0.0275 0.01
0 0.00958333 0.484583 0.0191667 0.0375
0 0.005 0.0733333 0.01 0.03
0 0.515 0.274167 0.0416667 0.0483333
0 0.1875 0.604167 0.0366667 0.0366667
0 0.634167 0.4 0.0466667 0.0516667
0 0.0925 0.59625 0.0283333 0.0308333
0 0.194167 0.263333 0.0283333 0.0316667
0 0.234583 0.0145833 0.0325 0.0291667
0 0.52875 0.59375 0.0391667 0.0408333
0 0.60375 0.554583 0.0375 0.0425
0 0.0133333 0.52375 0.0266667 0.0441667
0 0.280833 0.0183333 0.03 0.0316667
0 0.51 0.0208333 0.0383333 0.0416667
0 0.534583 0.137083 0.0475 0.0591667
0 0.2725 0.349167 0.0316667 0.035
0 0.497083 0.0970833 0.0358333 0.0441667
0 0.8125 0.819167 0.045 0.0516667
0 0.0675 0.355833 0.045 0.045
0 0.634583 0.0533333 0.0391667 0.0416667
0 0.25375 0.72 0.0425 0.05
0 0.09125 0.68 0.0408333 0.045
0 0.39 0.644583 0.0366667 0.0391667
0 0.6075 0.212083 0.0416667 0.0458333
0 0.957083 0.621667 0.0408333 0.05
0 0.233333 0.755833 0.035 0.04
0 0.33 0.697917 0.0366667 0.0425
0 0.7075 0.0279167 0.0333333 0.0375
0 0.44375 0.9225 0.0391667 0.04
0 0.0133333 0.87625 0.0266667 0.0475
0 0.336667 0.0133333 0.0416667 0.0266667
0 0.162083 0.5475 0.0458333 0.0466667
0 0.284583 0.235 0.0375 0.0416667
0 0.235833 0.317083 0.045 0.0458333
0 0.90625 0.735417 0.0325 0.0391667
0 0.28 0.194583 0.0383333 0.0475
0 0.12375 0.79125 0.0408333 0.0475
0 0.599167 0.0729167 0.0366667 0.0458333
0 0.972917 0.825 0.0425 0.0433333
0 0.879583 0.648333 0.0291667 0.0316667
0 0.297083 0.619583 0.0408333 0.0441667
0 0.127083 0.490833 0.0441667 0.05
0 0.834167 0.337917 0.0366667 0.0391667
0 0.202083 0.398333 0.0391667 0.0466667
0 0.147083 0.741667 0.0408333 0.045
0 0.767917 0.7225 0.0408333 0.0416667
0 0.86875 0.150833 0.0408333 0.045
0 0.703333 0.8475 0.0383333 0.0416667
0 0.127083 0.637917 0.0391667 0.0458333
0 0.0120833 0.796667 0.0241667 0.0383333
0 0.190417 0.0733333 0.0375 0.0466667
0 0.5475 0.0754167 0.0383333 0.0425
0 0.462917 0.301667 0.0358333 0.0383333
0 0.305417 0.483333 0.0408333 0.04
0 0.908333 0.2375 0.0366667 0.0416667
0 0.668333 0.261667 0.0366667 0.04
0 0.456667 0.55625 0.025 0.0258333
0 0.990417 0.188333 0.0175 0.04
0 0.173333 0.144167 0.0433333 0.0433333
0 0.251667 0.422083 0.035 0.0358333
0 0.0845833 0.224583 0.0391667 0.0441667
0 0.155 0.665417 0.0383333 0.0441667
0 0.0479167 0.570417 0.0408333 0.0508333
0 0.789583 0.665417 0.0241667 0.0258333
0 0.627917 0.01 0.0325 0.02
0 0.49125 0.18375 0.0408333 0.0425
0 0.428333 0.230833 0.0366667 0.0416667
0 0.9625 0.698333 0.04 0.0416667
0 0.27875 0.120833 0.0358333 0.0383333
0 0.747083 0.0445833 0.0358333 0.0375
0 0.686667 0.46 0.0333333 0.0366667
0 0.6475 0.889583 0.0383333 0.0408333
0 0.577917 0.12375 0.0391667 0.0441667
0 0.879167 0.289167 0.0383333 0.0416667
0 0.84625 0.871667 0.0375 0.0433333
0 0.02375 0.298333 0.0391667 0.0433333
0 0.709583 0.230417 0.0308333 0.0325
0 0.730833 0.407917 0.0366667 0.0391667
0 0.559583 0.1875 0.0408333 0.045
0 0.2075 0.559167 0.0383333 0.0466667
0 0.0933333 0.17 0.0316667 0.0366667
0 0.212083 0.1975 0.0325 0.0333333
0 0.720833 0.958333 0.035 0.0383333
0 0.510417 0.325 0.0375 0.0433333
0 0.660417 0.122917 0.0391667 0.0441667
0 0.656667 0.811667 0.03 0.0316667
0 0.6425 0.185417 0.0383333 0.0425
0 0.770417 0.81875 0.0358333 0.0408333
0 0.464583 0.48375 0.0375 0.0408333
0 0.884583 0.813333 0.0325 0.035
0 0.43875 0.0620833 0.0341667 0.0391667
0 0.0454167 0.437917 0.0391667 0.0425
0 0.15625 0.836667 0.0375 0.0433333
0 0.695417 0.305 0.0358333 0.0383333
0 0.421667 0.4375 0.0366667 0.04
0 0.831667 0.24875 0.0383333 0.0408333
0 0.6 0.477917 0.0366667 0.0425
0 0.25 0.599583 0.0383333 0.0441667
0 0.79625 0.12125 0.0341667 0.0375
0 0.7175 0.3525 0.035 0.0383333
0 0.250833 0.522083 0.0316667 0.0358333
0 0.163333 0.386667 0.0333333 0.0383333
0 0.491667 0.2975 0.0333333 0.0383333
0 0.324583 0.0916667 0.0358333 0.0383333
0 0.87 0.7825 0.035 0.0383333
0 0.444583 0.172083 0.0341667 0.0375
0 0.01375 0.626667 0.0275 0.0433333
0 0.575833 0.0179167 0.0366667 0.0358333
0 0.310833 0.0566667 0.0333333 0.035
0 0.199583 0.463333 0.0325 0.035
0 0.784167 0.334167 0.0366667 0.04
0 0.195417 0.717083 0.0325 0.0358333
0 0.135417 0.324583 0.0325 0.0375
0 0.212917 0.285 0.0375 0.04
0 0.57875 0.329583 0.0325 0.0375
0 0.113333 0.280417 0.0333333 0.0358333
0 0.943333 0.885417 0.0283333 0.0325
0 0.107917 0.71875 0.0358333 0.0375
0 0.345417 0.325417 0.0358333 0.0391667
0 0.341667 0.386667 0.0283333 0.0316667
0 0.123333 0.4475 0.0416667 0.045
0 0.947917 0.205833 0.0358333 0.0383333
0 0.442917 0.592917 0.0391667 0.0391667
0 0.405 0.34125 0.035 0.0408333
0 0.847917 0.693333 0.0341667 0.0383333
0 0.123333 0.567083 0.04 0.0425
0 0.7425 0.199583 0.035 0.0391667
0 0.977917 0.01375 0.0291667 0.0241667
0 0.816667 0.758333 0.035 0.0383333
0 0.08 0.0220833 0.035 0.0375
0 0.344167 0.207083 0.035 0.0375
0 0.86375 0.953333 0.0275 0.03
0 0.375417 0.4825 0.0358333 0.04
0 0.0129167 0.165833 0.0258333 0.0366667
0 0.985833 0.954167 0.0283333 0.04
0 0.58375 0.387083 0.0341667 0.0391667
0 0.432083 0.485 0.0308333 0.0333333
0 0.544583 0.237917 0.0358333 0.0408333
0 0.35375 0.627917 0.0341667 0.0375
0 0.370833 0.115 0.0316667 0.0333333
0 0.152917 0.283333 0.0358333 0.04
0 0.77 0.145 0.0316667 0.035
0 0.0941667 0.104583 0.035 0.0375
0 0.0604167 0.905 0.0341667 0.0366667
0 0.615417 0.964583 0.0308333 0.0325
0 0.510417 0.424583 0.0341667 0.0375
0 0.15625 0.787917 0.0391667 0.0425
0 0.542083 0.366667 0.0341667 0.035
0 0.23375 0.17625 0.0325 0.0341667
0 0.0170833 0.730833 0.0341667 0.0366667
0 0.286667 0.52875 0.0366667 0.0375
0 0.195 0.759167 0.035 0.0383333
0 0.831667 0.0791667 0.035 0.04
0 0.0670833 0.82375 0.0308333 0.0325
0 0.224583 0.232083 0.0325 0.0358333
0 0.597083 0.2775 0.0358333 0.04
0 0.915 0.178333 0.035 0.0383333
0 0.709583 0.0958333 0.0341667 0.035
0 0.1675 0.0175 0.035 0.035
0 0.135417 0.387917 0.0325 0.0375
0 0.335833 0.583333 0.035 0.0366667
0 0.2975 0.300833 0.035 0.0366667
0 0.362083 0.530833 0.0325 0.035
0 0.08 0.53125 0.0333333 0.0375
0 0.0483333 0.686667 0.0333333 0.0366667
0 0.44375 0.0166667 0.0375 0.0333333
0 0.881667 0.0616667 0.0316667 0.0333333
0 0.392083 0.389167 0.0341667 0.0383333
0 0.31625 0.432083 0.0341667 0.0358333
