0 0.119583 0.00541667 0.0291667 0.0108333
0 0.880833 0.0179167 0.0433333 0.0358333
0 0.634583 0.02875 0.0358333 0.0375
0 0.47 0.825833 0.045 0.05
0 0.379583 0.247917 0.0308333 0.0341667
0 0.464167 0.289583 0.0433333 0.0441667
0 0.739583 0.154583 0.0341667 0.0375
0 0.344583 0.7475 0.0341667 0.035
0 0.640833 0.15625 0.04 0.0491667
0 0.991667 0.934167 0.0166667 0.0383333
0 0.66125 0.2425 0.0491667 0.055
0 0.380417 0.624167 0.0358333 0.0383333
0 0.0683333 0.0208333 0.0433333 0.0416667
0 0.460833 0.606667 0.0383333 0.0466667
0 0.345 0.484583 0.045 0.0458333
0 0.809583 0.03625 0.0375 0.0475
0 0.293333 0.940833 0.0433333 0.045
0 0.491667 0.985417 0.0283333 0.0291667
0 0.153333 0.0208333 0.0366667 0.0416667
0 0.0204167 0.644167 0.0358333 0.0466667
0 0.805833 0.37 0.04 0.04
0 0.95625 0.147083 0.0325 0.0391667
0 0.02875 0.055 0.0425 0.045
0 0.173333 0.4825 0.0316667 0.0333333
0 0.260417 0.69875 0.0408333 0.0408333
0 0.169167 0.965417 0.04 0.0425
0 0.427917 0.330833 0.0358333 0.0383333
0 0.245833 0.415833 0.0383333 0.0433333
0 0.520417 0.179167 0.0358333 0.0416667
0 0.5725 0.86375 0.035 0.0408333
0 0.725833 0.5675 0.0383333 0.045
0 0.416667 0.439167 0.0433333 0.05
0 0.365417 0.347917 0.0425 0.0475
0 0.690417 0.64 0.0375 0.0466667
0 0.9725 0.838333 0.04 0.0433333
0 0.523333 0.285 0.0383333 0.0466667
0 0.0116667 0.19 0.0233333 0.04
0 0.57625 0.55 0.0375 0.0416667
0 0.537083 0.72125 0.0375 0.0425
0 0.91875 0.0933333 0.0358333 0.0366667
0 0.936667 0.839167 0.025 0.0266667
0 0.33 0.3825 0.0383333 0.0416667
0 0.0854167 0.77125 0.0358333 0.0441667
0 0.0695833 0.0620833 0.0391667 0.0408333
0 0.6625 0.83375 0.0316667 0.0358333
0 0.76375 0.920833 0.0391667 0.0466667
0 0.1675 0.888333 0.0333333 0.0366667
0 0.309167 0.73375 0.035 0.0425
0 0.26375 0.783333 0.0391667 0.0433333
0 0.613333 0.952917 0.0383333 0.0458333
0 0.134583 0.640833 0.0408333 0.04
0 0.625417 0.779583 0.0391667 0.0441667
0 0.429167 0.229583 0.035 0.0375
0 0.4075 0.187917 0.0316667 0.0358333
0 0.596667 0.2075 0.035 0.0383333
0 0.440833 0.7925 0.0416667 0.0433333
0 0.507917 0.516667 0.0358333 0.04
0 0.145417 0.59 0.0375 0.045
0 0.53625 0.427917 0.0375 0.0475
0 0.45125 0.51125 0.0375 0.0408333
0 0.889167 0.166667 0.0366667 0.04
0 0.665417 0.305 0.0408333 0.045
0 0.939583 0.634583 0.0408333 0.0441667
0 0.424583 0.929167 0.0358333 0.0383333
0 0.751667 0.29375 0.0366667 0.0391667
0 0.318333 0.440417 0.0383333 0.0441667
0 0.413333 0.7475 0.035 0.0383333
0 0.181667 0.536667 0.0383333 0.045
0 0.396667 0.710833 0.035 0.0383333
0 0.289583 0.0120833 0.0325 0.0241667
0 0.0154167 0.880417 0.0308333 0.0341667
0 0.22875 0.894167 0.0375 0.04
0 0.81125 0.11875 0.0375 0.0408333
0 0.87625 0.849583 0.0291667 0.0308333
0 0.218333 0.0125 0.0383333 0.025
0 0.618333 0.702083 0.0316667 0.0325
0 0.782917 0.55875 0.0375 0.0441667
0 0.631667 0.0908333 0.0333333 0.035
0 0.0766667 0.964583 0.0316667 0.0341667
0 0.3475 0.56875 0.0366667 0.0408333
0 0.652917 0.505 0.0375 0.04
0 0.18875 0.680833 0.0358333 0.04
0 0.025 0.938333 0.0383333 0.04
0 0.979583 0.662083 0.0375 0.0391667
0 0.14875 0.792083 0.0375 0.0425
0 0.214583 0.477083 0.0341667 0.0375
0 0.985833 0.52625 0.0283333 0.0358333
0 0.427917 0.647083 0.0341667 0.0391667
0 0.742917 0.0941667 0.0408333 0.045
0 0.365 0.869583 0.0416667 0.0425
0 0.4925 0.447083 0.0383333 0.0425
0 0.877083 0.10875 0.0391667 0.0391667
0 0.860417 0.285 0.0375 0.0416667
0 0.707083 0.36625 0.0341667 0.0375
0 0.854583 0.343333 0.0391667 0.0416667
0 0.382917 0.41375 0.0375 0.0391667
0 0.890417 0.5025 0.0341667 0.0366667
0 0.727083 0.77625 0.0341667 0.0375
0 0.697083 0.477083 0.0341667 0.0391667
0 0.959167 0.219167 0.035 0.0366667
0 0.40625 0.48375 0.0375 0.0408333
0 0.583333 0.731667 0.035 0.0383333
0 0.76125 0.347917 0.0408333 0.0475
0 0.399167 0.547083 0.04 0.0408333
0 0.218333 0.964583 0.0316667 0.0358333
0 0.734583 0.25875 0.0375 0.0408333
0 0.754167 0.448333 0.0366667 0.04
0 0.232917 0.859583 0.0391667 0.0391667
0 0.758333 0.630833 0.0366667 0.04
0 0.765833 0.81625 0.0366667 0.0391667
0 0.03125 0.732917 0.0358333 0.0408333
0 0.0904167 0.986667 0.0308333 0.0266667
0 0.0516667 0.8125 0.0333333 0.035
0 0.40625 0.80375 0.0358333 0.0375
0 0.805417 0.894167 0.0325 0.035
0 0.285833 0.502083 0.0333333 0.0375
0 0.287917 0.865417 0.0325 0.0358333
0 0.520833 0.867917 0.0383333 0.0408333
0 0.6925 0.977083 0.0366667 0.0375
0 0.583333 0.29 0.0366667 0.04
0 0.6075 0.654167 0.0333333 0.0366667
0 0.835 0.850417 0.0366667 0.0475
0 0.877917 0.58875 0.0341667 0.0375
0 0.876667 0.94625 0.035 0.0391667
0 0.0741667 0.87625 0.0333333 0.0358333
0 0.787917 0.98875 0.0358333 0.0225
0 0.872083 0.536667 0.0358333 0.0416667
0 0.84125 0.53375 0.0375 0.0408333
0 0.856667 0.416667 0.0366667 0.0383333
0 0.532917 0.385 0.0375 0.04
0 0.166667 0.8425 0.035 0.0383333
0 0.329167 0.83125 0.0333333 0.0341667
0 0.769167 0.21625 0.0383333 0.0425
0 0.489583 0.905 0.0358333 0.04
0 0.950833 0.590417 0.0316667 0.0341667
0 0.244583 0.581667 0.0375 0.0383333
0 0.804583 0.612917 0.0358333 0.0391667
0 0.857917 0.643333 0.0341667 0.0366667
0 0.5125 0.677083 0.0366667 0.0375
0 0.414167 0.36875 0.0366667 0.0391667
0 0.980417 0.336667 0.0358333 0.0383333
0 0.669583 0.892917 0.0308333 0.0341667
0 0.285 0.614167 0.035 0.0383333
0 0.49625 0.759167 0.0341667 0.04
0 0.984583 0.714583 0.0308333 0.0375
0 0.909167 0.741667 0.0333333 0.035
0 0.645833 0.982083 0.035 0.0341667
0 0.929167 0.275 0.035 0.0383333
0 0.914583 0.351667 0.0358333 0.0383333
0 0.02375 0.14375 0.0291667 0.0308333
0 0.71 0.89875 0.0283333 0.0325
0 0.373333 0.946667 0.0333333 0.035
0 0.859167 0.753333 0.035 0.0383333
0 0.254167 0.525833 0.0366667 0.0416667
0 0.807917 0.719167 0.0291667 0.0316667
0 0.902917 0.467917 0.0341667 0.0375
0 0.546667 0.477083 0.03 0.0325
0 0.9775 0.259583 0.0316667 0.0341667
0 0.69125 0.0683333 0.0325 0.0366667
0 0.727917 0.700833 0.0341667 0.0383333
0 0.824583 0.27875 0.0341667 0.0391667
0 0.627083 0.39625 0.0341667 0.0391667
0 0.600417 0.867083 0.0341667 0.0358333
0 0.7425 0.190417 0.0333333 0.0391667
