0 0.294583 0.79375 0.0325 0.0325
0 0.594167 0.44625 0.0316667 0.0341667
0 0.0829167 0.6875 0.0291667 0.035
0 0.926667 0.662917 0.0333333 0.0325
0 0.395833 0.26 0.0416667 0.05
0 0.545417 0.955 0.0375 0.0466667
0 0.4725 0.466667 0.0366667 0.0433333
0 0.56375 0.0583333 0.0375 0.0466667
0 0.53875 0.598333 0.0375 0.0416667
0 0.85125 0.97 0.0358333 0.0383333
0 0.370417 0.0425 0.0275 0.0283333
0 0.803333 0.0683333 0.0416667 0.0433333
0 0.42 0.03375 0.03 0.0341667
0 0.19 0.754583 0.03 0.0308333
0 0.525417 0.317083 0.0425 0.0441667
0 0.90625 0.764583 0.0391667 0.0408333
0 0.318333 0.727083 0.0366667 0.0425
0 0.170833 0.836667 0.0383333 0.0433333
0 0.359167 0.632083 0.0383333 0.0425
0 0.684167 0.965417 0.04 0.0408333
0 0.679167 0.904167 0.0366667 0.0416667
0 0.86 0.0120833 0.0383333 0.0225
0 0.32375 0.283333 0.0341667 0.0383333
0 0.227083 0.02625 0.0358333 0.0375
0 0.269583 0.465417 0.0341667 0.0358333
0 0.9225 0.2525 0.0366667 0.0416667
0 0.102917 0.0425 0.0425 0.045
0 0.237917 0.0933333 0.0358333 0.04
0 0.235417 0.742917 0.0391667 0.0408333
0 0.363333 0.5225 0.0366667 0.0433333
0 0.752917 0.975 0.0358333 0.0366667
0 0.215 0.450417 0.035 0.0391667
0 0.373333 0.115833 0.0366667 0.0416667
0 0.319583 0.200833 0.0375 0.0416667
0 0.04375 0.460833 0.0358333 0.0383333
0 0.944583 0.0670833 0.0391667 0.0425
0 0.51625 0.155833 0.0408333 0.0466667
0 0.382917 0.350833 0.0358333 0.04
0 0.40125 0.00916667 0.0358333 0.0183333
0 0.455417 0.987917 0.0375 0.0241667
0 0.07625 0.09375 0.0408333 0.0458333
0 0.847917 0.6225 0.0341667 0.0366667
0 0.596667 0.217917 0.0366667 0.0408333
0 0.569583 0.896667 0.0375 0.0416667
0 0.12875 0.335833 0.0425 0.05
0 0.349583 0.449583 0.0375 0.0391667
0 0.249167 0.802917 0.0316667 0.0325
0 0.248333 0.237917 0.0416667 0.0441667
0 0.9775 0.610417 0.0316667 0.0358333
0 0.91875 0.025 0.0375 0.0433333
0 0.5225 0.42375 0.04 0.0441667
0 0.43125 0.125 0.0375 0.0416667
0 0.358333 0.580833 0.0366667 0.04
0 0.0904167 0.238333 0.0408333 0.0433333
0 0.580833 0.988333 0.035 0.0216667
0 0.406667 0.544167 0.0416667 0.0416667
0 0.111667 0.385 0.0433333 0.0483333
0 0.60375 0.345 0.0408333 0.04
0 0.291667 0.125417 0.03 0.0325
0 0.00875 0.934167 0.0175 0.035
0 0.91875 0.965 0.0391667 0.04
0 0.297917 0.40375 0.0358333 0.0408333
0 0.0645833 0.60125 0.0358333 0.0391667
0 0.0804167 0.535833 0.0375 0.0383333
0 0.606667 0.266667 0.035 0.0366667
0 0.83 0.8675 0.0366667 0.0383333
0 0.970417 0.2 0.0341667 0.0383333
0 0.289167 0.762083 0.035 0.0375
0 0.402083 0.418333 0.0358333 0.04
0 0.779583 0.21125 0.0375 0.0408333
0 0.64625 0.922917 0.0375 0.0408333
0 0.33375 0.330417 0.0375 0.0391667
0 0.427917 0.317917 0.0375 0.0391667
0 0.05125 0.816667 0.0341667 0.035
0 0.96375 0.823333 0.0391667 0.0416667
0 0.0420833 0.978333 0.0375 0.0416667
0 0.19375 0.17875 0.0375 0.0425
0 0.974167 0.899583 0.0333333 0.0375
0 0.71375 0.745833 0.0375 0.0383333
0 0.504583 0.988333 0.0341667 0.0233333
0 0.0175 0.0458333 0.0316667 0.0333333
0 0.261667 0.699583 0.035 0.0375
0 0.749167 0.835833 0.0366667 0.04
0 0.0454167 0.15 0.0341667 0.0383333
0 0.24875 0.31625 0.0341667 0.0358333
0 0.220417 0.164167 0.0325 0.035
0 0.530417 0.280833 0.0341667 0.0366667
0 0.309167 0.0604167 0.035 0.0375
0 0.0858333 0.299167 0.0366667 0.0433333
0 0.0820833 0.435 0.0358333 0.04
0 0.74625 0.0720833 0.0358333 0.0391667
0 0.799167 0.815417 0.0366667 0.0375
0 0.308333 0.604167 0.0333333 0.0366667
0 0.987083 0.015 0.0241667 0.03
0 0.133333 0.715 0.035 0.0366667
0 0.4825 0.197083 0.035 0.0375
0 0.124583 0.767083 0.0341667 0.0375
0 0.183333 0.631667 0.0366667 0.04
0 0.259167 0.599583 0.0366667 0.0408333
0 0.915417 0.85875 0.0358333 0.0408333
0 0.19 0.552083 0.0333333 0.0358333
0 0.179583 0.697917 0.0341667 0.0358333
0 0.1775 0.0875 0.035 0.04
0 0.532917 0.0116667 0.0375 0.0233333
0 0.285833 0.25625 0.035 0.0375
0 0.170833 0.398333 0.0333333 0.0366667
0 0.02 0.652083 0.0366667 0.0408333
0 0.432083 0.912917 0.0325 0.0341667
0 0.874167 0.0866667 0.0366667 0.0433333
0 0.862083 0.26875 0.0375 0.0391667
0 0.109167 0.154167 0.035 0.0383333
0 0.745417 0.930833 0.0308333 0.0316667
0 0.0275 0.4175 0.0383333 0.0416667
0 0.506667 0.380833 0.035 0.0383333
0 0.465833 0.34875 0.035 0.0391667
0 0.710833 0.04375 0.0366667 0.0408333
0 0.0579167 0.930417 0.0308333 0.0341667
0 0.148333 0.46875 0.0383333 0.0408333
0 0.687083 0.840833 0.0341667 0.035
0 0.930833 0.719167 0.0333333 0.0366667
0 0.67625 0.24875 0.0358333 0.0391667
0 0.635 0.0275 0.0333333 0.0366667
0 0.965417 0.518333 0.0291667 0.0316667
0 0.8325 0.1475 0.035 0.0383333
0 0.584583 0.126667 0.0325 0.035
0 0.582083 0.18 0.0325 0.0366667
0 0.257083 0.15375 0.0341667 0.0375
0 0.140417 0.24875 0.0358333 0.0391667
0 0.18 0.235417 0.0333333 0.0358333
0 0.755417 0.269167 0.0358333 0.04
0 0.21625 0.344583 0.0325 0.0358333
0 0.0329167 0.312083 0.0325 0.0358333
0 0.639167 0.141667 0.035 0.0383333
0 0.810833 0.0133333 0.0366667 0.0266667
0 0.7075 0.18625 0.0333333 0.0375
0 0.0966667 0.2025 0.0316667 0.0383333
