0 0.3675 0.738333 0.0233333 0.025
0 0.187917 0.979583 0.0325 0.0341667
0 0.18 0.820417 0.0333333 0.0341667
0 0.637083 0.42125 0.0308333 0.0341667
0 0.159167 0.0945833 0.045 0.0508333
0 0.83625 0.305833 0.0358333 0.04
0 0.9875 0.0158333 0.025 0.0316667
0 0.155833 0.836667 0.0366667 0.0433333
0 0.1775 0.957083 0.0333333 0.0375
0 0.465417 0.462917 0.0308333 0.0341667
0 0.632917 0.264167 0.0458333 0.045
0 0.282083 0.66625 0.0291667 0.0325
0 0.31 0.63 0.0316667 0.035
0 0.716667 0.661667 0.0483333 0.0566667
0 0.494167 0.695 0.04 0.0466667
0 0.0616667 0.00875 0.0366667 0.0175
0 0.165833 0.744583 0.035 0.0391667
0 0.765 0.332917 0.0266667 0.0275
0 0.16125 0.5175 0.0308333 0.0333333
0 0.879167 0.131667 0.0283333 0.0266667
0 0.405833 0.524167 0.04 0.0416667
0 0.50625 0.859583 0.0441667 0.0558333
0 0.335833 0.581667 0.0383333 0.04
0 0.207917 0.32875 0.0375 0.0408333
0 0.53875 0.8675 0.0291667 0.0316667
0 0.231667 0.93875 0.035 0.0391667
0 0.045 0.9225 0.0333333 0.0366667
0 0.08125 0.11875 0.0425 0.0475
0 0.0983333 0.05625 0.045 0.0458333
0 0.1575 0.447083 0.0316667 0.0358333
0 0.965833 0.23125 0.0366667 0.0408333
0 0.849167 0.01125 0.045 0.0225
0 0.348333 0.781667 0.03 0.0316667
0 0.265417 0.924583 0.0325 0.0325
0 0.615417 0.8425 0.0391667 0.0433333
0 0.198333 0.702083 0.0333333 0.0358333
0 0.571667 0.838333 0.0366667 0.04
0 0.857917 0.04125 0.0341667 0.0391667
0 0.537917 0.764167 0.0391667 0.0433333
0 0.0233333 0.0841667 0.0416667 0.05
0 0.155417 0.0170833 0.0375 0.0341667
0 0.548333 0.363333 0.0366667 0.045
0 0.60125 0.900417 0.0375 0.0441667
0 0.0941667 0.99125 0.03 0.0158333
0 0.932083 0.640417 0.0225 0.0241667
0 0.7925 0.660833 0.0416667 0.05
0 0.733333 0.862917 0.0383333 0.0458333
0 0.85875 0.4325 0.0391667 0.0466667
0 0.725833 0.810833 0.0316667 0.035
0 0.800417 0.27375 0.0391667 0.0425
0 0.4375 0.706667 0.0366667 0.04
0 0.226667 0.5075 0.04 0.04
0 0.479583 0.339583 0.0358333 0.0391667
0 0.87125 0.198333 0.0425 0.0433333
0 0.649167 0.8875 0.0366667 0.0383333
0 0.331667 0.888333 0.035 0.0366667
0 0.321667 0.84625 0.0366667 0.0425
0 0.435833 0.396667 0.0366667 0.0383333
0 0.162917 0.92 0.0308333 0.0333333
0 0.46625 0.57375 0.0358333 0.0425
0 0.660417 0.609583 0.0358333 0.0391667
0 0.0975 0.9375 0.035 0.0383333
0 0.112083 0.872083 0.0341667 0.0391667
0 0.245417 0.71375 0.0341667 0.0358333
0 0.955 0.675833 0.0366667 0.04
0 0.21625 0.0329167 0.0358333 0.0408333
0 0.742083 0.54 0.0358333 0.0383333
0 0.68 0.668333 0.0366667 0.04
0 0.14 0.98875 0.0316667 0.0225
0 0.344167 0.36375 0.0366667 0.0425
0 0.445417 0.981667 0.0358333 0.0366667
0 0.8925 0.732917 0.0333333 0.0391667
0 0.0325 0.148333 0.04 0.045
0 0.525417 0.646667 0.0358333 0.0383333
0 0.0325 0.580417 0.0383333 0.0408333
0 0.515417 0.47375 0.0325 0.0358333
0 0.62125 0.681667 0.0358333 0.0383333
0 0.055 0.474167 0.0366667 0.04
0 0.02125 0.51375 0.0358333 0.0408333
0 0.969167 0.302083 0.0266667 0.0291667
0 0.259167 0.84875 0.0283333 0.0308333
0 0.483333 0.1875 0.04 0.04
0 0.81375 0.615417 0.0275 0.0291667
0 0.722083 0.158333 0.0375 0.04
0 0.43375 0.92375 0.0408333 0.0408333
0 0.886667 0.30625 0.035 0.0375
0 0.108333 0.671667 0.0383333 0.04
0 0.587083 0.555833 0.0375 0.0416667
0 0.659583 0.0225 0.0325 0.0333333
0 0.4 0.60125 0.035 0.0408333
0 0.672083 0.455 0.0408333 0.045
0 0.615417 0.1775 0.0308333 0.0333333
0 0.398333 0.464583 0.0333333 0.0358333
0 0.689583 0.228333 0.0391667 0.0416667
0 0.601667 0.31375 0.0366667 0.0391667
0 0.97125 0.48875 0.0308333 0.0341667
0 0.876667 0.358333 0.0316667 0.035
0 0.467083 0.831667 0.0391667 0.0433333
0 0.406667 0.244583 0.0366667 0.0408333
0 0.108333 0.553333 0.0366667 0.0383333
0 0.44625 0.795417 0.0325 0.0341667
0 0.131667 0.503333 0.0333333 0.035
0 0.945417 0.0116667 0.0358333 0.0216667
0 0.910833 0.222083 0.0316667 0.0358333
0 0.757083 0.405 0.0308333 0.0333333
0 0.907083 0.07625 0.0341667 0.0375
0 0.630417 0.728333 0.0375 0.04
0 0.566667 0.150833 0.0333333 0.0366667
0 0.847917 0.712917 0.0358333 0.0358333
0 0.497083 0.289167 0.0375 0.04
0 0.252917 0.785833 0.0325 0.035
0 0.80125 0.84875 0.0275 0.0291667
0 0.559167 0.226667 0.0383333 0.0433333
0 0.628333 0.593333 0.0333333 0.0383333
0 0.954583 0.0825 0.0308333 0.035
0 0.877083 0.519167 0.0358333 0.04
0 0.169167 0.784583 0.0383333 0.0391667
0 0.615 0.522917 0.035 0.0375
0 0.754167 0.379167 0.0316667 0.035
0 0.97 0.84125 0.035 0.0425
0 0.55875 0.278333 0.0325 0.035
0 0.97 0.154167 0.0333333 0.0366667
0 0.0616667 0.88 0.0366667 0.04
0 0.465417 0.2725 0.0358333 0.04
0 0.91625 0.414167 0.0358333 0.0383333
0 0.5775 0.94125 0.0333333 0.0358333
0 0.832083 0.820417 0.0358333 0.0375
0 0.79125 0.894583 0.0308333 0.0341667
0 0.848333 0.0945833 0.0333333 0.0375
0 0.989167 0.642083 0.02 0.0375
0 0.365833 0.421667 0.0333333 0.0366667
0 0.680417 0.0495833 0.0308333 0.0325
0 0.618333 0.79125 0.035 0.0375
0 0.719167 0.740833 0.0366667 0.0383333
0 0.100417 0.76375 0.0325 0.0341667
0 0.163333 0.57875 0.03 0.0308333
0 0.70875 0.118333 0.0358333 0.0383333
0 0.0366667 0.804167 0.035 0.0366667
0 0.745 0.712083 0.0366667 0.0391667
0 0.504583 0.241667 0.0358333 0.0383333
0 0.777083 0.482917 0.0325 0.0325
0 0.315 0.7975 0.0333333 0.035
0 0.415 0.328333 0.035 0.0366667
0 0.299583 0.747083 0.0325 0.0341667
0 0.71375 0.351667 0.0341667 0.0366667
0 0.93375 0.298333 0.0325 0.035
0 0.76 0.0395833 0.0333333 0.0375
0 0.668333 0.929583 0.035 0.0375
0 0.8175 0.540833 0.0333333 0.0366667
0 0.647083 0.367917 0.0341667 0.0375
0 0.265417 0.415417 0.0358333 0.0358333
0 0.76375 0.180417 0.0325 0.0341667
0 0.2625 0.34625 0.0316667 0.0341667
0 0.676667 0.702917 0.0366667 0.0391667
0 0.360417 0.548333 0.0358333 0.0383333
0 0.795417 0.02 0.0341667 0.035
0 0.01875 0.727917 0.0325 0.0341667
0 0.77625 0.245833 0.0358333 0.0366667
0 0.530833 0.206667 0.03 0.0333333
0 0.502917 0.937083 0.0308333 0.0325
0 0.801667 0.699167 0.035 0.0383333
0 0.915 0.139583 0.0333333 0.0358333
0 0.801667 0.14375 0.0316667 0.0341667
0 0.148333 0.682083 0.0316667 0.0325
0 0.760417 0.82375 0.0358333 0.0375
0 0.757917 0.434167 0.0341667 0.0366667
0 0.286667 0.506667 0.035 0.0383333
0 0.635 0.141667 0.0333333 0.0333333
0 0.598333 0.6075 0.0316667 0.035
0 0.805417 0.735417 0.0341667 0.0375
0 0.91125 0.821667 0.0325 0.035
0 0.0333333 0.628333 0.0333333 0.0383333
0 0.337917 0.497917 0.0358333 0.0375
