0 0.894583 0.626667 0.0408333 0.0483333
0 0.78375 0.98 0.0375 0.04
0 0.00583333 0.647083 0.0116667 0.0325
0 0.00458333 0.405 0.00916667 0.0283333
0 0.54375 0.005 0.0291667 0.01
0 0.0325 0.622917 0.0433333 0.0525
0 0.105 0.0291667 0.045 0.0466667
0 0.859583 0.812917 0.0358333 0.0391667
0 0.605417 0.5575 0.0341667 0.0383333
0 0.0404167 0.0408333 0.0458333 0.0466667
0 0.0104167 0.363333 0.0208333 0.0466667
0 0.821667 0.68 0.0383333 0.0516667
0 0.152083 0.0558333 0.0441667 0.05
0 0.40625 0.482083 0.0308333 0.0325
0 0.670833 0.98 0.0333333 0.0366667
0 0.163333 0.0204167 0.035 0.0358333
0 0.262083 0.986667 0.0308333 0.025
0 0.237083 0.993333 0.0291667 0.0133333
0 0.497083 0.397083 0.0358333 0.0358333
0 0.989583 0.519167 0.0191667 0.0366667
0 0.3 0.18375 0.0333333 0.0358333
0 0.910833 0.8525 0.035 0.0383333
0 0.707083 0.904583 0.0375 0.0441667
0 0.7425 0.765417 0.0416667 0.0458333
0 0.555 0.395 0.0266667 0.0283333
0 0.00625 0.68 0.0125 0.0266667
0 0.93625 0.54 0.0408333 0.045
0 0.551667 0.121667 0.0366667 0.0433333
0 0.724583 0.360833 0.0325 0.0383333
0 0.602917 0.82375 0.0391667 0.0458333
0 0.0375 0.1175 0.0333333 0.0366667
0 0.60875 0.99125 0.0341667 0.0175
0 0.0166667 0.741667 0.0333333 0.0383333
0 0.577083 0.83375 0.0341667 0.0391667
0 0.829167 0.913333 0.0433333 0.0433333
0 0.345833 0.299583 0.0416667 0.0408333
0 0.0129167 0.531667 0.0258333 0.0383333
0 0.07 0.432917 0.0383333 0.0441667
0 0.1175 0.632083 0.0333333 0.0375
0 0.18875 0.39875 0.0408333 0.0458333
0 0.0829167 0.348333 0.0375 0.04
0 0.439583 0.3975 0.0425 0.0483333
0 0.512917 0.1525 0.0358333 0.0383333
0 0.588333 0.0129167 0.0366667 0.0258333
0 0.30875 0.403333 0.0375 0.0483333
0 0.513333 0.2875 0.0433333 0.0433333
0 0.11 0.159583 0.0283333 0.0291667
0 0.0158333 0.0254167 0.0316667 0.0391667
0 0.344583 0.374583 0.0425 0.0475
0 0.4125 0.982917 0.035 0.0341667
0 0.682917 0.81625 0.0391667 0.0475
0 0.374167 0.264167 0.04 0.0466667
0 0.287083 0.118333 0.0391667 0.0433333
0 0.423333 0.19875 0.0383333 0.0425
0 0.67875 0.128333 0.0358333 0.0433333
0 0.570833 0.760833 0.0366667 0.0416667
0 0.29625 0.320833 0.0408333 0.05
0 0.595417 0.712083 0.0325 0.0358333
0 0.197083 0.125833 0.0325 0.035
0 0.90875 0.696667 0.0441667 0.045
0 0.710833 0.6775 0.04 0.045
0 0.971667 0.848333 0.0333333 0.0333333
0 0.53375 0.227917 0.0308333 0.0375
0 0.0958333 0.11375 0.0316667 0.0341667
0 0.625 0.0191667 0.035 0.0383333
0 0.4175 0.252917 0.04 0.0425
0 0.325417 0.495 0.0341667 0.0366667
0 0.991667 0.78875 0.0166667 0.0358333
0 0.127917 0.4425 0.0358333 0.0416667
0 0.463333 0.91125 0.0383333 0.0441667
0 0.46875 0.859583 0.0308333 0.0325
0 0.68375 0.341667 0.0358333 0.0383333
0 0.333333 0.0766667 0.0366667 0.0416667
0 0.167917 0.1525 0.0291667 0.03
0 0.83625 0.82625 0.0325 0.0341667
0 0.232083 0.537917 0.0341667 0.0358333
0 0.957917 0.762083 0.0308333 0.0341667
0 0.616667 0.188333 0.0416667 0.0416667
0 0.0304167 0.28 0.0375 0.0433333
0 0.0870833 0.212083 0.0375 0.0391667
0 0.191667 0.277917 0.03 0.0341667
0 0.287083 0.215417 0.0375 0.0408333
0 0.3675 0.962083 0.035 0.0391667
0 0.05 0.202083 0.0366667 0.0408333
0 0.01 0.0741667 0.02 0.0383333
0 0.500833 0.93625 0.0366667 0.0408333
0 0.577083 0.2025 0.0375 0.0433333
0 0.575 0.335417 0.0383333 0.0425
0 0.757083 0.169583 0.0358333 0.0408333
0 0.494583 0.194167 0.0375 0.0433333
0 0.635417 0.81875 0.0341667 0.0375
0 0.417083 0.425833 0.0275 0.03
0 0.3325 0.91875 0.035 0.0391667
0 0.115417 0.375417 0.0291667 0.0308333
0 0.829167 0.8625 0.0383333 0.0416667
0 0.442917 0.129167 0.0325 0.0333333
0 0.405417 0.951667 0.0258333 0.0266667
0 0.125833 0.546667 0.035 0.035
0 0.977083 0.909167 0.0308333 0.035
0 0.431667 0.08375 0.0333333 0.0358333
0 0.220417 0.329167 0.0291667 0.03
0 0.945417 0.834167 0.0375 0.0416667
0 0.750833 0.122917 0.035 0.0358333
0 0.626667 0.33 0.035 0.0383333
0 0.987083 0.6375 0.0258333 0.0383333
0 0.171667 0.247083 0.0333333 0.0341667
0 0.245833 0.0145833 0.0333333 0.0291667
0 0.595417 0.957083 0.0325 0.0341667
0 0.0316667 0.323333 0.035 0.0383333
0 0.627917 0.751667 0.0391667 0.0416667
0 0.68 0.283333 0.035 0.04
0 0.644583 0.285 0.0325 0.035
0 0.4825 0.045 0.0333333 0.0333333
0 0.250833 0.380417 0.0383333 0.0391667
0 0.755 0.842917 0.0366667 0.0391667
0 0.72875 0.94875 0.0341667 0.0358333
0 0.204583 0.360417 0.0325 0.0358333
0 0.240833 0.142083 0.035 0.0358333
0 0.175 0.44125 0.0316667 0.0358333
0 0.47375 0.9825 0.0341667 0.0333333
0 0.37875 0.217083 0.0358333 0.0375
0 0.457083 0.337917 0.0358333 0.0391667
0 0.479167 0.302083 0.0316667 0.0358333
0 0.955417 0.662083 0.0358333 0.0375
0 0.892917 0.942917 0.0341667 0.0375
0 0.47 0.217917 0.0366667 0.0408333
0 0.67625 0.206667 0.0341667 0.0366667
0 0.554583 0.283333 0.0358333 0.04
0 0.0183333 0.432917 0.0316667 0.0325
0 0.979167 0.973333 0.0316667 0.0316667
0 0.886667 0.774167 0.035 0.0383333
0 0.98 0.720833 0.0316667 0.035
