0 0.850417 0.206667 0.0308333 0.0316667
0 0.118333 0.47125 0.0333333 0.0358333
0 0.91875 0.79625 0.0341667 0.0375
0 0.2975 0.846667 0.04 0.04
0 0.810833 0.4125 0.0283333 0.03
0 0.520417 0.188333 0.0258333 0.025
0 0.298333 0.437917 0.04 0.0441667
0 0.90875 0.360833 0.0291667 0.03
0 0.20125 0.709167 0.0375 0.0416667
0 0.528333 0.911667 0.025 0.0266667
0 0.1525 0.67875 0.0283333 0.0308333
0 0.857083 0.30375 0.0308333 0.0341667
0 0.4825 0.499583 0.035 0.0375
0 0.99375 0.641667 0.0125 0.0316667
0 0.287083 0.804583 0.0308333 0.0325
0 0.570833 0.609167 0.035 0.0383333
0 0.686667 0.21 0.035 0.035
0 0.11375 0.69125 0.0341667 0.0391667
0 0.265833 0.4775 0.0316667 0.035
0 0.96375 0.26625 0.0341667 0.0358333
0 0.395 0.177917 0.0416667 0.0475
0 0.169167 0.528333 0.0416667 0.0483333
0 0.04625 0.430833 0.0341667 0.035
0 0.561667 0.438333 0.0383333 0.04
0 0.36875 0.845417 0.0391667 0.0408333
0 0.989583 0.196667 0.0191667 0.0366667
0 0.409167 0.986667 0.0283333 0.0266667
0 0.04125 0.405417 0.0325 0.0308333
0 0.59125 0.87 0.0291667 0.03
0 0.559167 0.136667 0.0266667 0.0283333
0 0.43625 0.0945833 0.0341667 0.0341667
0 0.432083 0.615417 0.0358333 0.0408333
0 0.171667 0.44125 0.0366667 0.0375
0 0.423333 0.794167 0.03 0.0316667
0 0.817917 0.108333 0.0358333 0.0383333
0 0.565417 0.309583 0.0308333 0.0325
0 0.254583 0.690417 0.0391667 0.0441667
0 0.842917 0.0545833 0.0325 0.0358333
0 0.33 0.402917 0.0416667 0.0425
0 0.628333 0.00791667 0.0283333 0.0158333
0 0.980833 0.452083 0.03 0.0325
0 0.465 0.695 0.0466667 0.0466667
0 0.335 0.796667 0.0283333 0.0316667
0 0.335 0.297083 0.0366667 0.0425
0 0.479167 0.890833 0.0283333 0.0283333
0 0.699167 0.557917 0.03 0.0325
0 0.409167 0.540833 0.035 0.0416667
0 0.242917 0.242917 0.0325 0.0358333
0 0.65 0.422083 0.0366667 0.0391667
0 0.484167 0.305417 0.0333333 0.0358333
0 0.832083 0.147083 0.0225 0.0225
0 0.759167 0.659167 0.0383333 0.0416667
0 0.0791667 0.345417 0.0383333 0.0425
0 0.92 0.1925 0.0316667 0.0333333
0 0.319167 0.93875 0.0283333 0.0291667
0 0.607917 0.463333 0.0391667 0.04
0 0.365417 0.792083 0.0325 0.0341667
0 0.71125 0.4725 0.0325 0.035
0 0.369167 0.62125 0.0333333 0.0358333
0 0.989167 0.51125 0.0216667 0.0391667
0 0.315417 0.193333 0.0341667 0.035
0 0.03 0.129167 0.03 0.03
0 0.48 0.1925 0.035 0.0366667
0 0.730417 0.230417 0.0308333 0.0325
0 0.888333 0.278333 0.0333333 0.0366667
0 0.903333 0.535417 0.0366667 0.0441667
0 0.389583 0.75 0.0358333 0.0383333
0 0.6075 0.77875 0.03 0.0341667
0 0.587917 0.176667 0.0325 0.035
0 0.708333 0.102083 0.035 0.0375
0 0.5825 0.37625 0.0283333 0.0291667
0 0.87125 0.608333 0.0308333 0.0333333
0 0.772083 0.0191667 0.0375 0.0383333
0 0.79875 0.439167 0.0325 0.0333333
0 0.867917 0.03125 0.0341667 0.0375
0 0.387083 0.463333 0.0341667 0.035
0 0.144583 0.397083 0.0391667 0.0391667
0 0.423333 0.343333 0.0333333 0.035
0 0.389167 0.50125 0.0366667 0.0391667
0 0.379167 0.249167 0.035 0.0366667
0 0.584583 0.515833 0.0341667 0.0383333
0 0.642083 0.05625 0.0275 0.0291667
0 0.6225 0.98 0.025 0.03
0 0.375833 0.408333 0.0366667 0.0383333
0 0.46875 0.432083 0.0358333 0.0375
0 0.197083 0.387917 0.0358333 0.0358333
0 0.00916667 0.0654167 0.0183333 0.0325
0 0.48875 0.373333 0.0325 0.035
0 0.796667 0.820417 0.0283333 0.0291667
0 0.699167 0.795833 0.03 0.0333333
0 0.795 0.1275 0.0316667 0.0333333
0 0.220417 0.63875 0.0375 0.0408333
0 0.45625 0.257917 0.0341667 0.0358333
0 0.2375 0.435 0.0266667 0.0266667
0 0.230417 0.819167 0.0341667 0.0383333
0 0.93375 0.0179167 0.0308333 0.0308333
0 0.752083 0.217083 0.0341667 0.0358333
0 0.968333 0.0779167 0.0333333 0.0358333
0 0.639167 0.285833 0.035 0.0366667
0 0.4 0.886667 0.0366667 0.0366667
0 0.133333 0.525417 0.035 0.0375
0 0.69625 0.61875 0.0341667 0.0358333
0 0.325417 0.575 0.0358333 0.0383333
0 0.460833 0.91375 0.0283333 0.0291667
0 0.23375 0.53 0.0375 0.0383333
0 0.784167 0.872917 0.035 0.0391667
0 0.529167 0.0916667 0.0316667 0.0333333
0 0.595 0.116667 0.0316667 0.0316667
0 0.330833 0.96125 0.0316667 0.0341667
0 0.891667 0.687917 0.0316667 0.0341667
0 0.956667 0.38375 0.0383333 0.0391667
0 0.7 0.015 0.0316667 0.03
0 0.323333 0.504583 0.0316667 0.0341667
0 0.424167 0.942083 0.0316667 0.0325
0 0.924583 0.22375 0.0325 0.0358333
0 0.96875 0.343333 0.0341667 0.035
0 0.63 0.714583 0.0366667 0.0408333
0 0.502917 0.848333 0.0291667 0.0333333
0 0.688333 0.876667 0.0283333 0.0333333
0 0.180417 0.592917 0.0375 0.0391667
0 0.915 0.07375 0.0316667 0.0308333
0 0.907917 0.452917 0.0291667 0.0325
0 0.509583 0.1275 0.0325 0.0333333
0 0.94625 0.123333 0.0258333 0.0266667
0 0.613333 0.3225 0.0316667 0.0316667
0 0.367917 0.583333 0.0358333 0.0366667
0 0.6425 0.840417 0.035 0.0375
0 0.849167 0.257917 0.03 0.0308333
0 0.3225 0.65125 0.0366667 0.0391667
0 0.770833 0.4725 0.0333333 0.035
0 0.53375 0.261667 0.0291667 0.03
0 0.791667 0.36375 0.03 0.0308333
0 0.14875 0.33 0.0341667 0.0366667
0 0.665833 0.593333 0.0366667 0.0383333
0 0.4825 0.99 0.0266667 0.0183333
0 0.65375 0.95 0.0291667 0.0316667
0 0.87875 0.0891667 0.0341667 0.035
0 0.91125 0.717083 0.0308333 0.0325
0 0.745417 0.434583 0.0308333 0.0325
0 0.534167 0.05875 0.0316667 0.0308333
0 0.566667 0.929583 0.035 0.0375
0 0.813333 0.661667 0.0316667 0.0333333
0 0.445417 0.848333 0.0375 0.04
0 0.15875 0.634167 0.0341667 0.0366667
0 0.852083 0.7625 0.0341667 0.0366667
0 0.535 0.802083 0.0316667 0.0341667
0 0.472917 0.790833 0.0325 0.035
0 0.853333 0.724167 0.035 0.0383333
0 0.87375 0.382083 0.0341667 0.0341667
0 0.74625 0.180833 0.0341667 0.0366667
0 0.947083 0.66 0.0291667 0.03
0 0.340417 0.718333 0.0325 0.035
0 0.114583 0.650417 0.0325 0.0341667
0 0.528333 0.86125 0.0316667 0.0341667
0 0.525 0.985833 0.0233333 0.025
0 0.59875 0.897917 0.0275 0.0291667
0 0.91375 0.60875 0.0341667 0.0375
0 0.644167 0.787917 0.035 0.0375
0 0.045 0.465 0.03 0.0316667
0 0.713333 0.81625 0.0333333 0.0358333
0 0.8625 0.5625 0.035 0.0383333
0 0.66625 0.73375 0.0325 0.0341667
0 0.564583 0.9675 0.0308333 0.0316667
0 0.654167 0.904167 0.0333333 0.0366667
0 0.801667 0.0741667 0.0333333 0.035
0 0.64375 0.646667 0.0291667 0.0333333
0 0.968333 0.6225 0.0316667 0.0333333
0 0.96625 0.548333 0.0341667 0.0366667
0 0.55125 0.748333 0.0308333 0.035
0 0.490833 0.625417 0.0266667 0.0275
0 0.602083 0.220417 0.0308333 0.0325
0 0.567083 0.824583 0.0325 0.0341667
0 0.04125 0.535417 0.0241667 0.0275
0 0.0991667 0.491667 0.03 0.0333333
0 0.57 0.720833 0.0316667 0.035
