0 0.82125 0.825833 0.0391667 0.0416667
0 0.9875 0.29375 0.025 0.0358333
0 0.7075 0.0108333 0.035 0.0216667
0 0.988333 0.124583 0.0233333 0.0275
0 0.59125 0.993333 0.0308333 0.0133333
0 0.605417 0.211667 0.0358333 0.0433333
0 0.00833333 0.3525 0.0166667 0.0366667
0 0.765417 0.994167 0.0308333 0.0116667
0 0.32125 0.423333 0.0325 0.0316667
0 0.248333 0.370833 0.0466667 0.0533333
0 0.47125 0.00791667 0.0291667 0.0158333
0 0.43625 0.182083 0.0358333 0.0391667
0 0.55625 0.904167 0.0375 0.0383333
0 0.315 0.75625 0.0266667 0.0275
0 0.00791667 0.197917 0.0158333 0.0341667
0 0.415833 0.212917 0.0433333 0.0475
0 0.150417 0.859167 0.0341667 0.0333333
0 0.0716667 0.13125 0.0333333 0.0358333
0 0.7675 0.682083 0.035 0.0391667
0 0.654583 0.625417 0.0375 0.0441667
0 0.0429167 0.230833 0.0375 0.0416667
0 0.873333 0.447083 0.0333333 0.0375
0 0.27 0.946667 0.0366667 0.0416667
0 0.99 0.903333 0.02 0.0283333
0 0.36 0.210417 0.0333333 0.0341667
0 0.345833 0.109583 0.04 0.0475
0 0.525 0.00833333 0.035 0.0166667
0 0.514167 0.811667 0.025 0.025
0 0.96 0.04375 0.0316667 0.0341667
0 0.28625 0.802917 0.0375 0.0458333
0 0.74125 0.602083 0.0341667 0.0358333
0 0.595 0.591667 0.04 0.045
0 0.789583 0.744167 0.0291667 0.0316667
0 0.807083 0.512083 0.0358333 0.0375
0 0.270417 0.16 0.0391667 0.0433333
0 0.00791667 0.385417 0.0158333 0.0341667
0 0.995 0.731667 0.01 0.0316667
0 0.891667 0.992917 0.0316667 0.0141667
0 0.911667 0.885 0.0316667 0.0333333
0 0.707083 0.0816667 0.0391667 0.0416667
0 0.157083 0.493333 0.0358333 0.04
0 0.597917 0.93625 0.0341667 0.0375
0 0.174583 0.906667 0.0358333 0.0383333
0 0.414167 0.339167 0.0366667 0.045
0 0.431667 0.683333 0.0383333 0.04
0 0.1575 0.374167 0.0216667 0.0216667
0 0.144583 0.0945833 0.0308333 0.0325
0 0.14625 0.0383333 0.0275 0.0283333
0 0.377083 0.43375 0.0341667 0.0358333
0 0.770417 0.147917 0.0291667 0.0325
0 0.670417 0.0245833 0.0375 0.0408333
0 0.0358333 0.3425 0.0366667 0.04
0 0.245833 0.440833 0.0383333 0.0466667
0 0.58125 0.0675 0.0358333 0.04
0 0.609167 0.159167 0.0366667 0.04
0 0.202917 0.384583 0.0408333 0.0425
0 0.266667 0.85125 0.0366667 0.0391667
0 0.887917 0.918333 0.0375 0.045
0 0.710417 0.564583 0.0325 0.0358333
0 0.853333 0.686667 0.0316667 0.0333333
0 0.723333 0.72625 0.0416667 0.0408333
0 0.633333 0.881667 0.0433333 0.0466667
0 0.0395833 0.697917 0.0375 0.0408333
0 0.257917 0.274167 0.0308333 0.0333333
0 0.77875 0.43625 0.0375 0.0391667
0 0.297083 0.2025 0.0358333 0.04
0 0.191667 0.0833333 0.0316667 0.0333333
0 0.497917 0.259167 0.0375 0.0383333
0 0.42 0.3 0.0383333 0.04
0 0.40375 0.882083 0.0375 0.0425
0 0.206667 0.00958333 0.0366667 0.0191667
0 0.17625 0.97375 0.0375 0.0375
0 0.0233333 0.58875 0.0333333 0.0358333
0 0.774583 0.645417 0.0391667 0.0425
0 0.45375 0.20125 0.0275 0.0308333
0 0.93125 0.409167 0.0375 0.0416667
0 0.439167 0.2525 0.035 0.0366667
0 0.63375 0.659167 0.0308333 0.0316667
0 0.929167 0.829167 0.0316667 0.035
0 0.53625 0.225 0.0391667 0.0416667
0 0.715417 0.12 0.0341667 0.035
0 0.75375 0.0258333 0.0358333 0.0383333
0 0.772083 0.590833 0.0325 0.035
0 0.847917 0.52125 0.0341667 0.0391667
0 0.472917 0.639167 0.0258333 0.0266667
0 0.795833 0.0141667 0.0366667 0.0283333
0 0.0525 0.41 0.0333333 0.035
0 0.816667 0.734167 0.03 0.0333333
0 0.737083 0.894583 0.0375 0.0391667
0 0.6825 0.57625 0.0316667 0.0341667
0 0.909583 0.959583 0.0308333 0.0325
0 0.682083 0.161667 0.0375 0.04
0 0.4175 0.0708333 0.0366667 0.0383333
0 0.0545833 0.487917 0.0325 0.0358333
0 0.152083 0.554583 0.0341667 0.0358333
0 0.954167 0.56375 0.0333333 0.0341667
0 0.526667 0.0633333 0.0333333 0.0366667
0 0.167083 0.434583 0.0308333 0.0325
0 0.118333 0.168333 0.0283333 0.03
0 0.187083 0.17375 0.0308333 0.0341667
0 0.264583 0.0766667 0.0325 0.0333333
0 0.30875 0.8975 0.0375 0.04
0 0.877917 0.348333 0.0291667 0.03
0 0.214167 0.1075 0.0333333 0.0366667
0 0.717917 0.937083 0.0375 0.0425
0 0.56125 0.698333 0.0341667 0.0366667
0 0.586667 0.75375 0.0416667 0.0458333
0 0.33875 0.365 0.0358333 0.0416667
0 0.0233333 0.42625 0.0283333 0.0291667
0 0.55375 0.164583 0.0291667 0.0308333
0 0.07625 0.643333 0.0341667 0.0366667
0 0.508333 0.926667 0.0316667 0.0333333
0 0.78375 0.895833 0.0375 0.0383333
0 0.9125 0.506667 0.0316667 0.0333333
0 0.237917 0.230833 0.0325 0.0333333
0 0.479167 0.119167 0.0333333 0.035
0 0.356667 0.743333 0.03 0.03
0 0.877917 0.0183333 0.0358333 0.0366667
0 0.88375 0.780833 0.0325 0.035
0 0.0591667 0.5475 0.03 0.0316667
0 0.0975 0.0541667 0.03 0.0333333
0 0.533333 0.96625 0.035 0.0358333
0 0.562083 0.28125 0.0341667 0.0341667
0 0.84625 0.64875 0.0325 0.0341667
0 0.971667 0.8075 0.0366667 0.0383333
0 0.761667 0.77875 0.03 0.0325
0 0.8425 0.925833 0.0366667 0.04
0 0.0129167 0.64375 0.0258333 0.0408333
0 0.93625 0.479167 0.0325 0.0366667
0 0.0845833 0.417083 0.0341667 0.0391667
0 0.232917 0.908333 0.0325 0.035
0 0.14375 0.2125 0.0308333 0.0333333
0 0.502083 0.890417 0.0341667 0.0375
0 0.77375 0.960833 0.0291667 0.0316667
0 0.546667 0.59625 0.03 0.0325
0 0.2125 0.568333 0.03 0.0316667
0 0.0891667 0.599167 0.0316667 0.0333333
0 0.370833 0.985 0.0316667 0.0283333
0 0.444167 0.10625 0.035 0.0375
0 0.0970833 0.0954167 0.0325 0.0358333
0 0.10375 0.455 0.0291667 0.0316667
0 0.64125 0.532917 0.0325 0.0341667
0 0.459167 0.0266667 0.03 0.0333333
0 0.944167 0.711667 0.0366667 0.0383333
0 0.63125 0.830833 0.0341667 0.0366667
0 0.479583 0.850417 0.0341667 0.0358333
0 0.665 0.804583 0.035 0.0391667
0 0.464167 0.979167 0.03 0.0333333
0 0.8975 0.733333 0.0333333 0.035
0 0.141667 0.117917 0.0266667 0.0275
0 0.138333 0.3325 0.0333333 0.035
0 0.826667 0.785 0.0316667 0.035
0 0.652917 0.110417 0.0358333 0.0391667
0 0.4375 0.862083 0.0366667 0.0391667
0 0.83375 0.578333 0.0341667 0.0366667
0 0.1 0.6675 0.0316667 0.0333333
0 0.866667 0.830833 0.03 0.0316667
0 0.6375 0.980417 0.035 0.0341667
0 0.513333 0.132917 0.0333333 0.0358333
0 0.974583 0.84625 0.0325 0.0341667
0 0.26625 0.3175 0.0291667 0.0316667
0 0.89 0.613333 0.0333333 0.0366667
0 0.976667 0.638333 0.0316667 0.035
0 0.6275 0.0558333 0.0333333 0.035
0 0.549583 0.82125 0.0375 0.0408333
0 0.405833 0.81875 0.0316667 0.0341667
0 0.1 0.247917 0.0283333 0.0291667
0 0.0354167 0.0958333 0.0275 0.03
0 0.295833 0.3275 0.0316667 0.0333333
0 0.322917 0.309167 0.0325 0.0333333
0 0.409167 0.768333 0.0333333 0.0366667
0 0.97875 0.45 0.0291667 0.0316667
0 0.825417 0.61625 0.0308333 0.0308333
0 0.0341667 0.0341667 0.0333333 0.035
0 0.4025 0.930417 0.0333333 0.0341667
0 0.612083 0.557917 0.0308333 0.0325
0 0.969583 0.932917 0.0325 0.0341667
0 0.662083 0.7075 0.0341667 0.0366667
0 0.44625 0.78375 0.0291667 0.0325
0 0.715 0.84125 0.0316667 0.0341667
0 0.879167 0.87875 0.035 0.0358333
