0 0.867917 0.01 0.0325 0.02
0 0.62375 0.782083 0.0341667 0.0375
0 0.893333 0.4775 0.0316667 0.0333333
0 0.495 0.355417 0.0383333 0.0391667
0 0.677083 0.77625 0.0275 0.0291667
0 0.495833 0.559167 0.0383333 0.045
0 0.839167 0.90375 0.0366667 0.0391667
0 0.688333 0.645417 0.04 0.0458333
0 0.66375 0.795833 0.0358333 0.04
0 0.38875 0.556667 0.0308333 0.0316667
0 0.92375 0.851667 0.0308333 0.0333333
0 0.637917 0.610417 0.0291667 0.0308333
0 0.391667 0.846667 0.0383333 0.045
0 0.99125 0.480417 0.0175 0.0308333
0 0.24 0.849583 0.045 0.0458333
0 0.82375 0.369583 0.0391667 0.0441667
0 0.18875 0.112917 0.0375 0.0391667
0 0.341667 0.7625 0.03 0.0333333
0 0.79 0.47625 0.025 0.0275
0 0.389583 0.318333 0.0458333 0.0466667
0 0.754583 0.440417 0.0375 0.0408333
0 0.803333 0.603333 0.04 0.0466667
0 0.765833 0.139167 0.0333333 0.0366667
0 0.357083 0.92 0.0425 0.045
0 0.60625 0.7275 0.0425 0.0433333
0 0.680833 0.4225 0.0333333 0.0383333
0 0.589167 0.234167 0.0366667 0.0383333
0 0.497083 0.232083 0.0325 0.0358333
0 0.0658333 0.826667 0.0316667 0.0366667
0 0.32625 0.63625 0.0325 0.0325
0 0.0716667 0.467083 0.0383333 0.0475
0 0.77375 0.292083 0.0325 0.0358333
0 0.77875 0.935 0.0375 0.04
0 0.755417 0.23625 0.0408333 0.0425
0 0.5825 0.811667 0.0333333 0.0366667
0 0.16 0.925417 0.0416667 0.0458333
0 0.9125 0.346667 0.0383333 0.0383333
0 0.763333 0.553333 0.0283333 0.0316667
0 0.296667 0.0504167 0.0383333 0.0408333
0 0.444167 0.726667 0.0366667 0.04
0 0.797917 0.352083 0.0325 0.0358333
0 0.350833 0.237917 0.0316667 0.0325
0 0.529583 0.742917 0.0341667 0.0375
0 0.670833 0.278333 0.04 0.045
0 0.727917 0.977083 0.0358333 0.0358333
0 0.70625 0.489167 0.0375 0.04
0 0.32875 0.605833 0.0375 0.0383333
0 0.305 0.307083 0.04 0.0441667
0 0.370833 0.665 0.0266667 0.0266667
0 0.46 0.480833 0.04 0.045
0 0.907917 0.914167 0.0375 0.0383333
0 0.520833 0.874167 0.0316667 0.035
0 0.475833 0.01 0.0366667 0.02
0 0.85625 0.525 0.0308333 0.0333333
0 0.27125 0.532917 0.0291667 0.0325
0 0.514167 0.0783333 0.0383333 0.0383333
0 0.274167 0.0933333 0.0316667 0.035
0 0.936667 0.557083 0.0383333 0.0441667
0 0.989167 0.210833 0.0216667 0.0283333
0 0.926667 0.199583 0.0383333 0.0408333
0 0.946667 0.484167 0.03 0.0316667
0 0.312917 0.93625 0.0325 0.0325
0 0.667083 0.324583 0.0358333 0.0441667
0 0.27625 0.93625 0.0341667 0.0375
0 0.275 0.81 0.0366667 0.0383333
0 0.541667 0.776667 0.04 0.0416667
0 0.0816667 0.894583 0.04 0.0425
0 0.792917 0.242917 0.0325 0.0325
0 0.318333 0.209167 0.0316667 0.0316667
0 0.627917 0.684583 0.0375 0.0408333
0 0.213333 0.765 0.0383333 0.0416667
0 0.990417 0.2475 0.0191667 0.0383333
0 0.270417 0.262083 0.0375 0.0391667
0 0.175833 0.162917 0.035 0.0391667
0 0.0425 0.8575 0.0416667 0.0466667
0 0.748333 0.479167 0.0283333 0.03
0 0.199583 0.638333 0.0291667 0.0316667
0 0.767083 0.382917 0.0341667 0.0375
0 0.0583333 0.992083 0.03 0.0158333
0 0.35625 0.36125 0.0325 0.0341667
0 0.515417 0.713333 0.0308333 0.0333333
0 0.0433333 0.702917 0.0366667 0.0408333
0 0.332917 0.816667 0.0341667 0.0366667
0 0.64 0.51875 0.0316667 0.0341667
0 0.205 0.942083 0.0316667 0.0341667
0 0.88375 0.143333 0.0325 0.035
0 0.344167 0.990417 0.0283333 0.0175
0 0.577083 0.391667 0.0375 0.04
0 0.86625 0.36875 0.0358333 0.0358333
0 0.127083 0.505417 0.0308333 0.0308333
0 0.490417 0.506667 0.0358333 0.0366667
0 0.96875 0.2525 0.0291667 0.0333333
0 0.375 0.89 0.0366667 0.0416667
0 0.583333 0.0708333 0.035 0.04
0 0.834167 0.430833 0.0283333 0.0316667
0 0.850833 0.210833 0.0333333 0.0366667
0 0.0983333 0.5525 0.035 0.04
0 0.512917 0.01125 0.0358333 0.0225
0 0.535417 0.82 0.0325 0.035
0 0.169583 0.396667 0.0375 0.04
0 0.659583 0.18125 0.0341667 0.0358333
0 0.9875 0.14 0.0233333 0.0366667
0 0.493333 0.66125 0.0333333 0.0358333
0 0.1425 0.772917 0.0366667 0.0408333
0 0.554167 0.0166667 0.035 0.0333333
0 0.417083 0.204583 0.0358333 0.0408333
0 0.618333 0.844583 0.0333333 0.0375
0 0.69625 0.3825 0.0341667 0.0383333
0 0.950417 0.818333 0.0341667 0.035
0 0.150833 0.554167 0.0283333 0.03
0 0.02375 0.350417 0.0358333 0.0408333
0 0.8525 0.84375 0.0333333 0.0391667
0 0.540417 0.31125 0.0375 0.0408333
0 0.75375 0.0495833 0.0341667 0.0375
0 0.80625 0.0129167 0.0308333 0.0258333
0 0.222083 0.118333 0.0308333 0.035
0 0.26875 0.359583 0.0325 0.0358333
0 0.28625 0.88875 0.0358333 0.0391667
0 0.98375 0.969583 0.0325 0.0375
0 0.712083 0.599583 0.0325 0.0375
0 0.220833 0.414167 0.035 0.0383333
0 0.192083 0.84875 0.0341667 0.0358333
0 0.425 0.286667 0.0316667 0.035
0 0.325417 0.552917 0.0325 0.0358333
0 0.160833 0.97375 0.035 0.0358333
0 0.88125 0.291667 0.0325 0.035
0 0.835417 0.107083 0.0341667 0.0358333
0 0.413333 0.4075 0.0333333 0.035
0 0.035 0.779583 0.035 0.0391667
0 0.472917 0.836667 0.0341667 0.0366667
0 0.03625 0.505 0.0358333 0.04
0 0.9875 0.42 0.025 0.0333333
0 0.668333 0.527917 0.0333333 0.0358333
0 0.2475 0.225833 0.0333333 0.0366667
0 0.386667 0.76 0.0333333 0.0366667
0 0.537083 0.53125 0.0391667 0.0408333
0 0.9175 0.31875 0.0283333 0.0308333
0 0.510417 0.685417 0.0325 0.0358333
0 0.307083 0.464167 0.0325 0.035
0 0.832083 0.5175 0.0341667 0.035
0 0.664583 0.469583 0.0358333 0.0408333
0 0.34875 0.515 0.0341667 0.0383333
0 0.695833 0.0829167 0.0366667 0.0391667
0 0.430417 0.0333333 0.0341667 0.0366667
0 0.127917 0.477917 0.0325 0.0341667
0 0.629167 0.37625 0.0333333 0.0358333
0 0.98625 0.836667 0.0275 0.0366667
0 0.530833 0.116667 0.035 0.0366667
0 0.897083 0.423333 0.0325 0.0333333
0 0.91375 0.04875 0.0341667 0.0375
0 0.47 0.1675 0.035 0.0383333
0 0.611667 0.323333 0.035 0.0366667
0 0.885833 0.205833 0.0333333 0.0366667
0 0.940833 0.235 0.035 0.0383333
0 0.864583 0.94875 0.0325 0.0375
0 0.162083 0.239167 0.0325 0.035
0 0.481667 0.456667 0.0316667 0.0333333
0 0.72125 0.413333 0.0341667 0.0366667
0 0.97875 0.09125 0.0308333 0.0325
0 0.841667 0.302083 0.0333333 0.0358333
0 0.7275 0.552083 0.035 0.0375
0 0.944583 0.0154167 0.0325 0.0308333
0 0.0695833 0.39 0.0325 0.035
0 0.6675 0.2225 0.035 0.0366667
0 0.06125 0.961667 0.0308333 0.035
0 0.143333 0.429167 0.035 0.0383333
0 0.983333 0.285 0.03 0.03
0 0.0845833 0.618333 0.0341667 0.035
0 0.39375 0.147083 0.0341667 0.0358333
0 0.38 0.60625 0.035 0.0358333
0 0.0766667 0.318333 0.035 0.0383333
0 0.0979167 0.84375 0.0341667 0.0375
0 0.831667 0.47 0.03 0.03
0 0.224167 0.60125 0.035 0.0375
0 0.277917 0.176667 0.0341667 0.035
0 0.0133333 0.7325 0.0266667 0.0366667
0 0.769583 0.485833 0.0291667 0.03
0 0.147917 0.307917 0.0358333 0.0391667
0 0.38375 0.470833 0.0341667 0.0383333
0 0.79375 0.445417 0.0308333 0.0325
0 0.0820833 0.765417 0.0325 0.0341667
0 0.025 0.400417 0.0333333 0.0358333
0 0.9375 0.0991667 0.0316667 0.0333333
0 0.94 0.152083 0.0333333 0.0358333
0 0.548333 0.576667 0.035 0.0383333
0 0.304167 0.399167 0.0316667 0.0333333
0 0.31375 0.734583 0.0325 0.0341667
0 0.577083 0.175417 0.0341667 0.0358333
0 0.417083 0.685 0.0325 0.0333333
0 0.757083 0.517917 0.0275 0.0291667
0 0.795417 0.5275 0.0308333 0.0333333
0 0.376667 0.431667 0.0316667 0.0333333
0 0.120833 0.175417 0.03 0.0325
0 0.88125 0.0704167 0.0291667 0.0308333
0 0.337917 0.692083 0.0308333 0.0325
0 0.5775 0.65 0.0316667 0.035
0 0.417083 0.60125 0.0325 0.0341667
0 0.575833 0.429167 0.0333333 0.035
0 0.625 0.267083 0.0333333 0.0358333
0 0.51625 0.404167 0.0341667 0.035
0 0.209167 0.284167 0.0333333 0.0366667
0 0.816667 0.0604167 0.0333333 0.0358333
0 0.956667 0.315833 0.03 0.0333333
0 0.452917 0.77375 0.0325 0.0341667
0 0.289583 0.681667 0.0258333 0.0283333
0 0.217083 0.706667 0.0325 0.035
0 0.665 0.11625 0.03 0.0308333
0 0.177083 0.555 0.0325 0.0333333
0 0.50375 0.475417 0.0341667 0.0358333
0 0.454167 0.6 0.0333333 0.035
0 0.737917 0.365833 0.0325 0.035
0 0.0458333 0.600417 0.035 0.0375
0 0.824583 0.22625 0.0325 0.0358333
0 0.114583 0.984583 0.0325 0.0291667
0 0.515833 0.175 0.0316667 0.0333333
0 0.385 0.375417 0.0333333 0.0358333
0 0.53375 0.270833 0.0341667 0.0366667
0 0.588333 0.510833 0.03 0.0316667
0 0.245 0.494167 0.0333333 0.0366667
0 0.20125 0.664583 0.0325 0.0358333
