0 0.914167 0.34625 0.0283333 0.0291667
0 0.0733333 0.429583 0.0366667 0.0408333
0 0.175417 0.615 0.0358333 0.0366667
0 0.943333 0.97125 0.0283333 0.0275
0 0.00458333 0.247083 0.00916667 0.0308333
0 0.316667 0.273333 0.0316667 0.0316667
0 0.109167 0.303333 0.0316667 0.0366667
0 0.744167 0.40625 0.0383333 0.0458333
0 0.361667 0.187083 0.03 0.0308333
0 0.595417 0.528333 0.0408333 0.0483333
0 0.88125 0.453333 0.0408333 0.0416667
0 0.201667 0.0304167 0.0416667 0.0458333
0 0.81 0.730833 0.035 0.0383333
0 0.522917 0.993333 0.0325 0.0133333
0 0.904167 0.270833 0.0383333 0.0416667
0 0.9325 0.225 0.0416667 0.0483333
0 0.9375 0.6775 0.0433333 0.045
0 0.964167 0.64625 0.0416667 0.0458333
0 0.312917 0.808333 0.0375 0.0383333
0 0.985833 0.0858333 0.0283333 0.035
0 0.12 0.871667 0.045 0.0483333
0 0.600833 0.633333 0.0416667 0.0483333
0 0.0320833 0.150833 0.0308333 0.0333333
0 0.537083 0.795417 0.0391667 0.0475
0 0.310417 0.535417 0.0325 0.0325
0 0.782917 0.394167 0.0375 0.0416667
0 0.371667 0.611667 0.035 0.0383333
0 0.459583 0.0770833 0.0258333 0.0291667
0 0.472917 0.40875 0.0375 0.0425
0 0.837917 0.30625 0.0441667 0.0475
0 0.329583 0.741667 0.0391667 0.0416667
0 0.8775 0.125 0.0383333 0.0433333
0 0.015 0.704167 0.03 0.04
0 0.99125 0.8 0.0158333 0.0383333
0 0.72875 0.705417 0.0408333 0.0508333
0 0.203333 0.32875 0.0366667 0.0391667
0 0.947917 0.105833 0.0391667 0.04
0 0.102917 0.4125 0.0375 0.0416667
0 0.79625 0.99125 0.0308333 0.0175
0 0.88125 0.39625 0.0325 0.0375
0 0.261667 0.0979167 0.0383333 0.0391667
0 0.6975 0.664583 0.045 0.0491667
0 0.0620833 0.342917 0.0391667 0.0458333
0 0.787917 0.770417 0.0391667 0.0458333
0 0.9325 0.727917 0.0366667 0.0375
0 0.176667 0.92375 0.04 0.0475
0 0.763333 0.344167 0.035 0.0416667
0 0.0154167 0.05875 0.0308333 0.0425
0 0.547917 0.68875 0.0358333 0.0391667
0 0.93125 0.165833 0.0291667 0.0333333
0 0.22125 0.853333 0.0408333 0.045
0 0.99 0.7075 0.02 0.0433333
0 0.368333 0.7 0.0316667 0.0316667
0 0.483333 0.5875 0.0366667 0.0433333
0 0.635833 0.926667 0.0416667 0.0466667
0 0.779167 0.212083 0.0366667 0.0375
0 0.164167 0.24375 0.025 0.0275
0 0.16375 0.87 0.0408333 0.045
0 0.65875 0.77125 0.0275 0.0291667
0 0.316667 0.498333 0.0316667 0.035
0 0.26875 0.202083 0.0391667 0.0425
0 0.6275 0.365417 0.03 0.0325
0 0.404167 0.720417 0.0333333 0.0375
0 0.919167 0.4275 0.0383333 0.0433333
0 0.982917 0.347083 0.0341667 0.0441667
0 0.02875 0.22625 0.0275 0.0308333
0 0.38 0.866667 0.0366667 0.04
0 0.74875 0.988333 0.0308333 0.0233333
0 0.0166667 0.811667 0.0333333 0.04
0 0.86875 0.767083 0.0391667 0.0441667
0 0.867917 0.587917 0.0391667 0.0425
0 0.519167 0.927917 0.0366667 0.0425
0 0.180417 0.77 0.0375 0.0416667
0 0.987083 0.597917 0.0258333 0.0391667
0 0.887083 0.540417 0.0391667 0.0425
0 0.557083 0.598333 0.0391667 0.0433333
0 0.165 0.01125 0.0316667 0.0208333
0 0.31125 0.105417 0.0291667 0.0308333
0 0.801667 0.25125 0.0316667 0.0341667
0 0.469583 0.667083 0.0375 0.0491667
0 0.372917 0.669583 0.0408333 0.0441667
0 0.129167 0.05625 0.0383333 0.0391667
0 0.783333 0.45 0.0383333 0.0416667
0 0.81625 0.509583 0.0375 0.0441667
0 0.817917 0.58375 0.0375 0.0425
0 0.551667 0.964583 0.0333333 0.0375
0 0.945 0.53625 0.035 0.0375
0 0.0279167 0.743333 0.0325 0.0333333
0 0.446667 0.0316667 0.0283333 0.0316667
0 0.195 0.265 0.0333333 0.0366667
0 0.459583 0.4925 0.0341667 0.0366667
0 0.125417 0.194167 0.0358333 0.04
0 0.435833 0.904167 0.04 0.0433333
0 0.549167 0.53 0.0366667 0.04
0 0.410833 0.47125 0.035 0.0358333
0 0.0245833 0.324167 0.0258333 0.0283333
0 0.744583 0.837083 0.0325 0.0375
0 0.639583 0.838333 0.0325 0.035
0 0.0516667 0.035 0.0366667 0.0416667
0 0.650833 0.340833 0.035 0.0366667
0 0.329583 0.9175 0.0341667 0.0366667
0 0.227083 0.934583 0.0325 0.0375
0 0.990833 0.88625 0.0166667 0.0358333
0 0.306667 0.0316667 0.035 0.0416667
0 0.607083 0.39 0.0358333 0.0383333
0 0.00916667 0.183333 0.0183333 0.0316667
0 0.924583 0.39625 0.0358333 0.0375
0 0.416667 0.0558333 0.0283333 0.0316667
0 0.502917 0.769583 0.0358333 0.0391667
0 0.45625 0.76625 0.0375 0.0425
0 0.552083 0.40625 0.0325 0.0358333
0 0.0983333 0.739167 0.0366667 0.0383333
0 0.371667 0.54375 0.0366667 0.0391667
0 0.979583 0.858333 0.0325 0.035
0 0.410417 0.795417 0.0341667 0.0391667
0 0.6975 0.304583 0.035 0.0375
0 0.911667 0.8075 0.0383333 0.045
0 0.259167 0.894167 0.0383333 0.0433333
0 0.895833 0.702083 0.0366667 0.0391667
0 0.504583 0.667917 0.0341667 0.0375
0 0.923333 0.949167 0.03 0.0316667
0 0.27 0.0133333 0.0316667 0.0266667
0 0.682917 0.733333 0.0375 0.04
0 0.03875 0.47875 0.0308333 0.0308333
0 0.6975 0.981667 0.0333333 0.0316667
0 0.90875 0.853333 0.0291667 0.0333333
0 0.192083 0.580417 0.0291667 0.0291667
0 0.338333 0.78625 0.035 0.0375
0 0.0716667 0.827917 0.0366667 0.0391667
0 0.947083 0.81125 0.0341667 0.0358333
0 0.328333 0.966667 0.0316667 0.035
0 0.0916667 0.01125 0.0283333 0.0208333
0 0.66875 0.58125 0.0391667 0.0425
0 0.220833 0.109583 0.035 0.0358333
0 0.205 0.186667 0.0333333 0.035
0 0.615833 0.982083 0.035 0.0358333
0 0.420417 0.6 0.0358333 0.04
0 0.718333 0.246667 0.0333333 0.035
0 0.98375 0.497083 0.0325 0.0358333
0 0.975833 0.144583 0.03 0.0325
0 0.63125 0.735 0.0325 0.0333333
0 0.809167 0.832917 0.035 0.0391667
0 0.457083 0.609167 0.0341667 0.0383333
0 0.134583 0.38875 0.0358333 0.0391667
0 0.86375 0.69625 0.0358333 0.0391667
0 0.08125 0.134583 0.0325 0.0341667
0 0.522083 0.0404167 0.0358333 0.0358333
0 0.470417 0.90375 0.0358333 0.0391667
0 0.18375 0.0733333 0.0341667 0.0333333
0 0.377083 0.147083 0.0308333 0.0308333
0 0.82 0.399167 0.0333333 0.035
0 0.54625 0.332917 0.0291667 0.0325
0 0.595 0.446667 0.0333333 0.035
0 0.27625 0.142083 0.0308333 0.0325
0 0.80125 0.959583 0.0341667 0.0375
0 0.86125 0.644583 0.0358333 0.0391667
0 0.162083 0.307917 0.0325 0.0341667
0 0.1525 0.644167 0.035 0.0366667
0 0.867083 0.836667 0.0375 0.0416667
0 0.170833 0.138333 0.03 0.035
0 0.7525 0.617083 0.035 0.0391667
0 0.376667 0.0175 0.03 0.0316667
0 0.26125 0.755 0.0358333 0.0383333
0 0.51 0.884167 0.035 0.0366667
0 0.865833 0.331667 0.0333333 0.035
0 0.7425 0.772083 0.035 0.0391667
0 0.332083 0.0575 0.0291667 0.03
0 0.426667 0.12875 0.0333333 0.0341667
0 0.96875 0.753333 0.0375 0.0383333
0 0.670417 0.914583 0.0358333 0.0391667
0 0.413333 0.852083 0.0316667 0.0358333
0 0.8375 0.37125 0.0366667 0.0375
0 0.777917 0.8225 0.0341667 0.0366667
0 0.0545833 0.269583 0.0341667 0.0341667
0 0.773333 0.284167 0.0333333 0.0366667
0 0.0941667 0.98625 0.0333333 0.0275
0 0.547083 0.09125 0.0358333 0.0358333
0 0.39 0.967917 0.0333333 0.0341667
0 0.25 0.242917 0.0316667 0.0358333
0 0.691667 0.457083 0.0333333 0.0358333
0 0.906667 0.89125 0.0333333 0.0358333
0 0.64625 0.62625 0.0325 0.0375
0 0.761667 0.925417 0.0333333 0.0358333
0 0.315 0.168333 0.0333333 0.035
0 0.738333 0.492917 0.0316667 0.0358333
0 0.1 0.0854167 0.0316667 0.0341667
0 0.865833 0.98125 0.035 0.0358333
0 0.985 0.939583 0.0283333 0.0325
0 0.58625 0.84 0.0341667 0.0366667
0 0.0241667 0.88 0.035 0.0383333
0 0.951667 0.907083 0.0283333 0.0291667
0 0.755833 0.547917 0.035 0.0375
