0 0.977917 0.1675 0.0358333 0.0416667
0 0.292083 0.40125 0.0458333 0.0491667
0 0.642917 0.675 0.0341667 0.0366667
0 0.847917 0.99375 0.0275 0.0125
0 0.214167 0.399167 0.0316667 0.0333333
0 0.612917 0.481667 0.0325 0.0366667
0 0.07625 0.293333 0.0441667 0.0516667
0 0.352083 0.135417 0.0408333 0.0508333
0 0.968333 0.23125 0.0383333 0.0441667
0 0.490417 0.544583 0.0408333 0.0425
0 0.276667 0.0125 0.0333333 0.025
0 0.9275 0.824583 0.0366667 0.0408333
0 0.382917 0.690833 0.0241667 0.0266667
0 0.272083 0.6825 0.0341667 0.0383333
0 0.16 0.807083 0.0466667 0.0491667
0 0.745 0.865833 0.035 0.04
0 0.515 0.290833 0.04 0.0466667
0 0.37625 0.714583 0.0308333 0.0375
0 0.855833 0.015 0.0333333 0.03
0 0.0145833 0.00708333 0.0291667 0.0141667
0 0.570417 0.4325 0.0341667 0.0383333
0 0.857917 0.165 0.0375 0.0433333
0 0.219583 0.33875 0.0258333 0.0275
0 0.119583 0.789583 0.0375 0.0425
0 0.900417 0.29 0.0341667 0.0366667
0 0.225833 0.687917 0.045 0.0458333
0 0.967917 0.979583 0.0375 0.0408333
0 0.593333 0.0695833 0.045 0.0458333
0 0.465833 0.0883333 0.0333333 0.0366667
0 0.2375 0.190833 0.035 0.035
0 0.00875 0.0895833 0.0175 0.0358333
0 0.700833 0.642083 0.0416667 0.0441667
0 0.00875 0.710417 0.0175 0.0341667
0 0.95625 0.0304167 0.0391667 0.0458333
0 0.7725 0.0708333 0.04 0.045
0 0.271667 0.765 0.0416667 0.0483333
0 0.179167 0.50375 0.03 0.0325
0 0.874583 0.51375 0.0408333 0.0475
0 0.751667 0.354583 0.0366667 0.0408333
0 0.356667 0.773333 0.0316667 0.035
0 0.96 0.317083 0.0383333 0.0441667
0 0.145417 0.703333 0.0425 0.0466667
0 0.40875 0.364583 0.0341667 0.0358333
0 0.849167 0.389583 0.03 0.0325
0 0.08875 0.500833 0.0408333 0.0433333
0 0.805 0.197083 0.0416667 0.0408333
0 0.936667 0.915 0.04 0.0433333
0 0.22 0.220417 0.0366667 0.0408333
0 0.43875 0.21875 0.0375 0.0458333
0 0.926667 0.0929167 0.0416667 0.0491667
0 0.782083 0.951667 0.0375 0.0383333
0 0.256667 0.527917 0.0316667 0.0341667
0 0.104583 0.364583 0.0341667 0.0358333
0 0.950417 0.781667 0.0341667 0.0416667
0 0.04 0.717083 0.0383333 0.0441667
0 0.8625 0.0829167 0.0416667 0.0458333
0 0.0558333 0.975417 0.04 0.0408333
0 0.08875 0.224583 0.0391667 0.0425
0 0.652083 0.378333 0.0358333 0.04
0 0.4225 0.809167 0.04 0.0433333
0 0.0541667 0.44125 0.0366667 0.0391667
0 0.70875 0.214583 0.0308333 0.0358333
0 0.67 0.4425 0.0366667 0.0416667
0 0.962917 0.402917 0.0325 0.0391667
0 0.461667 0.698333 0.035 0.0383333
0 0.730417 0.330417 0.0308333 0.0341667
0 0.00791667 0.886667 0.0158333 0.035
0 0.76375 0.38375 0.0425 0.0425
0 0.775833 0.236667 0.0366667 0.0383333
0 0.224167 0.547917 0.0383333 0.0391667
0 0.0579167 0.134167 0.0375 0.0416667
0 0.30875 0.73125 0.0375 0.0425
0 0.8925 0.982917 0.035 0.0341667
0 0.825 0.91875 0.0366667 0.0425
0 0.89875 0.872083 0.0375 0.0425
0 0.184167 0.05625 0.0333333 0.0358333
0 0.272917 0.899583 0.0425 0.0475
0 0.567917 0.37375 0.0341667 0.0375
0 0.01375 0.800417 0.0275 0.0425
0 0.637917 0.522083 0.0241667 0.0258333
0 0.321667 0.220417 0.035 0.0408333
0 0.0920833 0.400833 0.0325 0.0366667
0 0.757917 0.589583 0.0358333 0.0408333
0 0.149167 0.0104167 0.0366667 0.0208333
0 0.772083 0.14625 0.0391667 0.0425
0 0.415833 0.689583 0.0366667 0.0408333
0 0.76 0.986667 0.0366667 0.025
0 0.41 0.465833 0.0383333 0.0416667
0 0.23375 0.292083 0.0358333 0.0391667
0 0.195 0.425 0.0366667 0.04
0 0.409583 0.594583 0.0341667 0.0375
0 0.14625 0.475 0.0341667 0.0366667
0 0.0225 0.649167 0.0366667 0.0383333
0 0.969583 0.938333 0.0375 0.0383333
0 0.307917 0.267917 0.0325 0.0358333
0 0.537917 0.430833 0.0325 0.0366667
0 0.85125 0.561667 0.0325 0.035
0 0.860833 0.826667 0.0316667 0.035
0 0.377917 0.0791667 0.0375 0.0416667
0 0.345417 0.474167 0.0308333 0.0383333
0 0.0379167 0.672917 0.0291667 0.0308333
0 0.83875 0.467917 0.0375 0.0458333
0 0.695 0.30375 0.0333333 0.0358333
0 0.188333 0.83625 0.0383333 0.0408333
0 0.364167 0.610417 0.0266667 0.0291667
0 0.260833 0.257083 0.0366667 0.0391667
0 0.152917 0.650833 0.0325 0.035
0 0.377083 0.549167 0.0358333 0.0416667
0 0.162917 0.56125 0.0358333 0.0441667
0 0.475417 0.305 0.0325 0.035
0 0.240417 0.12875 0.0341667 0.0391667
0 0.167083 0.965833 0.0358333 0.0366667
0 0.456667 0.786667 0.0383333 0.0416667
0 0.304167 0.976667 0.0333333 0.035
0 0.28875 0.528333 0.0358333 0.04
0 0.760417 0.463333 0.0375 0.04
0 0.920417 0.706667 0.0325 0.035
0 0.23 0.615 0.0333333 0.0366667
0 0.0533333 0.383333 0.0333333 0.035
0 0.475 0.504583 0.0366667 0.0391667
0 0.87625 0.335833 0.0291667 0.0316667
0 0.958333 0.6725 0.0283333 0.03
0 0.0420833 0.474583 0.0341667 0.0375
0 0.52125 0.485833 0.0375 0.0416667
0 0.49375 0.0683333 0.0341667 0.0383333
0 0.649583 0.19125 0.0341667 0.0375
0 0.0304167 0.6175 0.0341667 0.0366667
0 0.929167 0.267917 0.0366667 0.0375
0 0.54625 0.0945833 0.0391667 0.0408333
0 0.905 0.390833 0.0333333 0.0366667
0 0.085 0.69125 0.0366667 0.0408333
0 0.144583 0.0504167 0.0341667 0.0375
0 0.680833 0.0529167 0.035 0.0375
0 0.13375 0.107083 0.0341667 0.0391667
0 0.348333 0.32875 0.0383333 0.0408333
0 0.505417 0.76 0.0341667 0.0366667
0 0.59125 0.454167 0.0391667 0.0416667
0 0.667917 0.0129167 0.0391667 0.0258333
0 0.320417 0.3 0.0308333 0.035
0 0.975417 0.84625 0.0341667 0.0358333
0 0.69125 0.0841667 0.0358333 0.0383333
0 0.194583 0.170833 0.0341667 0.0366667
0 0.451667 0.480417 0.035 0.0408333
0 0.31875 0.65625 0.0358333 0.0408333
0 0.509167 0.12625 0.0366667 0.0425
0 0.610833 0.202083 0.0383333 0.0425
0 0.7125 0.47375 0.0333333 0.0358333
0 0.0345833 0.831667 0.0375 0.04
0 0.799167 0.570417 0.0316667 0.0341667
0 0.0745833 0.569583 0.0358333 0.0375
0 0.547083 0.217917 0.0358333 0.0408333
0 0.2025 0.60375 0.035 0.0375
0 0.45625 0.63 0.0358333 0.0383333
0 0.615 0.107917 0.0333333 0.0358333
0 0.560417 0.534167 0.0308333 0.0333333
0 0.607917 0.722917 0.0358333 0.0375
0 0.575417 0.174583 0.0325 0.0358333
0 0.324167 0.0454167 0.035 0.0391667
0 0.671667 0.265 0.0333333 0.0383333
0 0.636667 0.725 0.0333333 0.0366667
0 0.3 0.5875 0.0366667 0.0433333
0 0.555417 0.342917 0.0325 0.0341667
0 0.675417 0.13375 0.0325 0.0358333
0 0.1675 0.349167 0.035 0.0366667
0 0.265833 0.108333 0.0316667 0.035
0 0.41375 0.159583 0.0325 0.0358333
0 0.590417 0.0191667 0.0341667 0.035
0 0.83875 0.309167 0.0375 0.04
0 0.187917 0.0991667 0.0358333 0.04
0 0.577917 0.121667 0.0341667 0.0383333
0 0.492917 0.589583 0.0325 0.0358333
0 0.152917 0.282083 0.0341667 0.0358333
0 0.23875 0.462917 0.0325 0.0341667
0 0.906667 0.226667 0.0333333 0.035
0 0.7375 0.0208333 0.035 0.0366667
0 0.552917 0.6875 0.0341667 0.0366667
0 0.2075 0.0275 0.03 0.0333333
0 0.01625 0.975833 0.0325 0.0383333
0 0.0704167 0.8525 0.0358333 0.04
0 0.34125 0.87375 0.0375 0.0391667
0 0.1725 0.756667 0.035 0.0366667
0 0.42375 0.11 0.0291667 0.0333333
0 0.480417 0.362917 0.0341667 0.0408333
0 0.347083 0.37 0.0358333 0.0383333
0 0.06875 0.760833 0.0341667 0.0366667
0 0.940833 0.15125 0.0316667 0.0341667
0 0.25125 0.025 0.0341667 0.035
0 0.48125 0.179167 0.0358333 0.04
0 0.0166667 0.38875 0.0333333 0.0375
0 0.60125 0.264167 0.0325 0.0366667
0 0.5725 0.313333 0.0333333 0.0366667
0 0.497917 0.65875 0.0341667 0.0375
0 0.0945833 0.960833 0.0375 0.0416667
0 0.4125 0.539167 0.0316667 0.035
0 0.31 0.146667 0.0333333 0.0383333
0 0.0504167 0.19375 0.0358333 0.0408333
0 0.378333 0.876667 0.0366667 0.04
0 0.372917 0.26 0.0325 0.0366667
0 0.518333 0.379167 0.0366667 0.04
0 0.950417 0.477083 0.0325 0.0358333
0 0.3375 0.803333 0.0366667 0.04
0 0.574583 0.583333 0.0291667 0.0316667
0 0.0570833 0.09125 0.0325 0.0358333
0 0.110833 0.61375 0.0333333 0.0358333
0 0.55875 0.628333 0.0341667 0.0366667
0 0.8 0.324167 0.0333333 0.0366667
0 0.464167 0.429167 0.035 0.0383333
0 0.454583 0.035 0.0341667 0.0366667
0 0.14625 0.89125 0.0341667 0.0375
0 0.45375 0.351667 0.0325 0.0366667
0 0.6575 0.5575 0.0333333 0.035
0 0.0520833 0.9025 0.0375 0.04
0 0.647083 0.607083 0.0325 0.0358333
0 0.75375 0.269583 0.0341667 0.0375
0 0.73 0.535417 0.035 0.0375
0 0.63875 0.417083 0.0341667 0.0375
0 0.280833 0.638333 0.035 0.0383333
0 0.259167 0.854167 0.0366667 0.0416667
0 0.621667 0.298333 0.0333333 0.0383333
0 0.4525 0.56 0.0333333 0.0366667
0 0.206667 0.94625 0.035 0.0375
0 0.322083 0.43 0.0341667 0.0383333
0 0.416667 0.310417 0.0333333 0.0341667
