0 0.557083 0.185417 0.0325 0.0358333
0 0.914583 0.0525 0.0425 0.045
0 0.7275 0.62875 0.035 0.0358333
0 0.0583333 0.184167 0.04 0.0466667
0 0.993333 0.691667 0.0133333 0.035
0 0.271667 0.56625 0.0283333 0.0308333
0 0.187083 0.497083 0.0325 0.0358333
0 0.51625 0.482083 0.0358333 0.0375
0 0.885833 0.684167 0.0416667 0.05
0 0.965833 0.460417 0.0416667 0.0491667
0 0.50125 0.6325 0.0391667 0.0433333
0 0.20625 0.695 0.0341667 0.0383333
0 0.52875 0.735 0.0458333 0.05
0 0.230833 0.0841667 0.025 0.0266667
0 0.589167 0.370833 0.0333333 0.0366667
0 0.64375 0.414583 0.0375 0.0441667
0 0.405417 0.577917 0.0408333 0.0441667
0 0.23875 0.00791667 0.0358333 0.0158333
0 0.409583 0.447917 0.0391667 0.0475
0 0.346667 0.6425 0.025 0.0266667
0 0.702917 0.432083 0.0358333 0.0441667
0 0.676667 0.195417 0.0333333 0.0341667
0 0.240417 0.127917 0.0258333 0.0275
0 0.4225 0.848333 0.0383333 0.0433333
0 0.757083 0.808333 0.0375 0.0416667
0 0.4225 0.35625 0.0416667 0.0441667
0 0.04 0.644167 0.04 0.0416667
0 0.898333 0.870833 0.03 0.035
0 0.19875 0.799167 0.0341667 0.035
0 0.475 0.45625 0.035 0.0375
0 0.845833 0.45375 0.0416667 0.0441667
0 0.809167 0.359167 0.0383333 0.0466667
0 0.035 0.993333 0.0283333 0.0133333
0 0.995 0.49 0.01 0.03
0 0.226667 0.664583 0.0383333 0.0425
0 0.595417 0.767917 0.0425 0.0491667
0 0.985 0.300417 0.03 0.0391667
0 0.0666667 0.965 0.035 0.0383333
0 0.231667 0.830833 0.0366667 0.0416667
0 0.74625 0.21 0.0308333 0.0316667
0 0.870417 0.03625 0.0325 0.0341667
0 0.15875 0.222083 0.0408333 0.0441667
0 0.643333 0.655417 0.04 0.0458333
0 0.892083 0.600833 0.0375 0.0466667
0 0.8975 0.435 0.045 0.045
0 0.174583 0.887083 0.0291667 0.0308333
0 0.11625 0.833333 0.0391667 0.0383333
0 0.569167 0.455833 0.0366667 0.04
0 0.578333 0.9925 0.03 0.015
0 0.466667 0.0125 0.0383333 0.025
0 0.7675 0.561667 0.0333333 0.0366667
0 0.524167 0.777083 0.04 0.0441667
0 0.272083 0.974583 0.0325 0.0375
0 0.133333 0.61125 0.0366667 0.0408333
0 0.609167 0.896667 0.0333333 0.0366667
0 0.0329167 0.8025 0.0341667 0.0383333
0 0.747083 0.358333 0.0275 0.0283333
0 0.7425 0.98 0.0366667 0.04
0 0.537083 0.824583 0.0308333 0.0341667
0 0.508333 0.337917 0.035 0.0391667
0 0.981667 0.874583 0.0366667 0.0425
0 0.685417 0.844583 0.0375 0.0391667
0 0.753333 0.59625 0.0333333 0.0391667
0 0.67125 0.87 0.0341667 0.0366667
0 0.46875 0.9525 0.0375 0.0383333
0 0.670417 0.274167 0.0341667 0.0383333
0 0.592917 0.435833 0.0341667 0.0366667
0 0.912917 0.988333 0.0325 0.0233333
0 0.627917 0.989167 0.0375 0.0216667
0 0.0966667 0.209167 0.0266667 0.0283333
0 0.4875 0.503333 0.0366667 0.0416667
0 0.697917 0.97125 0.0375 0.0408333
0 0.705833 0.722917 0.035 0.0358333
0 0.830833 0.784583 0.0333333 0.0341667
0 0.05 0.869167 0.0366667 0.0383333
0 0.01875 0.1475 0.0358333 0.04
0 0.159167 0.119167 0.0283333 0.0316667
0 0.808333 0.697917 0.0383333 0.0425
0 0.34 0.108333 0.0333333 0.0366667
0 0.0170833 0.90625 0.0341667 0.0391667
0 0.30875 0.779167 0.0391667 0.0416667
0 0.9175 0.148333 0.0383333 0.0383333
0 0.77625 0.130417 0.0325 0.0341667
0 0.890417 0.26625 0.0375 0.0441667
0 0.27375 0.724583 0.0358333 0.0375
0 0.11625 0.906667 0.0375 0.0383333
0 0.129167 0.0320833 0.0316667 0.0341667
0 0.380417 0.666667 0.0375 0.04
0 0.41125 0.769167 0.0358333 0.0366667
0 0.534167 0.429583 0.0366667 0.0408333
0 0.295 0.884583 0.0383333 0.0408333
0 0.65 0.172083 0.035 0.0375
0 0.242083 0.907083 0.0291667 0.0308333
0 0.37375 0.875833 0.0325 0.035
0 0.79875 0.278333 0.0375 0.0416667
0 0.611667 0.265417 0.0366667 0.0391667
0 0.52125 0.539167 0.0341667 0.035
0 0.971667 0.747917 0.0333333 0.0375
0 0.863333 0.732083 0.0316667 0.0325
0 0.71625 0.344167 0.0358333 0.0383333
0 0.985833 0.81375 0.0283333 0.0375
0 0.709583 0.673333 0.0358333 0.0383333
0 0.2075 0.580417 0.0333333 0.0358333
0 0.1375 0.16375 0.035 0.0391667
0 0.988333 0.124583 0.0216667 0.0391667
0 0.297083 0.1375 0.0358333 0.04
0 0.442083 0.703333 0.0375 0.0416667
0 0.860833 0.32125 0.0333333 0.0375
0 0.801667 0.87625 0.0366667 0.0391667
0 0.364167 0.460833 0.0383333 0.04
0 0.475417 0.30125 0.0325 0.0325
0 0.45875 0.565 0.0358333 0.0383333
0 0.454167 0.914167 0.0333333 0.0366667
0 0.0195833 0.267917 0.0341667 0.0358333
0 0.200833 0.955 0.03 0.0333333
0 0.739167 0.390833 0.0333333 0.0383333
0 0.210417 0.762083 0.0341667 0.0375
0 0.74375 0.267083 0.0341667 0.0375
0 0.209167 0.147083 0.0316667 0.0341667
0 0.674167 0.742083 0.0366667 0.0391667
0 0.422917 0.74 0.0341667 0.0366667
0 0.850833 0.626667 0.0333333 0.0366667
0 0.675417 0.9 0.0308333 0.0333333
0 0.961667 0.278333 0.0333333 0.0366667
0 0.563333 0.917917 0.0366667 0.0408333
0 0.283333 0.932083 0.035 0.0391667
0 0.10875 0.67375 0.0358333 0.0358333
0 0.722917 0.825417 0.0275 0.0291667
0 0.787083 0.98625 0.0308333 0.0275
0 0.0204167 0.22375 0.0341667 0.0358333
0 0.9525 0.194583 0.035 0.0375
0 0.137083 0.0875 0.0325 0.0333333
0 0.553333 0.549583 0.0333333 0.0358333
0 0.329167 0.5 0.035 0.0383333
0 0.958333 0.933333 0.03 0.0316667
0 0.104583 0.102917 0.0308333 0.0325
0 0.361667 0.769583 0.0316667 0.0341667
0 0.63125 0.846667 0.0375 0.04
0 0.79125 0.927917 0.0375 0.0375
0 0.360833 0.584167 0.035 0.0383333
0 0.782083 0.45375 0.0341667 0.0391667
0 0.0154167 0.763333 0.0308333 0.035
0 0.665 0.384583 0.035 0.0391667
0 0.400417 0.94375 0.0358333 0.0391667
0 0.797083 0.419167 0.0358333 0.0383333
0 0.850833 0.697083 0.0333333 0.0375
0 0.62125 0.925417 0.0358333 0.0375
0 0.9775 0.387083 0.03 0.0325
0 0.101667 0.744167 0.0366667 0.04
0 0.9725 0.64375 0.0316667 0.0358333
0 0.52125 0.27 0.0358333 0.0366667
0 0.340417 0.01125 0.0325 0.0225
0 0.437917 0.0645833 0.0325 0.0341667
0 0.722083 0.765833 0.0325 0.035
0 0.989167 0.533333 0.0216667 0.04
0 0.657083 0.807083 0.0341667 0.0358333
0 0.564583 0.79375 0.0358333 0.0408333
0 0.0483333 0.120833 0.0333333 0.035
0 0.07375 0.836667 0.0341667 0.0383333
0 0.16125 0.7575 0.0325 0.0383333
0 0.186667 0.98625 0.0333333 0.0258333
0 0.82 0.52 0.035 0.0383333
0 0.5625 0.862083 0.0316667 0.0358333
0 0.53 0.988333 0.0366667 0.0233333
0 0.697917 0.9325 0.0308333 0.035
0 0.95 0.78875 0.0316667 0.0341667
0 0.518333 0.906667 0.03 0.0333333
0 0.785417 0.156667 0.0341667 0.035
0 0.859583 0.146667 0.0358333 0.0366667
0 0.9 0.789583 0.03 0.0325
0 0.592083 0.564167 0.0325 0.035
0 0.920417 0.564167 0.0308333 0.0316667
0 0.497083 0.735417 0.0341667 0.0375
0 0.474583 0.837917 0.0375 0.0408333
0 0.25375 0.58875 0.0325 0.0341667
0 0.599583 0.665417 0.0325 0.0341667
0 0.3875 0.0133333 0.0333333 0.025
0 0.24625 0.19625 0.0358333 0.0391667
0 0.985417 0.0695833 0.0291667 0.0358333
0 0.799583 0.81125 0.0341667 0.0391667
0 0.9575 0.705 0.0333333 0.035
0 0.619167 0.4925 0.0333333 0.0366667
0 0.8875 0.944167 0.0333333 0.0366667
