0 0.81375 0.00708333 0.0308333 0.0141667
0 0.24 0.222917 0.03 0.0358333
0 0.969583 0.187083 0.0425 0.0475
0 0.448333 0.282917 0.0433333 0.0525
0 0.772917 0.992917 0.0291667 0.0141667
0 0.73375 0.78875 0.0375 0.0408333
0 0.25375 0.59375 0.0441667 0.0525
0 0.205 0.75375 0.0483333 0.0575
0 0.655833 0.515417 0.0333333 0.0341667
0 0.990417 0.760417 0.0191667 0.0425
0 0.545417 0.56625 0.0391667 0.0458333
0 0.694583 0.96875 0.0391667 0.0475
0 0.863333 0.687083 0.0433333 0.0508333
0 0.715417 0.92 0.0375 0.0416667
0 0.9925 0.8525 0.015 0.035
0 0.735417 0.257917 0.0408333 0.0475
0 0.975833 0.811667 0.045 0.045
0 0.54375 0.948333 0.0408333 0.0466667
0 0.888333 0.1925 0.0316667 0.035
0 0.106667 0.74625 0.0416667 0.0458333
0 0.1225 0.112917 0.03 0.0358333
0 0.947083 0.00958333 0.0408333 0.0175
0 0.00666667 0.297917 0.0133333 0.0325
0 0.75125 0.875 0.0458333 0.05
0 0.62875 0.357917 0.0441667 0.0558333
0 0.887083 0.738333 0.0391667 0.0466667
0 0.49875 0.8775 0.0391667 0.045
0 0.362917 0.645833 0.0408333 0.0466667
0 0.7225 0.11 0.03 0.03
0 0.87625 0.890833 0.0375 0.0466667
0 0.247083 0.05625 0.0391667 0.0425
0 0.465 0.514583 0.04 0.0425
0 0.27375 0.517083 0.0258333 0.0275
0 0.9925 0.957083 0.015 0.0375
0 0.171667 0.6925 0.0433333 0.045
0 0.4975 0.0120833 0.04 0.0241667
0 0.125 0.858333 0.0416667 0.0483333
0 0.594583 0.42 0.0425 0.0466667
0 0.392917 0.985 0.0325 0.03
0 0.582083 0.885417 0.0375 0.0408333
0 0.459583 0.852083 0.0358333 0.0391667
0 0.0120833 0.805417 0.0241667 0.0375
0 0.110417 0.489167 0.0425 0.05
0 0.0745833 0.30375 0.0408333 0.0458333
0 0.396667 0.318333 0.04 0.0483333
0 0.784583 0.0141667 0.0308333 0.0266667
0 0.367083 0.173333 0.0425 0.0483333
0 0.0166667 0.908333 0.0333333 0.045
0 0.116667 0.261667 0.04 0.0433333
0 0.590833 0.282917 0.03 0.0341667
0 0.16375 0.625 0.0308333 0.0333333
0 0.132917 0.559583 0.0358333 0.0408333
0 0.905417 0.5625 0.0375 0.0433333
0 0.419167 0.967917 0.0366667 0.0391667
0 0.45125 0.167917 0.0375 0.0491667
0 0.250833 0.100833 0.035 0.0383333
0 0.237083 0.277083 0.0408333 0.0441667
0 0.780833 0.14125 0.0366667 0.0441667
0 0.00791667 0.124167 0.0158333 0.035
0 0.17375 0.01 0.0391667 0.02
0 0.09625 0.0725 0.0425 0.045
0 0.2025 0.395833 0.0383333 0.0433333
0 0.647083 0.0620833 0.0391667 0.0425
0 0.369583 0.06125 0.0408333 0.0441667
0 0.07375 0.0170833 0.0375 0.0341667
0 0.07 0.112083 0.0316667 0.0375
0 0.47125 0.585833 0.0358333 0.0416667
0 0.361667 0.522083 0.0333333 0.0358333
0 0.92 0.70125 0.035 0.0408333
0 0.702083 0.445 0.0358333 0.0383333
0 0.0941667 0.184583 0.0366667 0.0425
0 0.7275 0.35625 0.04 0.0441667
0 0.5725 0.99 0.035 0.02
0 0.215417 0.548333 0.0358333 0.04
0 0.836667 0.800417 0.0366667 0.0425
0 0.501667 0.37 0.03 0.035
0 0.448333 0.00916667 0.0333333 0.0183333
0 0.704583 0.0329167 0.0358333 0.0391667
0 0.258333 0.55625 0.0416667 0.0475
0 0.789583 0.928333 0.0341667 0.04
0 0.6875 0.29875 0.035 0.0358333
0 0.573333 0.13625 0.0366667 0.0425
0 0.40125 0.24625 0.0375 0.0441667
0 0.7675 0.327917 0.0316667 0.0341667
0 0.18625 0.645833 0.0425 0.0433333
0 0.308333 0.463333 0.03 0.03
0 0.1725 0.2275 0.0333333 0.0366667
0 0.342083 0.475833 0.0325 0.035
0 0.94625 0.649583 0.0375 0.0408333
0 0.542083 0.217083 0.0358333 0.0375
0 0.193333 0.0895833 0.035 0.0391667
0 0.37125 0.0170833 0.0341667 0.0341667
0 0.607083 0.18375 0.0358333 0.0391667
0 0.265833 0.19375 0.0383333 0.0408333
0 0.864167 0.254583 0.0383333 0.0441667
0 0.22625 0.35125 0.0325 0.0358333
0 0.00875 0.491667 0.0175 0.03
0 0.855833 0.960417 0.0366667 0.0391667
0 0.98875 0.615 0.0225 0.035
0 0.312917 0.0929167 0.0358333 0.0391667
0 0.662917 0.12125 0.0375 0.0391667
0 0.461667 0.385417 0.0366667 0.0391667
0 0.507083 0.16 0.0341667 0.0383333
0 0.374583 0.718333 0.0358333 0.0366667
0 0.128333 0.0220833 0.035 0.0375
0 0.333333 0.54 0.0316667 0.0333333
0 0.332083 0.2575 0.0341667 0.0366667
0 0.260417 0.6625 0.0358333 0.0383333
0 0.0354167 0.770417 0.0375 0.0391667
0 0.579583 0.517083 0.0358333 0.0375
0 0.89875 0.140417 0.0408333 0.0425
0 0.1825 0.52 0.0383333 0.0433333
0 0.41625 0.442917 0.0341667 0.0391667
0 0.906667 0.0454167 0.0333333 0.0358333
0 0.0683333 0.217083 0.0316667 0.0358333
0 0.18375 0.138333 0.0391667 0.045
0 0.167083 0.289167 0.0358333 0.0383333
0 0.86375 0.197917 0.0325 0.0358333
0 0.532083 0.445 0.0358333 0.0383333
0 0.02125 0.0729167 0.0325 0.0358333
0 0.739167 0.14375 0.035 0.0375
0 0.91625 0.804583 0.0358333 0.0391667
0 0.110833 0.347083 0.0366667 0.0391667
0 0.643333 0.305 0.0333333 0.0366667
0 0.114167 0.706667 0.0366667 0.0416667
0 0.0441667 0.434583 0.0333333 0.0375
0 0.745833 0.227917 0.0333333 0.0358333
0 0.0395833 0.275417 0.0341667 0.0375
0 0.580833 0.0758333 0.0333333 0.035
0 0.955417 0.0895833 0.0358333 0.0408333
0 0.0891667 0.5275 0.0383333 0.0433333
0 0.0575 0.597083 0.0316667 0.0358333
0 0.0575 0.342917 0.0383333 0.0408333
0 0.522083 0.04625 0.0358333 0.0408333
0 0.722917 0.0741667 0.0308333 0.0316667
0 0.603333 0.97125 0.0316667 0.0358333
0 0.549583 0.359167 0.0375 0.04
0 0.420417 0.615 0.0308333 0.0333333
0 0.309167 0.280417 0.0316667 0.0325
0 0.437917 0.09625 0.0341667 0.0391667
0 0.11 0.809167 0.0366667 0.04
0 0.330417 0.0241667 0.0358333 0.0383333
0 0.0133333 0.6925 0.0266667 0.04
0 0.0158333 0.184167 0.0316667 0.0366667
0 0.306667 0.65375 0.0316667 0.0358333
0 0.585833 0.3575 0.0366667 0.04
0 0.494167 0.303333 0.0333333 0.0366667
0 0.865 0.0670833 0.035 0.0375
0 0.39625 0.095 0.0341667 0.0383333
0 0.25625 0.367083 0.0341667 0.0375
0 0.135833 0.405417 0.0333333 0.0358333
0 0.425833 0.05125 0.035 0.0375
0 0.5475 0.255417 0.0366667 0.0375
0 0.6525 0.01375 0.0333333 0.0258333
0 0.05125 0.5325 0.0341667 0.0383333
0 0.231667 0.708333 0.035 0.0383333
0 0.296667 0.04625 0.035 0.0408333
0 0.542083 0.315417 0.0341667 0.0375
0 0.947917 0.889167 0.0341667 0.0383333
0 0.839167 0.130417 0.035 0.0391667
