0 0.90125 0.0229167 0.0358333 0.0408333
0 0.795417 0.559167 0.0358333 0.04
0 0.972083 0.0829167 0.0458333 0.0508333
0 0.93125 0.865417 0.0341667 0.0375
0 0.336667 0.239167 0.0316667 0.035
0 0.0783333 0.834583 0.04 0.0491667
0 0.358333 0.356667 0.0383333 0.0433333
0 0.9925 0.5125 0.015 0.035
0 0.99125 0.59 0.0175 0.0316667
0 0.5475 0.575 0.0333333 0.0383333
0 0.415 0.192917 0.0383333 0.0441667
0 0.119583 0.41125 0.0408333 0.0408333
0 0.218333 0.740417 0.0316667 0.0358333
0 0.416667 0.770417 0.0383333 0.0475
0 0.532083 0.992083 0.0291667 0.0158333
0 0.800833 0.23 0.0366667 0.0416667
0 0.870833 0.658333 0.04 0.05
0 0.7775 0.405417 0.0433333 0.0458333
0 0.7425 0.474583 0.0416667 0.0475
0 0.975417 0.425 0.0325 0.035
0 0.459167 0.458333 0.04 0.0416667
0 0.802917 0.05 0.0341667 0.04
0 0.789583 0.952083 0.0425 0.0441667
0 0.94125 0.31125 0.0375 0.0458333
0 0.120833 0.06375 0.0316667 0.0341667
0 0.0220833 0.907083 0.0275 0.0308333
0 0.325417 0.990833 0.0308333 0.0166667
0 0.725 0.77 0.0433333 0.0466667
0 0.542083 0.839583 0.0391667 0.0475
0 0.697917 0.6225 0.0341667 0.0383333
0 0.990417 0.252083 0.0191667 0.0408333
0 0.0466667 0.0279167 0.0383333 0.0391667
0 0.144167 0.725417 0.0383333 0.0425
0 0.99 0.695 0.0183333 0.0366667
0 0.152917 0.672917 0.0408333 0.0441667
0 0.39875 0.412083 0.0391667 0.0425
0 0.0295833 0.804167 0.0391667 0.04
0 0.43875 0.331667 0.0391667 0.0433333
0 0.605417 0.17125 0.0408333 0.0425
0 0.354583 0.495833 0.0408333 0.045
0 0.801667 0.11 0.03 0.035
0 0.387083 0.702917 0.0341667 0.0391667
0 0.535417 0.616667 0.0358333 0.0383333
0 0.460417 0.21125 0.0375 0.0408333
0 0.27625 0.532917 0.0375 0.0441667
0 0.47625 0.950417 0.0391667 0.0425
0 0.520417 0.33625 0.0375 0.0458333
0 0.249167 0.69 0.0366667 0.0433333
0 0.25875 0.96625 0.0375 0.0408333
0 0.92375 0.3975 0.0325 0.035
0 0.0508333 0.490417 0.0383333 0.0408333
0 0.2275 0.635 0.0383333 0.045
0 0.854583 0.0104167 0.0325 0.0208333
0 0.607083 0.477083 0.0375 0.0408333
0 0.93125 0.915417 0.0358333 0.0391667
0 0.293333 0.584583 0.0416667 0.0458333
0 0.568333 0.908333 0.0383333 0.0383333
0 0.34875 0.754167 0.0358333 0.04
0 0.220417 0.07375 0.0375 0.0408333
0 0.669167 0.17125 0.0383333 0.0425
0 0.28375 0.784167 0.0391667 0.0483333
0 0.9575 0.0104167 0.0316667 0.0191667
0 0.440833 0.899583 0.0383333 0.0441667
0 0.250833 0.2425 0.0316667 0.0316667
0 0.238333 0.50625 0.03 0.0308333
0 0.0295833 0.58375 0.0375 0.0425
0 0.00958333 0.85125 0.0191667 0.0391667
0 0.683333 0.32 0.0383333 0.0416667
0 0.488333 0.8075 0.0366667 0.04
0 0.722083 0.335833 0.0391667 0.0433333
0 0.610417 0.280417 0.0308333 0.0341667
0 0.0545833 0.90875 0.0341667 0.0375
0 0.787917 0.753333 0.0308333 0.0333333
0 0.836667 0.4 0.0366667 0.0416667
0 0.85625 0.769583 0.0391667 0.0441667
0 0.372917 0.261667 0.0391667 0.0416667
0 0.131667 0.985833 0.0366667 0.0266667
0 0.662917 0.682917 0.0391667 0.0425
0 0.420417 0.58625 0.0358333 0.0391667
0 0.895833 0.917917 0.0366667 0.0375
0 0.09 0.69125 0.0366667 0.0425
0 0.549583 0.672917 0.0391667 0.0391667
0 0.869583 0.12625 0.0425 0.0441667
0 0.0579167 0.640417 0.0358333 0.0408333
0 0.547917 0.452083 0.0391667 0.0425
0 0.429167 0.285833 0.0366667 0.0433333
0 0.811667 0.284167 0.0366667 0.0433333
0 0.26375 0.89875 0.0358333 0.0391667
0 0.405 0.7375 0.0333333 0.0383333
0 0.814167 0.874167 0.0383333 0.0433333
0 0.434583 0.817917 0.0358333 0.0391667
0 0.05 0.0633333 0.0366667 0.0433333
0 0.490833 0.733333 0.0383333 0.04
0 0.382083 0.957083 0.0375 0.0391667
0 0.615417 0.630417 0.0375 0.0425
0 0.589583 0.582917 0.0375 0.0408333
0 0.449167 0.25125 0.0366667 0.0391667
0 0.660417 0.744167 0.0358333 0.04
0 0.555 0.710417 0.0316667 0.0341667
0 0.44375 0.667083 0.0358333 0.0375
0 0.685833 0.260417 0.0383333 0.0391667
0 0.529583 0.954167 0.0341667 0.035
0 0.771667 0.13625 0.03 0.0341667
0 0.940833 0.254167 0.0383333 0.0433333
0 0.715 0.691667 0.0366667 0.04
0 0.889583 0.55625 0.0375 0.0408333
0 0.2725 0.436667 0.0366667 0.0433333
0 0.700417 0.378333 0.0375 0.0383333
0 0.89875 0.73125 0.0408333 0.0441667
0 0.629167 0.3225 0.0383333 0.045
0 0.487917 0.990417 0.0341667 0.0191667
0 0.782083 0.871667 0.0308333 0.035
0 0.640833 0.89375 0.0366667 0.0391667
0 0.9425 0.493333 0.0383333 0.045
0 0.142083 0.60125 0.0341667 0.0358333
0 0.0183333 0.67375 0.035 0.0375
0 0.659167 0.1125 0.0366667 0.0416667
0 0.217917 0.828333 0.0375 0.0416667
0 0.77875 0.185 0.0325 0.035
0 0.4775 0.419583 0.0366667 0.0425
0 0.315417 0.467083 0.0358333 0.0408333
0 0.445 0.617917 0.0366667 0.0391667
0 0.93625 0.131667 0.0341667 0.0383333
0 0.300417 0.31875 0.0375 0.0391667
0 0.135417 0.815 0.0375 0.04
0 0.3425 0.795833 0.0383333 0.0416667
0 0.91875 0.16875 0.0375 0.0408333
0 0.525833 0.0679167 0.0366667 0.0408333
0 0.654167 0.41625 0.035 0.0391667
0 0.726667 0.0708333 0.035 0.0366667
0 0.168333 0.77875 0.0383333 0.0408333
0 0.33875 0.918333 0.0341667 0.0383333
0 0.0975 0.05375 0.0333333 0.0358333
0 0.145833 0.917917 0.035 0.0375
0 0.71875 0.128333 0.0358333 0.04
0 0.6375 0.954583 0.035 0.0358333
0 0.109167 0.529167 0.035 0.0383333
0 0.575833 0.815417 0.0383333 0.0391667
0 0.477917 0.52875 0.0325 0.0358333
0 0.0133333 0.0283333 0.0266667 0.0333333
0 0.8375 0.947083 0.0333333 0.0341667
0 0.0108333 0.957083 0.0216667 0.0375
0 0.574167 0.2625 0.035 0.0383333
0 0.98875 0.36125 0.0191667 0.0358333
0 0.98375 0.888333 0.0325 0.0416667
0 0.642917 0.800833 0.0358333 0.0383333
0 0.3125 0.698333 0.0366667 0.0383333
0 0.777083 0.729583 0.0341667 0.0358333
0 0.847083 0.71375 0.0358333 0.0391667
0 0.891667 0.349583 0.0366667 0.0408333
0 0.522917 0.284583 0.0341667 0.0391667
0 0.68875 0.015 0.0341667 0.0283333
0 0.933333 0.0991667 0.03 0.0333333
0 0.97125 0.572083 0.0291667 0.0308333
0 0.948333 0.763333 0.0316667 0.0333333
0 0.690417 0.821667 0.0341667 0.035
0 0.347917 0.6725 0.0341667 0.0383333
0 0.35625 0.865417 0.0341667 0.0358333
0 0.09875 0.865833 0.0341667 0.0383333
0 0.652917 0.20875 0.0341667 0.0375
0 0.724583 0.607083 0.0291667 0.0308333
0 0.0570833 0.975833 0.0308333 0.035
0 0.752083 0.679583 0.0325 0.0341667
0 0.0879167 0.967917 0.0308333 0.0325
0 0.9075 0.826667 0.0333333 0.0366667
0 0.79375 0.645 0.0325 0.035
0 0.7275 0.987917 0.035 0.0225
0 0.168333 0.590417 0.0333333 0.0341667
0 0.0470833 0.7675 0.0375 0.0383333
0 0.90625 0.443333 0.0358333 0.0383333
0 0.765833 0.835417 0.0366667 0.0358333
0 0.214167 0.702083 0.0333333 0.0391667
