0 0.125833 0.437917 0.03 0.0375
0 0.42875 0.5775 0.0341667 0.0366667
0 0.119167 0.535417 0.045 0.0491667
0 0.498333 0.319167 0.0383333 0.0416667
0 0.33125 0.96375 0.0408333 0.0425
0 0.383333 0.377917 0.035 0.0391667
0 0.00875 0.511667 0.0175 0.03
0 0.977083 0.98625 0.0358333 0.0275
0 0.28375 0.934167 0.0341667 0.0383333
0 0.7825 0.302083 0.0383333 0.0425
0 0.722083 0.7725 0.0341667 0.0383333
0 0.689583 0.267083 0.0425 0.0525
0 0.132083 0.659167 0.0391667 0.045
0 0.203333 0.305833 0.04 0.0433333
0 0.118333 0.0341667 0.0416667 0.0433333
0 0.59 0.0733333 0.0366667 0.0416667
0 0.586667 0.0104167 0.035 0.0208333
0 0.242083 0.579583 0.0358333 0.0391667
0 0.18875 0.191667 0.0375 0.0466667
0 0.61625 0.799167 0.0391667 0.0466667
0 0.397083 0.312083 0.0341667 0.0375
0 0.0116667 0.255417 0.0233333 0.0475
0 0.776667 0.584167 0.0433333 0.0466667
0 0.915417 0.0166667 0.0358333 0.0333333
0 0.57375 0.337917 0.0275 0.0308333
0 0.10375 0.689583 0.0408333 0.0458333
0 0.279583 0.355 0.0375 0.0433333
0 0.910417 0.13625 0.0391667 0.0458333
0 0.3525 0.879583 0.0366667 0.0408333
0 0.209167 0.500833 0.0366667 0.04
0 0.209167 0.115833 0.0366667 0.04
0 0.290417 0.989583 0.0358333 0.0208333
0 0.0904167 0.224167 0.0391667 0.0433333
0 0.624583 0.9575 0.0358333 0.04
0 0.38 0.245833 0.0366667 0.04
0 0.16375 0.0658333 0.0358333 0.0383333
0 0.479167 0.4125 0.03 0.0316667
0 0.205417 0.732917 0.0358333 0.0441667
0 0.0404167 0.65125 0.0358333 0.0408333
0 0.820833 0.972083 0.0316667 0.0358333
0 0.43625 0.16125 0.0375 0.0425
0 0.43625 0.295833 0.0341667 0.035
0 0.944583 0.714167 0.0425 0.045
0 0.679167 0.146667 0.035 0.0416667
0 0.97125 0.64 0.0375 0.0416667
0 0.0375 0.76625 0.035 0.0391667
0 0.652917 0.294167 0.0341667 0.0383333
0 0.12375 0.7875 0.0391667 0.0416667
0 0.591667 0.393333 0.04 0.0416667
0 0.947917 0.439167 0.0408333 0.045
0 0.775417 0.0529167 0.0358333 0.0375
0 0.243333 0.665 0.0366667 0.045
0 0.990833 0.890417 0.0183333 0.0375
0 0.785 0.76625 0.0416667 0.0408333
0 0.07125 0.577083 0.0358333 0.0391667
0 0.809167 0.13625 0.0366667 0.0408333
0 0.182917 0.347917 0.0408333 0.0425
0 0.0454167 0.09875 0.0341667 0.0375
0 0.1525 0.626667 0.0383333 0.045
0 0.336667 0.50375 0.04 0.0458333
0 0.33625 0.105417 0.0375 0.0391667
0 0.96 0.500833 0.035 0.04
0 0.825833 0.02875 0.025 0.0258333
0 0.08125 0.156667 0.0341667 0.0366667
0 0.359583 0.217917 0.0325 0.0358333
0 0.564167 0.85 0.04 0.0416667
0 0.277917 0.281667 0.0358333 0.0416667
0 0.6675 0.680833 0.0383333 0.0416667
0 0.22 0.02375 0.0366667 0.0391667
0 0.09125 0.0691667 0.0358333 0.04
0 0.283333 0.1175 0.0333333 0.035
0 0.359583 0.299167 0.0358333 0.0383333
0 0.524583 0.969167 0.0341667 0.0383333
0 0.175 0.460833 0.0366667 0.0383333
0 0.445417 0.444583 0.0391667 0.0425
0 0.0566667 0.446667 0.0333333 0.0366667
0 0.119583 0.113333 0.0391667 0.0416667
0 0.730417 0.638333 0.0358333 0.04
0 0.0141667 0.83 0.0283333 0.0383333
0 0.7075 0.01125 0.035 0.0208333
0 0.0129167 0.440833 0.0258333 0.0433333
0 0.449583 0.503333 0.0375 0.0416667
0 0.4175 0.390417 0.0366667 0.0408333
0 0.69375 0.0854167 0.0375 0.0408333
0 0.989167 0.795833 0.02 0.0383333
0 0.745417 0.325833 0.0341667 0.0366667
0 0.575417 0.20125 0.0375 0.0408333
0 0.267083 0.244583 0.0341667 0.0375
0 0.705417 0.570833 0.0308333 0.035
0 0.977083 0.438333 0.0325 0.0333333
0 0.414583 0.264167 0.0341667 0.0366667
0 0.665 0.4125 0.0333333 0.04
0 0.615833 0.709583 0.0333333 0.0358333
0 0.0154167 0.304583 0.0308333 0.0375
0 0.37875 0.983333 0.0325 0.0316667
0 0.745417 0.725417 0.0375 0.0391667
0 0.915 0.978333 0.03 0.035
0 0.318333 0.0279167 0.0316667 0.0341667
0 0.5675 0.0433333 0.0366667 0.0383333
0 0.194583 0.63625 0.0358333 0.0391667
0 0.3525 0.593333 0.0333333 0.035
0 0.225833 0.622917 0.035 0.0375
0 0.623333 0.33375 0.0366667 0.0408333
0 0.0891667 0.285 0.035 0.04
0 0.31 0.41875 0.0316667 0.0341667
0 0.989167 0.532083 0.02 0.0375
0 0.657917 0.0554167 0.0291667 0.0341667
0 0.134167 0.351667 0.0366667 0.04
0 0.1525 0.150417 0.0383333 0.0408333
0 0.852083 0.635417 0.0325 0.0375
0 0.0516667 0.528333 0.035 0.0383333
0 0.15875 0.23125 0.0341667 0.0358333
0 0.870833 0.915417 0.0416667 0.0441667
0 0.233333 0.08375 0.0383333 0.0391667
0 0.7725 0.87375 0.0366667 0.0391667
0 0.844167 0.742083 0.0333333 0.0358333
0 0.709167 0.8625 0.0383333 0.04
0 0.741667 0.9175 0.0366667 0.0416667
0 0.251667 0.47 0.035 0.0383333
0 0.535 0.43625 0.0366667 0.0375
0 0.857083 0.975 0.0391667 0.0383333
0 0.78625 0.654583 0.0341667 0.0375
0 0.548333 0.81 0.035 0.0383333
0 0.0404167 0.800417 0.0341667 0.0358333
0 0.73125 0.685417 0.0375 0.0391667
0 0.198333 0.40375 0.0366667 0.0391667
0 0.3 0.5875 0.0366667 0.0433333
0 0.852917 0.1425 0.0358333 0.0383333
0 0.03 0.0479167 0.0366667 0.0425
0 0.26375 0.418333 0.0341667 0.0366667
0 0.261667 0.0441667 0.035 0.0383333
0 0.22 0.169583 0.0366667 0.0375
0 0.552917 0.117917 0.0341667 0.0358333
0 0.496667 0.3775 0.035 0.04
0 0.87375 0.834583 0.0341667 0.0358333
0 0.8425 0.202917 0.0333333 0.0341667
0 0.963333 0.927083 0.03 0.0341667
0 0.914583 0.0791667 0.0308333 0.0333333
0 0.688333 0.32875 0.0366667 0.0391667
0 0.0458333 0.324583 0.0366667 0.0458333
0 0.280417 0.1975 0.0375 0.0383333
0 0.469583 0.0845833 0.0308333 0.0325
0 0.0941667 0.4325 0.035 0.035
0 0.372917 0.55375 0.0341667 0.0358333
0 0.955 0.810417 0.0316667 0.0341667
0 0.370417 0.47375 0.0308333 0.0325
0 0.4325 0.06625 0.0333333 0.0358333
0 0.727917 0.36375 0.0325 0.0341667
0 0.85125 0.602083 0.0358333 0.0408333
0 0.88875 0.72 0.0358333 0.04
0 0.45375 0.332917 0.0291667 0.0308333
0 0.589167 0.945 0.0333333 0.0366667
0 0.556667 0.23375 0.0316667 0.0358333
0 0.534167 0.392917 0.035 0.0408333
0 0.984583 0.573333 0.0308333 0.04
0 0.08 0.03 0.035 0.04
0 0.37375 0.419167 0.0325 0.035
0 0.152917 0.5075 0.0358333 0.0383333
0 0.920417 0.782917 0.0341667 0.0358333
0 0.809583 0.25875 0.0325 0.0358333
0 0.259167 0.5375 0.0316667 0.0333333
0 0.0625 0.380833 0.0366667 0.04
0 0.56375 0.9 0.0358333 0.0383333
0 0.490417 0.138333 0.0325 0.035
0 0.59625 0.282083 0.0308333 0.0341667
0 0.260417 0.605 0.0325 0.035
0 0.859167 0.474167 0.0333333 0.035
0 0.649167 0.245417 0.0333333 0.0358333
0 0.930417 0.65125 0.0358333 0.0375
0 0.467917 0.990417 0.0341667 0.0191667
0 0.0354167 0.4825 0.0341667 0.0383333
0 0.860833 0.0779167 0.0333333 0.0358333
