0 0.835 0.666667 0.0333333 0.0366667
0 0.92125 0.48 0.0358333 0.0416667
0 0.784583 0.217083 0.0408333 0.0491667
0 0.939583 0.00666667 0.0308333 0.0133333
0 0.28125 0.991667 0.0258333 0.0166667
0 0.1375 0.669167 0.0333333 0.0366667
0 0.194167 0.516667 0.0383333 0.0433333
0 0.384167 0.509167 0.0416667 0.0416667
0 0.988333 0.65875 0.0233333 0.0358333
0 0.445417 0.112083 0.0391667 0.0458333
0 0.100417 0.665417 0.0375 0.0441667
0 0.0825 0.423333 0.04 0.0466667
0 0.80625 0.0929167 0.0391667 0.0425
0 0.81 0.0433333 0.0433333 0.0516667
0 0.70125 0.810417 0.0441667 0.0475
0 0.650833 0.918333 0.03 0.0316667
0 0.512917 0.085 0.0441667 0.045
0 0.608333 0.00916667 0.04 0.0183333
0 0.436667 0.637083 0.0416667 0.0441667
0 0.660833 0.255 0.04 0.0433333
0 0.44875 0.410833 0.0425 0.0433333
0 0.9675 0.140417 0.0366667 0.0391667
0 0.235 0.5925 0.0283333 0.03
0 0.782083 0.33125 0.0408333 0.0475
0 0.450417 0.32 0.0358333 0.04
0 0.914583 0.590833 0.0341667 0.0383333
0 0.441667 0.477083 0.0433333 0.0475
0 0.0295833 0.372917 0.0391667 0.0425
0 0.407917 0.276667 0.0408333 0.0433333
0 0.978333 0.23625 0.0316667 0.0341667
0 0.84375 0.378333 0.0308333 0.0333333
0 0.00958333 0.53625 0.0191667 0.0441667
0 0.822917 0.729167 0.0341667 0.0383333
0 0.989583 0.08375 0.0191667 0.0391667
0 0.607917 0.237083 0.0408333 0.0408333
0 0.505417 0.160417 0.0408333 0.0441667
0 0.74375 0.1625 0.0275 0.0316667
0 0.345 0.96375 0.0416667 0.0458333
0 0.0316667 0.952083 0.035 0.0391667
0 0.686667 0.493333 0.04 0.045
0 0.212083 0.480417 0.0325 0.0358333
0 0.772083 0.125417 0.0375 0.0425
0 0.726667 0.357083 0.0383333 0.0425
0 0.665417 0.39125 0.0375 0.0391667
0 0.285417 0.957917 0.0358333 0.0425
0 0.147083 0.38625 0.0391667 0.0441667
0 0.6425 0.310833 0.0383333 0.0416667
0 0.500417 0.80875 0.0425 0.0458333
0 0.156667 0.43625 0.0416667 0.0425
0 0.5825 0.1875 0.04 0.045
0 0.1225 0.765417 0.04 0.0475
0 0.945417 0.340833 0.0308333 0.03
0 0.149583 0.347917 0.0291667 0.0341667
0 0.379583 0.145 0.0375 0.04
0 0.89125 0.512083 0.0375 0.0458333
0 0.690833 0.0929167 0.0383333 0.0441667
0 0.0233333 0.475833 0.0433333 0.0433333
0 0.607083 0.0591667 0.0375 0.0416667
0 0.694583 0.1525 0.0375 0.0416667
0 0.6875 0.05125 0.0383333 0.0425
0 0.352917 0.847083 0.0441667 0.0425
0 0.720833 0.4125 0.04 0.0433333
0 0.249583 0.331667 0.0391667 0.0466667
0 0.84125 0.587917 0.0375 0.0391667
0 0.883333 0.376667 0.0416667 0.0466667
0 0.62875 0.665417 0.0375 0.0441667
0 0.499167 0.375833 0.04 0.0483333
0 0.9825 0.194167 0.035 0.0383333
0 0.0120833 0.890417 0.0241667 0.0441667
0 0.135 0.96 0.0366667 0.04
0 0.622917 0.131667 0.0391667 0.0433333
0 0.24875 0.85875 0.0408333 0.0425
0 0.705 0.562083 0.0366667 0.0425
0 0.916667 0.77125 0.0366667 0.0425
0 0.599167 0.42125 0.0366667 0.0425
0 0.840833 0.0625 0.035 0.0383333
0 0.434583 0.53875 0.0358333 0.0375
0 0.98875 0.0133333 0.0225 0.0266667
0 0.849583 0.292083 0.0391667 0.0425
0 0.325417 0.529167 0.0425 0.045
0 0.804167 0.17875 0.0383333 0.0425
0 0.0941667 0.875833 0.035 0.0383333
0 0.314583 0.23875 0.0375 0.0408333
0 0.853333 0.225417 0.0383333 0.0425
0 0.88375 0.267083 0.0408333 0.0425
0 0.116667 0.920833 0.035 0.0383333
0 0.297917 0.706667 0.0358333 0.0416667
0 0.155 0.555417 0.0383333 0.0408333
0 0.75625 0.725833 0.0375 0.04
0 0.30875 0.990833 0.0325 0.0183333
0 0.929583 0.650417 0.0358333 0.0391667
0 0.761667 0.6275 0.0383333 0.0416667
0 0.00916667 0.795417 0.0183333 0.0375
0 0.02 0.760833 0.035 0.0383333
0 0.489583 0.739167 0.0341667 0.0383333
0 0.908333 0.10625 0.0316667 0.0358333
0 0.607083 0.6325 0.0358333 0.0383333
0 0.33375 0.685833 0.0391667 0.0416667
0 0.2675 0.819167 0.035 0.0416667
0 0.5725 0.5 0.0383333 0.0416667
0 0.215 0.89 0.035 0.0433333
0 0.0258333 0.418333 0.0366667 0.0366667
0 0.910417 0.223333 0.0358333 0.04
0 0.737083 0.975417 0.0341667 0.0358333
0 0.352083 0.599583 0.0325 0.0358333
0 0.187083 0.90625 0.0308333 0.0358333
0 0.6275 0.583333 0.035 0.04
0 0.91375 0.352917 0.0375 0.0441667
0 0.9275 0.0383333 0.0366667 0.04
0 0.85375 0.155 0.0358333 0.04
0 0.341667 0.191667 0.0316667 0.035
0 0.254583 0.515417 0.0391667 0.0441667
0 0.529167 0.49 0.0366667 0.0383333
0 0.14 0.4875 0.0333333 0.0366667
0 0.670417 0.542083 0.0358333 0.0391667
0 0.98625 0.487917 0.0275 0.0341667
0 0.165417 0.6925 0.0325 0.035
0 0.987917 0.3575 0.0208333 0.0366667
0 0.75375 0.500417 0.0341667 0.0375
0 0.025 0.08125 0.03 0.0325
0 0.5875 0.539167 0.0366667 0.04
0 0.710417 0.615417 0.0358333 0.0375
0 0.445417 0.77125 0.0391667 0.0458333
0 0.554167 0.692917 0.0333333 0.0375
0 0.0558333 0.542083 0.035 0.0375
0 0.803333 0.857083 0.0316667 0.0341667
0 0.259167 0.457917 0.0366667 0.0408333
0 0.552083 0.30125 0.0325 0.0358333
0 0.91875 0.262917 0.0358333 0.0391667
0 0.66875 0.750417 0.0325 0.0358333
0 0.660833 0.453333 0.035 0.04
0 0.39 0.70375 0.0366667 0.0408333
0 0.0783333 0.767083 0.0366667 0.0391667
0 0.114167 0.597917 0.0383333 0.0408333
0 0.731667 0.913333 0.035 0.0383333
0 0.575 0.914583 0.0366667 0.0391667
0 0.302083 0.280833 0.0358333 0.0366667
0 0.78125 0.3775 0.0358333 0.0383333
0 0.0683333 0.0191667 0.0333333 0.035
0 0.335833 0.776667 0.035 0.0366667
0 0.957083 0.06125 0.0358333 0.0408333
0 0.268333 0.761667 0.0366667 0.0383333
0 0.388333 0.36875 0.0366667 0.0391667
0 0.285417 0.392917 0.0358333 0.0425
0 0.820417 0.27875 0.0341667 0.0391667
0 0.937917 0.296667 0.0375 0.0416667
0 0.965833 0.573333 0.03 0.0333333
0 0.37375 0.25 0.0358333 0.0383333
0 0.337917 0.329583 0.0358333 0.0391667
0 0.18125 0.78625 0.0341667 0.0375
0 0.340833 0.91375 0.035 0.0391667
0 0.41625 0.98125 0.0291667 0.0291667
0 0.0520833 0.0466667 0.0325 0.035
0 0.2575 0.6475 0.0366667 0.04
0 0.729583 0.840417 0.0325 0.0341667
0 0.814583 0.625833 0.0358333 0.0383333
0 0.9375 0.545 0.0366667 0.0383333
0 0.424583 0.862917 0.0358333 0.0391667
0 0.8925 0.4275 0.035 0.04
0 0.555 0.245 0.0333333 0.0366667
0 0.33875 0.421667 0.0391667 0.0416667
0 0.69 0.7025 0.0333333 0.0383333
0 0.200833 0.315 0.0333333 0.035
0 0.652083 0.887083 0.0291667 0.0325
0 0.15875 0.8375 0.0341667 0.0366667
0 0.767917 0.663333 0.0341667 0.0366667
0 0.5675 0.814583 0.035 0.0375
0 0.985833 0.594583 0.0283333 0.0375
0 0.70875 0.219583 0.0341667 0.0375
0 0.50375 0.265 0.0308333 0.035
0 0.559167 0.0558333 0.0333333 0.0366667
0 0.517917 0.919583 0.0325 0.0341667
0 0.165417 0.988333 0.0341667 0.0216667
0 0.478333 0.985 0.0316667 0.0283333
