0 0.630833 0.859583 0.0366667 0.0441667
0 0.0608333 0.959583 0.0366667 0.0441667
0 0.245 0.967083 0.0433333 0.0525
0 0.884583 0.457917 0.0441667 0.0558333
0 0.487083 0.98875 0.0325 0.0225
0 0.18875 0.00583333 0.0308333 0.0116667
0 0.723333 0.24625 0.0283333 0.0291667
0 0.262917 0.91 0.0425 0.0483333
0 0.9925 0.251667 0.015 0.035
0 0.991667 0.918333 0.0166667 0.0366667
0 0.01 0.347083 0.02 0.0375
0 0.934583 0.493333 0.0458333 0.05
0 0.990833 0.875417 0.0166667 0.0375
0 0.43 0.8775 0.0383333 0.045
0 0.1075 0.00708333 0.03 0.0141667
0 0.355833 0.78125 0.0366667 0.0425
0 0.90625 0.718333 0.0408333 0.0433333
0 0.00708333 0.0741667 0.0141667 0.0266667
0 0.105 0.448333 0.045 0.0466667
0 0.970417 0.660417 0.0408333 0.0458333
0 0.594167 0.69125 0.0416667 0.0425
0 0.807083 0.18375 0.0391667 0.0458333
0 0.69625 0.0916667 0.0475 0.0533333
0 0.478333 0.670417 0.0433333 0.0441667
0 0.96625 0.721667 0.0325 0.04
0 0.00791667 0.0125 0.0141667 0.025
0 0.142083 0.897083 0.0391667 0.0408333
0 0.164583 0.1475 0.0425 0.05
0 0.163333 0.0141667 0.0333333 0.0283333
0 0.992083 0.98375 0.0158333 0.0325
0 0.865 0.666667 0.0383333 0.0466667
0 0.403333 0.0420833 0.0416667 0.0475
0 0.8575 0.542917 0.0383333 0.0441667
0 0.3925 0.430833 0.0416667 0.0483333
0 0.75375 0.9925 0.0308333 0.015
0 0.10625 0.02875 0.0408333 0.0441667
0 0.0808333 0.24125 0.04 0.0425
0 0.52375 0.785417 0.0375 0.0425
0 0.23 0.00958333 0.0316667 0.0191667
0 0.0325 0.62875 0.0366667 0.0441667
0 0.464167 0.923333 0.0383333 0.0433333
0 0.3575 0.355 0.0316667 0.035
0 0.824583 0.748333 0.0358333 0.0416667
0 0.49875 0.0758333 0.0341667 0.035
0 0.60125 0.165417 0.0408333 0.0475
0 0.760833 0.9125 0.0416667 0.0466667
0 0.582083 0.936667 0.0375 0.0433333
0 0.0575 0.4775 0.0416667 0.05
0 0.82875 0.41 0.0358333 0.0416667
0 0.254583 0.170417 0.0325 0.0358333
0 0.313333 0.87875 0.0366667 0.0425
0 0.30125 0.3775 0.0308333 0.035
0 0.0970833 0.174167 0.0391667 0.0433333
0 0.0179167 0.142917 0.0358333 0.0458333
0 0.53875 0.146667 0.0425 0.0433333
0 0.68375 0.660833 0.0358333 0.0416667
0 0.610417 0.0575 0.0325 0.0366667
0 0.875417 0.425417 0.0341667 0.0358333
0 0.325 0.0658333 0.0383333 0.0416667
0 0.548333 0.83125 0.0366667 0.0375
0 0.805833 0.855 0.04 0.0416667
0 0.684167 0.57375 0.035 0.0375
0 0.100417 0.49875 0.0308333 0.0341667
0 0.274167 0.04375 0.04 0.0425
0 0.395833 0.125417 0.0383333 0.0408333
0 0.06625 0.376667 0.0358333 0.04
0 0.667917 0.9625 0.0341667 0.0383333
0 0.397083 0.339583 0.0291667 0.0308333
0 0.3025 0.750833 0.0283333 0.03
0 0.262917 0.25875 0.0408333 0.0425
0 0.65375 0.0195833 0.0375 0.0375
0 0.185417 0.22875 0.0325 0.0341667
0 0.292917 0.153333 0.0375 0.0433333
0 0.2475 0.407083 0.0383333 0.0425
0 0.885417 0.932917 0.0358333 0.0408333
0 0.19875 0.321667 0.0275 0.03
0 0.57625 0.99125 0.0275 0.0175
0 0.8275 0.803333 0.0383333 0.0416667
0 0.220417 0.368333 0.0325 0.0333333
0 0.34625 0.134167 0.0391667 0.0416667
0 0.989583 0.692917 0.0191667 0.0375
0 0.850833 0.700417 0.0383333 0.0408333
0 0.275 0.08875 0.0383333 0.0425
0 0.4075 0.160833 0.035 0.0383333
0 0.681667 0.533333 0.0316667 0.035
0 0.485 0.309583 0.04 0.0408333
0 0.289583 0.354583 0.0358333 0.0391667
0 0.672917 0.7925 0.0358333 0.0383333
0 0.429167 0.72625 0.025 0.0275
0 0.43625 0.0133333 0.0358333 0.0266667
0 0.730833 0.960417 0.0366667 0.0391667
0 0.179583 0.2 0.0358333 0.0383333
0 0.148333 0.0525 0.0416667 0.0416667
0 0.9875 0.55375 0.025 0.0391667
0 0.978333 0.77375 0.0366667 0.0408333
0 0.938333 0.86125 0.0366667 0.0425
0 0.310417 0.189167 0.0375 0.0433333
0 0.355 0.876667 0.0333333 0.035
0 0.219167 0.88375 0.035 0.0375
0 0.288333 0.828333 0.0366667 0.04
0 0.787083 0.9725 0.0325 0.0366667
0 0.14125 0.51125 0.0358333 0.0375
0 0.17 0.56375 0.0333333 0.0358333
0 0.987083 0.427083 0.0258333 0.0375
0 0.04375 0.427917 0.0308333 0.0358333
0 0.774583 0.661667 0.0358333 0.0383333
0 0.435417 0.768333 0.0325 0.0333333
0 0.962917 0.593333 0.0341667 0.0383333
0 0.985 0.369583 0.03 0.0375
0 0.63125 0.617917 0.0325 0.0358333
0 0.3725 0.84125 0.04 0.0425
0 0.54625 0.62125 0.0325 0.0358333
0 0.170417 0.255 0.0358333 0.0383333
0 0.314167 0.435833 0.035 0.0383333
0 0.893333 0.987917 0.0366667 0.0241667
0 0.42 0.98 0.0316667 0.035
0 0.232083 0.46875 0.0358333 0.0408333
0 0.9175 0.78625 0.035 0.0391667
0 0.937917 0.96125 0.0291667 0.0325
0 0.720833 0.723333 0.035 0.04
0 0.844583 0.0525 0.0308333 0.0333333
0 0.176667 0.490417 0.0333333 0.0375
0 0.55 0.929167 0.0316667 0.035
0 0.719583 0.815417 0.0375 0.0391667
0 0.539167 0.04375 0.0333333 0.0358333
0 0.98 0.949167 0.03 0.0333333
0 0.0220833 0.224583 0.0375 0.0375
0 0.5675 0.230833 0.0366667 0.0366667
0 0.545417 0.747917 0.0358333 0.0408333
0 0.217083 0.127083 0.0358333 0.0408333
0 0.420417 0.22 0.0341667 0.035
0 0.166667 0.34875 0.035 0.0375
0 0.197917 0.0770833 0.0341667 0.0341667
0 0.81 0.69625 0.0366667 0.0391667
0 0.740417 0.646667 0.0341667 0.0366667
0 0.901667 0.82375 0.035 0.0375
0 0.35125 0.98875 0.0341667 0.0225
0 0.200833 0.41625 0.0333333 0.0341667
0 0.311667 0.98125 0.035 0.0358333
0 0.122917 0.120833 0.0325 0.0366667
0 0.792083 0.794583 0.0358333 0.0391667
0 0.260417 0.320417 0.0341667 0.0358333
0 0.04375 0.0920833 0.0358333 0.0375
0 0.139167 0.406667 0.035 0.0366667
0 0.753333 0.0295833 0.0316667 0.0341667
0 0.942083 0.461667 0.0325 0.0333333
0 0.850417 0.9625 0.0341667 0.0366667
0 0.23 0.06375 0.0316667 0.0341667
0 0.732083 0.860833 0.0358333 0.0366667
0 0.255833 0.209583 0.035 0.0375
0 0.375 0.243333 0.035 0.0366667
0 0.425 0.832917 0.0333333 0.0375
0 0.679167 0.723333 0.0333333 0.035
0 0.49375 0.160833 0.0341667 0.0383333
0 0.785833 0.09125 0.035 0.0391667
