0 0.51 0.0179167 0.0416667 0.0358333
0 0.40375 0.53375 0.0391667 0.0508333
0 0.489583 0.105417 0.0258333 0.0258333
0 0.993333 0.235 0.0133333 0.0316667
0 0.684583 0.226667 0.0325 0.0366667
0 0.715 0.108333 0.0333333 0.035
0 0.680417 0.0733333 0.0391667 0.0433333
0 0.0558333 0.790417 0.04 0.0425
0 0.0729167 0.9925 0.0308333 0.0133333
0 0.113333 0.785833 0.035 0.0416667
0 0.68125 0.0308333 0.0408333 0.0483333
0 0.147917 0.58625 0.0475 0.0475
0 0.09875 0.544167 0.0441667 0.055
0 0.510417 0.77125 0.0408333 0.0525
0 0.901667 0.0420833 0.0416667 0.0491667
0 0.175 0.994167 0.0266667 0.0116667
0 0.0529167 0.490417 0.0458333 0.0475
0 0.559167 0.5075 0.04 0.0466667
0 0.62375 0.552083 0.0341667 0.0358333
0 0.437083 0.49875 0.0425 0.0425
0 0.845833 0.0258333 0.04 0.045
0 0.00916667 0.924167 0.0183333 0.035
0 0.3375 0.770833 0.035 0.04
0 0.785 0.40375 0.04 0.0475
0 0.120833 0.62375 0.0416667 0.0458333
0 0.0220833 0.529583 0.0358333 0.0425
0 0.389583 0.9625 0.0408333 0.045
0 0.66625 0.407917 0.0391667 0.0458333
0 0.815417 0.145417 0.0391667 0.0458333
0 0.680833 0.83875 0.0416667 0.0475
0 0.707917 0.275833 0.0375 0.0416667
0 0.779583 0.799167 0.0358333 0.04
0 0.537917 0.410417 0.0408333 0.0441667
0 0.663333 0.899583 0.04 0.0458333
0 0.6825 0.305 0.03 0.0316667
0 0.819167 0.79125 0.0366667 0.0391667
0 0.127917 0.912083 0.0408333 0.0441667
0 0.55375 0.0595833 0.0425 0.0475
0 0.618333 0.6675 0.0433333 0.0433333
0 0.338333 0.31375 0.0366667 0.0425
0 0.279583 0.5525 0.0391667 0.0416667
0 0.787083 0.59875 0.0391667 0.0458333
0 0.38125 0.457083 0.0391667 0.0441667
0 0.926667 0.272083 0.0383333 0.0508333
0 0.469583 0.185 0.0391667 0.045
0 0.73 0.674167 0.0433333 0.05
0 0.562083 0.892917 0.0358333 0.0391667
0 0.6075 0.355833 0.03 0.0333333
0 0.47625 0.91 0.0408333 0.0433333
0 0.28875 0.78375 0.0441667 0.0458333
0 0.780833 0.645833 0.04 0.045
0 0.13 0.83625 0.035 0.0391667
0 0.0533333 0.6 0.0333333 0.0366667
0 0.17125 0.481667 0.0408333 0.0416667
0 0.144167 0.25875 0.0366667 0.0391667
0 0.2075 0.61625 0.0333333 0.0358333
0 0.319167 0.162083 0.0366667 0.0408333
0 0.457083 0.0295833 0.0375 0.0425
0 0.114167 0.575 0.0316667 0.0366667
0 0.880833 0.213333 0.0333333 0.035
0 0.181667 0.901667 0.0366667 0.04
0 0.62375 0.22625 0.0408333 0.0458333
0 0.524583 0.195417 0.0275 0.0291667
0 0.61375 0.08125 0.0325 0.0358333
0 0.769167 0.69625 0.0383333 0.0391667
0 0.745833 0.5375 0.0366667 0.0416667
0 0.270417 0.71125 0.0375 0.0408333
0 0.268333 0.16 0.0366667 0.0366667
0 0.535833 0.113333 0.035 0.04
0 0.410833 0.872917 0.04 0.0441667
0 0.7675 0.0170833 0.0383333 0.0341667
0 0.967083 0.08 0.0391667 0.0433333
0 0.620833 0.280833 0.0383333 0.0433333
0 0.200417 0.75125 0.0375 0.0391667
0 0.392917 0.260833 0.0375 0.04
0 0.261667 0.904167 0.035 0.0383333
0 0.585 0.41125 0.04 0.0425
0 0.273333 0.450417 0.0366667 0.0408333
0 0.465 0.609167 0.0366667 0.04
0 0.224167 0.6475 0.0316667 0.0366667
0 0.257917 0.101667 0.0341667 0.0383333
0 0.01 0.694583 0.02 0.0375
0 0.174167 0.776667 0.0383333 0.04
0 0.20875 0.455833 0.0408333 0.0433333
0 0.137083 0.676667 0.0358333 0.0416667
0 0.608333 0.967917 0.03 0.0341667
0 0.657917 0.606667 0.0325 0.035
0 0.0920833 0.855833 0.0358333 0.04
0 0.582083 0.7575 0.0358333 0.04
0 0.21125 0.564583 0.0358333 0.0358333
0 0.39875 0.156667 0.0291667 0.0316667
0 0.620417 0.185 0.0375 0.0416667
0 0.986667 0.0254167 0.0233333 0.0325
0 0.951667 0.485417 0.04 0.0408333
0 0.741667 0.477917 0.035 0.0391667
0 0.20875 0.812917 0.0375 0.0425
0 0.512917 0.724583 0.0341667 0.0375
0 0.665 0.54875 0.035 0.0408333
0 0.0891667 0.335417 0.0366667 0.0408333
0 0.0125 0.469167 0.025 0.0416667
0 0.634167 0.782917 0.035 0.0391667
0 0.397083 0.8125 0.0325 0.0333333
0 0.746667 0.883333 0.0383333 0.04
0 0.310417 0.26875 0.0325 0.0358333
0 0.352917 0.397083 0.0341667 0.0358333
0 0.577917 0.290417 0.0325 0.0375
0 0.36625 0.6125 0.0358333 0.04
0 0.639167 0.82125 0.0366667 0.0375
0 0.04125 0.851667 0.0358333 0.0366667
0 0.380417 0.909583 0.0358333 0.0375
0 0.755833 0.114583 0.0366667 0.0425
0 0.75125 0.315417 0.0375 0.0391667
0 0.821667 0.56125 0.0366667 0.0391667
0 0.8675 0.170417 0.035 0.0375
0 0.0208333 0.885417 0.0316667 0.0341667
0 0.914167 0.389583 0.035 0.0375
0 0.917917 0.620417 0.0375 0.0391667
0 0.98875 0.64375 0.0208333 0.0408333
0 0.482917 0.823333 0.0341667 0.0366667
0 0.34 0.985833 0.03 0.0266667
0 0.956667 0.541667 0.0333333 0.0366667
0 0.49375 0.291667 0.0341667 0.0366667
0 0.824167 0.48625 0.0366667 0.0391667
0 0.794583 0.257917 0.0358333 0.0408333
0 0.675417 0.705833 0.0375 0.04
0 0.96125 0.3975 0.0341667 0.0383333
0 0.399583 0.759167 0.0308333 0.0333333
0 0.73625 0.60625 0.0325 0.0358333
0 0.31375 0.855833 0.0375 0.04
0 0.274583 0.381667 0.0325 0.0333333
0 0.2 0.975 0.0316667 0.035
0 0.682083 0.632917 0.0375 0.0391667
0 0.1225 0.74375 0.035 0.0375
0 0.839167 0.680833 0.0366667 0.0416667
0 0.317083 0.915833 0.0341667 0.0366667
0 0.06375 0.700417 0.0308333 0.0358333
0 0.72625 0.631667 0.0308333 0.0333333
0 0.792917 0.831667 0.0325 0.035
0 0.933333 0.584167 0.04 0.04
0 0.502917 0.540833 0.0341667 0.0366667
0 0.410417 0.355 0.0291667 0.0316667
0 0.9275 0.110833 0.0383333 0.0416667
0 0.09 0.675417 0.03 0.0325
0 0.470417 0.562083 0.0325 0.0358333
0 0.967083 0.209167 0.0341667 0.0366667
0 0.96625 0.7125 0.0325 0.035
0 0.902917 0.514167 0.0325 0.0366667
0 0.215 0.378333 0.0316667 0.0366667
0 0.165417 0.532917 0.0358333 0.0358333
0 0.64875 0.347917 0.0375 0.0408333
0 0.87875 0.447917 0.0358333 0.0391667
0 0.4875 0.87375 0.03 0.0325
0 0.81875 0.374167 0.0341667 0.04
0 0.22 0.921667 0.035 0.0366667
0 0.0429167 0.729167 0.0308333 0.0333333
0 0.2125 0.263333 0.0333333 0.035
0 0.561667 0.177917 0.035 0.0375
0 0.30875 0.40625 0.0341667 0.0358333
0 0.0225 0.325 0.035 0.0383333
0 0.7025 0.867917 0.035 0.0375
0 0.8725 0.0879167 0.0316667 0.0325
0 0.847917 0.36375 0.0341667 0.0391667
0 0.529167 0.32625 0.035 0.0375
0 0.705833 0.495417 0.0333333 0.0358333
0 0.332917 0.495 0.0341667 0.035
0 0.442917 0.142917 0.0358333 0.0391667
0 0.149167 0.40125 0.0333333 0.0375
0 0.925417 0.2 0.0325 0.0366667
0 0.975833 0.169167 0.03 0.0333333
0 0.536667 0.835833 0.0333333 0.0366667
0 0.481667 0.429583 0.0333333 0.0375
0 0.8775 0.414583 0.0366667 0.0391667
