0 0.0825 0.987083 0.0266667 0.0241667
0 0.894583 0.765 0.0325 0.035
0 0.299583 0.77875 0.0341667 0.0375
0 0.27625 0.405 0.0441667 0.0466667
0 0.73125 0.837083 0.0341667 0.0358333
0 0.0558333 0.4925 0.045 0.0483333
0 0.235 0.814583 0.0383333 0.0408333
0 0.528333 0.752917 0.0333333 0.0341667
0 0.147083 0.218333 0.0391667 0.045
0 0.79125 0.602083 0.0375 0.0391667
0 0.656667 0.104167 0.0416667 0.0433333
0 0.992917 0.290833 0.0125 0.0333333
0 0.620417 0.0516667 0.0458333 0.045
0 0.968333 0.31125 0.0316667 0.0341667
0 0.533333 0.28 0.0316667 0.04
0 0.0075 0.610833 0.015 0.0333333
0 0.158333 0.54625 0.04 0.0408333
0 0.288333 0.279583 0.0416667 0.0458333
0 0.626667 0.647083 0.03 0.0325
0 0.497083 0.962083 0.0325 0.0358333
0 0.514167 0.16625 0.0433333 0.0508333
0 0.33125 0.9375 0.0408333 0.045
0 0.34125 0.0183333 0.0358333 0.0366667
0 0.905833 0.492917 0.0433333 0.0441667
0 0.397083 0.894167 0.0325 0.0333333
0 0.29 0.904167 0.0433333 0.045
0 0.189583 0.844167 0.0358333 0.0383333
0 0.45125 0.430833 0.0358333 0.0383333
0 0.589167 0.08875 0.0366667 0.0425
0 0.867083 0.549167 0.0325 0.035
0 0.504167 0.0291667 0.0416667 0.0466667
0 0.844167 0.601667 0.0333333 0.035
0 0.275417 0.946667 0.0375 0.0416667
0 0.407083 0.35625 0.0391667 0.0441667
0 0.343333 0.856667 0.04 0.0433333
0 0.21125 0.27375 0.0341667 0.0375
0 0.804583 0.534583 0.0341667 0.0408333
0 0.0920833 0.0116667 0.0358333 0.0216667
0 0.569167 0.2575 0.035 0.0366667
0 0.220417 0.49 0.0391667 0.0416667
0 0.408333 0.218333 0.03 0.03
0 0.98125 0.9325 0.0308333 0.0316667
0 0.3625 0.252917 0.0366667 0.0391667
0 0.980417 0.635833 0.0375 0.04
0 0.345 0.0791667 0.0416667 0.0433333
0 0.686667 0.085 0.0383333 0.0433333
0 0.566667 0.0133333 0.0333333 0.0266667
0 0.93375 0.8525 0.0375 0.0416667
0 0.907917 0.582917 0.0341667 0.0391667
0 0.249167 0.321667 0.0416667 0.0483333
0 0.651667 0.957917 0.035 0.0375
0 0.266667 0.579167 0.035 0.0366667
0 0.937917 0.744583 0.0391667 0.0441667
0 0.415 0.760417 0.035 0.0408333
0 0.79125 0.00916667 0.0291667 0.0183333
0 0.492083 0.909167 0.0375 0.0416667
0 0.142083 0.90625 0.0358333 0.0375
0 0.896667 0.69125 0.0383333 0.0408333
0 0.767917 0.756667 0.0341667 0.0366667
0 0.648333 0.725833 0.0416667 0.0466667
0 0.21375 0.983333 0.0375 0.0333333
0 0.37625 0.146667 0.0375 0.0416667
0 0.00875 0.642917 0.0175 0.0341667
0 0.0983333 0.367083 0.0366667 0.0425
0 0.962917 0.0191667 0.0291667 0.03
0 0.435 0.987083 0.035 0.0258333
0 0.712917 0.639167 0.0375 0.0416667
0 0.226667 0.450417 0.035 0.0358333
0 0.35625 0.198333 0.0375 0.04
0 0.655417 0.66875 0.0358333 0.0375
0 0.918333 0.0329167 0.035 0.0391667
0 0.497917 0.695417 0.0375 0.0408333
0 0.162917 0.0854167 0.0358333 0.0408333
0 0.988333 0.3625 0.0216667 0.0383333
0 0.870417 0.43 0.0341667 0.04
0 0.4225 0.320417 0.0283333 0.0308333
0 0.256667 0.0191667 0.0366667 0.0383333
0 0.755 0.877083 0.035 0.0391667
0 0.787917 0.6925 0.0358333 0.04
0 0.198333 0.04 0.0333333 0.0383333
0 0.886667 0.93125 0.0366667 0.0408333
0 0.47 0.845833 0.04 0.0433333
0 0.58375 0.750417 0.0391667 0.0425
0 0.04875 0.288333 0.0375 0.0433333
0 0.365833 0.481667 0.0366667 0.0416667
0 0.27625 0.0729167 0.0341667 0.0341667
0 0.244167 0.124167 0.0366667 0.04
0 0.0708333 0.562083 0.03 0.0308333
0 0.747917 0.6225 0.0341667 0.0366667
0 0.3725 0.877083 0.035 0.0375
0 0.924583 0.3625 0.0341667 0.035
0 0.310833 0.0366667 0.0366667 0.0416667
0 0.392917 0.0316667 0.0375 0.0433333
0 0.506667 0.10375 0.035 0.0375
0 0.4325 0.810417 0.0366667 0.0391667
0 0.198333 0.218333 0.04 0.045
0 0.162917 0.340833 0.0358333 0.0383333
0 0.837917 0.953333 0.0358333 0.0383333
0 0.4675 0.34375 0.035 0.0408333
0 0.687083 0.0341667 0.0341667 0.0383333
0 0.876667 0.839583 0.035 0.0408333
0 0.532083 0.0695833 0.0325 0.0325
0 0.585833 0.820833 0.0366667 0.0383333
0 0.291667 0.114167 0.0333333 0.035
0 0.421667 0.182083 0.035 0.0375
0 0.1725 0.160417 0.035 0.0375
0 0.0945833 0.1175 0.0341667 0.0383333
0 0.162083 0.1275 0.0358333 0.04
0 0.635 0.146667 0.0366667 0.04
0 0.589583 0.887083 0.0291667 0.0291667
0 0.433333 0.92625 0.0333333 0.0358333
0 0.72 0.72125 0.035 0.0375
0 0.835417 0.775417 0.0358333 0.0391667
0 0.23 0.160833 0.0333333 0.035
0 0.339583 0.312083 0.0358333 0.0391667
0 0.9875 0.835833 0.0233333 0.0333333
0 0.489583 0.79375 0.0325 0.0358333
0 0.9675 0.571667 0.0283333 0.0316667
0 0.443333 0.0983333 0.035 0.0366667
0 0.568333 0.935833 0.035 0.0383333
0 0.904167 0.652917 0.0283333 0.0291667
0 0.0808333 0.215417 0.035 0.0375
0 0.686667 0.836667 0.035 0.0366667
0 0.9825 0.445 0.0283333 0.03
0 0.855 0.0904167 0.03 0.0308333
0 0.214167 0.928333 0.0333333 0.035
0 0.600833 0.1575 0.0366667 0.04
0 0.695833 0.597083 0.03 0.0341667
0 0.67625 0.167917 0.0341667 0.0358333
0 0.03 0.159583 0.03 0.0341667
0 0.619167 0.589583 0.03 0.0341667
0 0.961667 0.97875 0.03 0.0341667
0 0.0454167 0.395417 0.0325 0.0341667
0 0.296667 0.224583 0.0333333 0.0375
0 0.944583 0.45375 0.0375 0.0408333
0 0.30875 0.179583 0.0341667 0.0375
0 0.1225 0.0591667 0.0366667 0.0383333
0 0.0358333 0.599583 0.035 0.0375
