0 0.87 0.455833 0.0266667 0.0333333
0 0.43375 0.172917 0.0291667 0.0308333
0 0.9925 0.727917 0.0133333 0.0291667
0 0.554167 0.517917 0.03 0.0341667
0 0.190833 0.775 0.0316667 0.0333333
0 0.517083 0.345417 0.0425 0.0475
0 0.41875 0.246667 0.0341667 0.04
0 0.557083 0.675833 0.0441667 0.05
0 0.1725 0.227083 0.045 0.0458333
0 0.312917 0.242083 0.0458333 0.0541667
0 0.305833 0.62125 0.04 0.0441667
0 0.113333 0.9925 0.0316667 0.015
0 0.59125 0.93 0.0458333 0.0483333
0 0.990833 0.524167 0.0183333 0.035
0 0.18875 0.27375 0.0258333 0.0275
0 0.792917 0.612917 0.0291667 0.0308333
0 0.899167 0.25875 0.0333333 0.0375
0 0.935 0.195833 0.0316667 0.0366667
0 0.262917 0.4875 0.0325 0.0366667
0 0.0425 0.83 0.045 0.05
0 0.841667 0.2925 0.0333333 0.0366667
0 0.302083 0.79375 0.0358333 0.0391667
0 0.471667 0.602083 0.0366667 0.0425
0 0.674167 0.14125 0.0366667 0.0375
0 0.46 0.191667 0.0316667 0.0333333
0 0.8875 0.544167 0.0366667 0.04
0 0.763333 0.675417 0.0366667 0.0408333
0 0.48 0.75 0.0366667 0.0383333
0 0.72 0.355833 0.035 0.0366667
0 0.298333 0.429583 0.0383333 0.0458333
0 0.74625 0.639583 0.0375 0.0441667
0 0.725 0.685833 0.03 0.0316667
0 0.0075 0.364583 0.015 0.0325
0 0.895417 0.0666667 0.0391667 0.0416667
0 0.687083 0.237083 0.0291667 0.0308333
0 0.98875 0.327083 0.0225 0.0358333
0 0.43625 0.130833 0.0375 0.0416667
0 0.8925 0.395417 0.0366667 0.0391667
0 0.345 0.899167 0.0383333 0.0416667
0 0.424583 0.935833 0.0291667 0.0316667
0 0.162083 0.57625 0.0275 0.0291667
0 0.762083 0.205 0.0341667 0.0366667
0 0.45125 0.869167 0.0358333 0.04
0 0.775833 0.305417 0.0333333 0.0358333
0 0.2425 0.220833 0.0383333 0.0433333
0 0.1625 0.633333 0.0383333 0.0433333
0 0.400833 0.791667 0.0366667 0.0416667
0 0.9725 0.210833 0.0366667 0.04
0 0.512083 0.555 0.0358333 0.04
0 0.849583 0.02875 0.0358333 0.0408333
0 0.98125 0.17125 0.0308333 0.0341667
0 0.234583 0.730417 0.0391667 0.0441667
0 0.141667 0.836667 0.0383333 0.0416667
0 0.408333 0.872083 0.0383333 0.0408333
0 0.972083 0.0795833 0.0375 0.0425
0 0.164583 0.550833 0.0375 0.04
0 0.668333 0.434167 0.035 0.0383333
0 0.29 0.184583 0.035 0.0375
0 0.628333 0.447083 0.0366667 0.0408333
0 0.53125 0.0133333 0.0341667 0.025
0 0.775833 0.11125 0.0366667 0.0391667
0 0.640833 0.0454167 0.035 0.0358333
0 0.796667 0.0466667 0.03 0.0316667
0 0.0804167 0.724167 0.0391667 0.04
0 0.734583 0.2075 0.0325 0.0366667
0 0.855417 0.119167 0.0375 0.04
0 0.045 0.63375 0.04 0.0441667
0 0.469167 0.0545833 0.0333333 0.0358333
0 0.0395833 0.88125 0.0358333 0.0375
0 0.270833 0.887917 0.0383333 0.0425
0 0.603333 0.540417 0.0366667 0.0391667
0 0.84 0.15625 0.035 0.0375
0 0.620833 0.2125 0.03 0.0316667
0 0.46875 0.167917 0.0341667 0.0358333
0 0.697083 0.29625 0.0325 0.0358333
0 0.776667 0.24625 0.035 0.0358333
0 0.225417 0.531667 0.0341667 0.0366667
0 0.579583 0.439583 0.0358333 0.0391667
0 0.01375 0.285833 0.0275 0.0433333
0 0.445417 0.675 0.0325 0.035
0 0.537917 0.0541667 0.0291667 0.0316667
0 0.41 0.608333 0.0366667 0.04
0 0.533333 0.78625 0.0333333 0.0375
0 0.63875 0.347083 0.0358333 0.0391667
0 0.58875 0.11375 0.0358333 0.0408333
0 0.2025 0.821667 0.0366667 0.04
0 0.9625 0.497917 0.0266667 0.0291667
0 0.355417 0.69375 0.0341667 0.0375
0 0.674167 0.0941667 0.0366667 0.0416667
0 0.0129167 0.529167 0.0258333 0.04
0 0.82125 0.441667 0.0358333 0.04
0 0.241667 0.415833 0.0366667 0.0383333
0 0.257917 0.7925 0.0341667 0.0366667
0 0.235 0.598333 0.0366667 0.04
0 0.398333 0.19125 0.035 0.0358333
0 0.38875 0.725 0.0341667 0.0366667
0 0.345 0.570417 0.035 0.0375
0 0.154583 0.291667 0.0375 0.04
0 0.619583 0.575417 0.0325 0.0341667
0 0.772917 0.03625 0.0325 0.0358333
0 0.46375 0.949583 0.0325 0.0341667
0 0.198333 0.45375 0.0333333 0.0375
0 0.0883333 0.795833 0.0366667 0.04
0 0.360833 0.015 0.0316667 0.03
0 0.0170833 0.492917 0.0341667 0.0375
0 0.0266667 0.449583 0.035 0.0375
0 0.292917 0.0908333 0.0341667 0.0366667
0 0.878333 0.976667 0.035 0.0383333
0 0.115833 0.875833 0.035 0.0383333
0 0.94875 0.46125 0.0341667 0.0358333
0 0.13125 0.452083 0.0375 0.0391667
0 0.830833 0.245 0.035 0.0383333
0 0.11125 0.271667 0.0358333 0.0416667
0 0.51375 0.180417 0.0325 0.0341667
0 0.56 0.959167 0.035 0.0366667
0 0.83375 0.196667 0.0308333 0.0333333
0 0.13 0.489583 0.0333333 0.0341667
0 0.98375 0.356667 0.0308333 0.0366667
0 0.919167 0.1725 0.0333333 0.0366667
0 0.08875 0.938333 0.0375 0.0383333
0 0.54 0.11 0.0316667 0.035
0 0.324583 0.494167 0.0358333 0.04
0 0.89 0.355 0.0333333 0.0366667
0 0.142083 0.605833 0.0341667 0.0366667
0 0.735 0.100833 0.03 0.0316667
0 0.5125 0.955833 0.0333333 0.035
0 0.800417 0.361667 0.0291667 0.0316667
0 0.835 0.374583 0.0333333 0.0358333
0 0.630417 0.780833 0.0308333 0.0316667
0 0.97625 0.926667 0.0325 0.0366667
0 0.828333 0.541667 0.0333333 0.035
0 0.803333 0.508333 0.035 0.0366667
0 0.581667 0.01125 0.0333333 0.0208333
0 0.188333 0.663333 0.035 0.0383333
0 0.41625 0.0816667 0.0341667 0.0383333
0 0.766667 0.4675 0.0366667 0.0416667
0 0.0741667 0.518333 0.0316667 0.035
0 0.480417 0.860417 0.0358333 0.0391667
0 0.89875 0.484583 0.0341667 0.0375
0 0.324167 0.283333 0.0316667 0.0333333
0 0.103333 0.3875 0.0366667 0.04
0 0.06 0.59125 0.035 0.0375
0 0.10125 0.680417 0.0358333 0.0408333
0 0.665417 0.796667 0.0341667 0.0366667
0 0.730833 0.465417 0.0366667 0.0408333
0 0.26875 0.97625 0.0308333 0.0341667
0 0.160417 0.954583 0.0291667 0.0308333
0 0.291667 0.148333 0.035 0.0383333
0 0.876667 0.210833 0.0333333 0.0366667
0 0.0495833 0.36125 0.0325 0.0358333
0 0.06 0.98 0.0316667 0.0333333
0 0.783333 0.700417 0.0333333 0.0341667
0 0.9625 0.401667 0.0316667 0.035
0 0.21625 0.987083 0.0325 0.0258333
0 0.917917 0.298333 0.0358333 0.0383333
0 0.359167 0.106667 0.035 0.0366667
0 0.440417 0.0333333 0.0341667 0.0366667
0 0.195 0.354167 0.0333333 0.0366667
