0 0.52875 0.833333 0.0241667 0.025
0 0.988333 0.525417 0.0233333 0.0408333
0 0.31875 0.325417 0.0475 0.0475
0 0.993333 0.205417 0.0133333 0.0308333
0 0.14625 0.2975 0.0325 0.035
0 0.3675 0.15625 0.0316667 0.0358333
0 0.778333 0.5275 0.0416667 0.0516667
0 0.0608333 0.244167 0.0266667 0.0283333
0 0.966667 0.233333 0.04 0.05
0 0.0395833 0.865 0.0441667 0.05
0 0.5925 0.978333 0.0383333 0.04
0 0.96375 0.49125 0.0375 0.0408333
0 0.531667 0.476667 0.0383333 0.0433333
0 0.67 0.09375 0.045 0.0508333
0 0.814583 0.326667 0.0308333 0.035
0 0.0533333 0.4425 0.03 0.035
0 0.547083 0.746667 0.0341667 0.0366667
0 0.128333 0.25375 0.03 0.0341667
0 0.34875 0.12625 0.0358333 0.0391667
0 0.70125 0.75875 0.0458333 0.0491667
0 0.455833 0.239167 0.035 0.035
0 0.0925 0.900833 0.0433333 0.0483333
0 0.252083 0.0545833 0.0408333 0.0491667
0 0.20875 0.870833 0.0441667 0.0483333
0 0.970833 0.865833 0.0333333 0.0366667
0 0.562917 0.911667 0.0341667 0.0366667
0 0.222917 0.155 0.0291667 0.0316667
0 0.730833 0.864583 0.04 0.0491667
0 0.00958333 0.32125 0.0191667 0.0358333
0 0.1825 0.506667 0.04 0.045
0 0.935417 0.2525 0.0308333 0.0316667
0 0.497917 0.975 0.0425 0.0466667
0 0.488333 0.578333 0.04 0.045
0 0.140417 0.00958333 0.0375 0.0191667
0 0.256667 0.34625 0.0366667 0.0408333
0 0.857083 0.489167 0.0325 0.0333333
0 0.552917 0.99 0.0375 0.02
0 0.604167 0.94625 0.0316667 0.0375
0 0.0954167 0.31 0.0358333 0.0416667
0 0.749583 0.711667 0.0358333 0.0416667
0 0.212917 0.26875 0.0341667 0.0375
0 0.619583 0.01875 0.0375 0.0375
0 0.0529167 0.210833 0.0408333 0.05
0 0.602917 0.76875 0.0425 0.0508333
0 0.295833 0.822083 0.0366667 0.0408333
0 0.92875 0.812917 0.0375 0.0441667
0 0.76125 0.2925 0.0341667 0.0366667
0 0.906667 0.394167 0.0383333 0.0466667
0 0.58 0.01 0.0366667 0.02
0 0.1925 0.744167 0.0383333 0.045
0 0.98125 0.149583 0.0375 0.0458333
0 0.989167 0.675417 0.0216667 0.0425
0 0.945 0.362083 0.0383333 0.0408333
0 0.38875 0.0679167 0.0341667 0.0341667
0 0.636667 0.909167 0.035 0.0366667
0 0.84125 0.604167 0.0325 0.0366667
0 0.0620833 0.549167 0.0358333 0.0416667
0 0.363333 0.264167 0.0333333 0.0366667
0 0.454583 0.714583 0.0325 0.0358333
0 0.473333 0.0875 0.0416667 0.045
0 0.195417 0.1275 0.0358333 0.0383333
0 0.654583 0.71 0.0391667 0.0433333
0 0.180833 0.78 0.04 0.0433333
0 0.445833 0.91625 0.0283333 0.0308333
0 0.495417 0.811667 0.0308333 0.0333333
0 0.175417 0.91125 0.0308333 0.0341667
0 0.259167 0.90125 0.04 0.0458333
0 0.285 0.948333 0.0383333 0.045
0 0.811667 0.8825 0.04 0.0416667
0 0.702917 0.639583 0.0341667 0.0375
0 0.637083 0.108333 0.0325 0.035
0 0.519583 0.76875 0.0375 0.0408333
0 0.1175 0.809583 0.04 0.0408333
0 0.0141667 0.525 0.0283333 0.0383333
0 0.530417 0.1 0.0391667 0.0416667
0 0.677083 0.93375 0.0358333 0.0375
0 0.784167 0.359583 0.0383333 0.0408333
0 0.09875 0.01125 0.0341667 0.0208333
0 0.242083 0.77875 0.0341667 0.0358333
0 0.764583 0.65875 0.0358333 0.0408333
0 0.965 0.700417 0.0383333 0.0408333
0 0.199167 0.4475 0.0366667 0.04
0 0.0141667 0.451667 0.0283333 0.0316667
0 0.0104167 0.015 0.0191667 0.03
0 0.609583 0.59625 0.0325 0.0358333
0 0.708333 0.42125 0.0333333 0.0358333
0 0.17625 0.19875 0.0375 0.0391667
0 0.0991667 0.273333 0.0316667 0.035
0 0.700833 0.98375 0.03 0.0291667
0 0.517083 0.650417 0.0325 0.0358333
0 0.395 0.790833 0.0316667 0.0366667
0 0.97 0.578333 0.0333333 0.0366667
0 0.315417 0.0383333 0.0308333 0.0333333
0 0.5825 0.0875 0.0366667 0.04
0 0.0104167 0.258333 0.0208333 0.04
0 0.138333 0.1 0.0366667 0.0416667
0 0.87125 0.282083 0.0325 0.0358333
0 0.01625 0.126667 0.0325 0.035
0 0.27625 0.114167 0.0341667 0.0383333
0 0.769167 0.48375 0.03 0.0325
0 0.420833 0.137917 0.0366667 0.0425
0 0.768333 0.9775 0.0316667 0.0316667
0 0.818333 0.6425 0.0366667 0.04
0 0.703333 0.0125 0.0366667 0.025
0 0.753333 0.940833 0.0366667 0.035
0 0.625 0.478333 0.035 0.0366667
0 0.899167 0.260833 0.0316667 0.035
0 0.7075 0.460833 0.0383333 0.04
0 0.205417 0.980417 0.0358333 0.0375
0 0.865 0.35875 0.0383333 0.0408333
0 0.985 0.330417 0.0266667 0.0291667
0 0.129167 0.9875 0.0316667 0.0233333
0 0.79625 0.775 0.0375 0.04
0 0.25625 0.287917 0.0341667 0.0375
0 0.675 0.5725 0.0366667 0.0383333
0 0.390833 0.750833 0.0383333 0.0416667
0 0.74 0.609583 0.0383333 0.0425
0 0.620417 0.0495833 0.0341667 0.0358333
0 0.37875 0.0270833 0.0308333 0.0325
0 0.71625 0.692083 0.0375 0.0408333
0 0.157917 0.860833 0.0358333 0.0383333
0 0.804167 0.839167 0.0366667 0.0383333
0 0.479167 0.73625 0.035 0.0358333
0 0.220833 0.220833 0.0366667 0.04
0 0.799583 0.409167 0.0308333 0.0333333
0 0.70875 0.839583 0.0325 0.0341667
0 0.670833 0.5075 0.0366667 0.0383333
0 0.0829167 0.12875 0.0325 0.0341667
0 0.505833 0.0304167 0.0333333 0.0358333
0 0.170833 0.976667 0.0366667 0.0383333
0 0.585 0.532917 0.0366667 0.0408333
0 0.68125 0.0508333 0.0325 0.035
0 0.4325 0.670417 0.0316667 0.0358333
0 0.385833 0.232917 0.035 0.0375
0 0.2875 0.758333 0.0333333 0.0366667
0 0.599167 0.874583 0.035 0.0358333
0 0.879167 0.57875 0.0366667 0.0391667
0 0.16 0.166667 0.0366667 0.0383333
0 0.441667 0.877917 0.035 0.0391667
0 0.342083 0.954167 0.0325 0.0333333
0 0.115 0.210417 0.035 0.0358333
0 0.150417 0.0445833 0.0358333 0.0375
0 0.0225 0.297917 0.0316667 0.0341667
0 0.7975 0.566667 0.035 0.0366667
0 0.67875 0.8575 0.0325 0.035
0 0.352917 0.665 0.0375 0.0416667
0 0.982917 0.9375 0.0325 0.0333333
0 0.46875 0.14625 0.0341667 0.0358333
0 0.03875 0.9775 0.0325 0.0333333
0 0.535833 0.856667 0.0333333 0.0366667
0 0.875 0.842083 0.035 0.0358333
0 0.536667 0.015 0.0333333 0.03
0 0.63875 0.957917 0.0325 0.0341667
0 0.0966667 0.178333 0.035 0.0383333
0 0.0608333 0.2975 0.035 0.0416667
0 0.983333 0.419167 0.0333333 0.0366667
0 0.0783333 0.377083 0.0333333 0.0358333
0 0.546667 0.19625 0.035 0.0358333
0 0.372917 0.63125 0.0325 0.0341667
0 0.452083 0.832083 0.0325 0.0358333
0 0.493333 0.9025 0.0333333 0.035
0 0.26125 0.79875 0.0325 0.0358333
0 0.879583 0.691667 0.0358333 0.04
0 0.615 0.664167 0.0333333 0.0366667
0 0.336667 0.849167 0.035 0.04
0 0.412083 0.947083 0.0341667 0.0358333
0 0.280417 0.199167 0.0308333 0.0333333
