0 0.502917 0.140417 0.0475 0.0491667
0 0.342917 0.457917 0.0391667 0.0458333
0 0.3925 0.642083 0.0383333 0.0441667
0 0.74125 0.995833 0.0241667 0.00833333
0 0.614167 0.218333 0.0383333 0.045
0 0.03875 0.918333 0.0358333 0.0383333
0 0.895833 0.515417 0.035 0.0391667
0 0.669583 0.212917 0.0425 0.0441667
0 0.992083 0.02 0.0158333 0.0333333
0 0.275417 0.290833 0.0391667 0.0433333
0 0.236667 0.717083 0.0333333 0.0375
0 0.1475 0.236667 0.035 0.0366667
0 0.02625 0.990417 0.0325 0.0175
0 0.06 0.584583 0.0333333 0.0341667
0 0.56625 0.879583 0.0341667 0.0358333
0 0.74375 0.325 0.0375 0.0466667
0 0.58875 0.35125 0.0391667 0.0475
0 0.43125 0.16625 0.0425 0.0508333
0 0.645 0.254167 0.0316667 0.035
0 0.934167 0.340833 0.0366667 0.0416667
0 0.627917 0.79125 0.0325 0.0325
0 0.522083 0.390417 0.0391667 0.0475
0 0.174167 0.752917 0.0416667 0.0475
0 0.76875 0.645 0.0341667 0.035
0 0.09 0.7525 0.0366667 0.0433333
0 0.10625 0.6825 0.0375 0.0416667
0 0.99 0.2175 0.02 0.0383333
0 0.13 0.336667 0.03 0.0333333
0 0.432083 0.774167 0.0241667 0.025
0 0.43375 0.324583 0.0358333 0.0408333
0 0.339583 0.36125 0.0375 0.0425
0 0.461667 0.85375 0.04 0.0441667
0 0.28625 0.137917 0.0408333 0.0508333
0 0.299583 0.3825 0.0375 0.04
0 0.222083 0.645833 0.0375 0.0433333
0 0.16375 0.425833 0.0375 0.0383333
0 0.296667 0.324167 0.0366667 0.0416667
0 0.630417 0.576667 0.0325 0.035
0 0.251667 0.619167 0.0433333 0.0433333
0 0.527083 0.0316667 0.0408333 0.04
0 0.216667 0.522917 0.0366667 0.0475
0 0.00916667 0.675 0.0183333 0.0383333
0 0.585417 0.715417 0.0425 0.0508333
0 0.539583 0.347917 0.0441667 0.0458333
0 0.675 0.29875 0.04 0.0425
0 0.02375 0.23 0.0425 0.05
0 0.267917 0.5425 0.0408333 0.04
0 0.225417 0.20625 0.0275 0.0291667
0 0.632083 0.472917 0.0358333 0.0375
0 0.770833 0.111667 0.035 0.04
0 0.427917 0.36 0.0375 0.0416667
0 0.236667 0.0141667 0.0383333 0.0283333
0 0.257917 0.0770833 0.0341667 0.0375
0 0.355833 0.25625 0.0316667 0.0325
0 0.125833 0.294167 0.0416667 0.0416667
0 0.77875 0.569167 0.0375 0.0416667
0 0.254167 0.34 0.0366667 0.04
0 0.317083 0.695 0.0341667 0.0366667
0 0.315417 0.42125 0.0375 0.0408333
0 0.516667 0.253333 0.0366667 0.0366667
0 0.815 0.12 0.035 0.0366667
0 0.35375 0.815 0.0358333 0.0383333
0 0.6025 0.0125 0.0333333 0.025
0 0.340833 0.613333 0.0366667 0.0433333
0 0.180833 0.984167 0.0333333 0.0316667
0 0.800833 0.0370833 0.0333333 0.0375
0 0.864167 0.40625 0.0366667 0.0425
0 0.539167 0.651667 0.0416667 0.045
0 0.44 0.917917 0.03 0.0308333
0 0.371667 0.576667 0.0366667 0.04
0 0.6375 0.149583 0.035 0.0391667
0 0.264167 0.381667 0.0366667 0.0383333
0 0.357083 0.674167 0.0341667 0.035
0 0.2175 0.358333 0.035 0.04
0 0.67625 0.623333 0.0375 0.04
0 0.467083 0.55625 0.0375 0.0391667
0 0.644167 0.349167 0.0383333 0.0433333
0 0.0129167 0.835417 0.0258333 0.0341667
0 0.485833 0.6775 0.0366667 0.0416667
0 0.572083 0.823333 0.0358333 0.04
0 0.07125 0.417917 0.0358333 0.0391667
0 0.587083 0.0658333 0.0375 0.0416667
0 0.900833 0.28625 0.035 0.0425
0 0.934167 0.41625 0.0366667 0.0375
0 0.836667 0.192083 0.0383333 0.0458333
0 0.444583 0.46875 0.0375 0.0425
0 0.0725 0.81375 0.035 0.0375
0 0.726667 0.150417 0.035 0.0408333
0 0.3875 0.429167 0.035 0.0383333
0 0.76 0.183333 0.0333333 0.035
0 0.989167 0.265833 0.02 0.0366667
0 0.104167 0.442917 0.03 0.0325
0 0.97375 0.875833 0.0325 0.035
0 0.31875 0.0154167 0.0358333 0.0308333
0 0.375 0.145833 0.0383333 0.04
0 0.82875 0.484167 0.0325 0.035
0 0.1325 0.475417 0.0333333 0.0358333
0 0.33 0.8325 0.03 0.035
0 0.46875 0.305417 0.0391667 0.0425
0 0.197083 0.399167 0.0341667 0.0366667
0 0.0591667 0.14125 0.035 0.0391667
0 0.40375 0.302917 0.0375 0.0425
0 0.768333 0.740833 0.0333333 0.0366667
0 0.193333 0.309583 0.0366667 0.0408333
0 0.50625 0.32875 0.0341667 0.0391667
0 0.797083 0.0741667 0.0358333 0.0416667
0 0.665833 0.42125 0.035 0.0375
0 0.910417 0.13125 0.0375 0.0391667
0 0.25125 0.417083 0.0358333 0.0375
0 0.399167 0.2475 0.0366667 0.04
0 0.90625 0.482083 0.0358333 0.0391667
0 0.530833 0.617917 0.0383333 0.0408333
0 0.754167 0.3775 0.0366667 0.0366667
0 0.795833 0.179167 0.0333333 0.0366667
0 0.590833 0.5825 0.0366667 0.04
0 0.20625 0.0508333 0.0291667 0.0333333
0 0.48 0.734583 0.035 0.0375
0 0.169167 0.847917 0.0366667 0.0391667
0 0.424583 0.544583 0.0341667 0.0358333
0 0.211667 0.0979167 0.0383333 0.0408333
0 0.129167 0.0541667 0.04 0.0433333
0 0.45 0.39 0.0316667 0.0366667
0 0.0770833 0.373333 0.0358333 0.0383333
0 0.12375 0.55875 0.0358333 0.0375
0 0.11875 0.121667 0.0325 0.0366667
0 0.965 0.18625 0.0366667 0.0375
0 0.71375 0.396667 0.0358333 0.0383333
0 0.56125 0.289583 0.0358333 0.0358333
0 0.57125 0.411667 0.0341667 0.0366667
0 0.45625 0.0920833 0.0325 0.0341667
0 0.437917 0.625417 0.0358333 0.0408333
0 0.415417 0.502917 0.0358333 0.0358333
0 0.989583 0.47 0.0208333 0.0366667
0 0.0970833 0.840833 0.0341667 0.035
0 0.472917 0.4175 0.0358333 0.0383333
0 0.653333 0.53875 0.035 0.0375
0 0.186667 0.126667 0.035 0.0383333
0 0.279583 0.963333 0.0325 0.0383333
0 0.739583 0.225833 0.0325 0.035
0 0.335833 0.76125 0.0333333 0.0341667
0 0.373333 0.28125 0.035 0.0408333
0 0.815417 0.2825 0.0358333 0.0383333
0 0.015 0.517917 0.03 0.0358333
0 0.827083 0.454167 0.0358333 0.0383333
0 0.734167 0.196667 0.03 0.0316667
0 0.370833 0.786667 0.0333333 0.0366667
0 0.695 0.0175 0.0366667 0.035
0 0.3275 0.295 0.035 0.0366667
0 0.08625 0.958333 0.0341667 0.0366667
0 0.609583 0.626667 0.0358333 0.0383333
0 0.159583 0.357917 0.0308333 0.0341667
0 0.924167 0.384167 0.035 0.0383333
0 0.482083 0.269583 0.0341667 0.0358333
0 0.232917 0.805 0.0325 0.035
0 0.4125 0.0379167 0.0333333 0.0341667
0 0.416667 0.725 0.0316667 0.035
0 0.34125 0.50875 0.0358333 0.0391667
0 0.745417 0.0908333 0.0358333 0.0383333
0 0.97375 0.108333 0.0325 0.0366667
0 0.0208333 0.327917 0.0333333 0.0358333
0 0.382083 0.370417 0.0358333 0.0375
0 0.857083 0.0129167 0.0341667 0.0258333
0 0.0808333 0.185 0.0333333 0.0366667
0 0.81375 0.37875 0.0325 0.0341667
0 0.322083 0.123333 0.0358333 0.0383333
0 0.0216667 0.400833 0.0366667 0.04
0 0.243333 0.910417 0.0316667 0.0341667
0 0.122083 0.258333 0.0325 0.035
0 0.942083 0.06125 0.0341667 0.0358333
