0 0.430417 0.176667 0.0391667 0.0466667
0 0.929167 0.860417 0.0416667 0.0458333
0 0.587083 0.945833 0.0408333 0.045
0 0.51125 0.852917 0.0325 0.0358333
0 0.79 0.20625 0.035 0.0375
0 0.394167 0.720833 0.0383333 0.0433333
0 0.0754167 0.824167 0.0391667 0.0483333
0 0.60875 0.53 0.0408333 0.0466667
0 0.235417 0.8025 0.0441667 0.05
0 0.935417 0.625417 0.0425 0.0458333
0 0.374167 0.503333 0.0283333 0.03
0 0.7675 0.46875 0.0233333 0.0291667
0 0.592917 0.0104167 0.0341667 0.0208333
0 0.691667 0.947083 0.0333333 0.0391667
0 0.4775 0.362917 0.0366667 0.0391667
0 0.24375 0.84625 0.0375 0.0408333
0 0.0941667 0.66125 0.0416667 0.0441667
0 0.342917 0.0816667 0.0341667 0.0383333
0 0.0304167 0.316667 0.0391667 0.0466667
0 0.666667 0.809167 0.0366667 0.0383333
0 0.0266667 0.182917 0.0333333 0.0375
0 0.769583 0.839167 0.0325 0.035
0 0.43 0.49125 0.0333333 0.0358333
0 0.01 0.637083 0.0183333 0.0391667
0 0.993333 0.818333 0.0133333 0.0316667
0 0.3375 0.0333333 0.035 0.04
0 0.994583 0.701667 0.0108333 0.0333333
0 0.0395833 0.12375 0.0358333 0.0391667
0 0.45625 0.06125 0.0391667 0.0425
0 0.581667 0.875833 0.0416667 0.0416667
0 0.534167 0.567083 0.035 0.0391667
0 0.198333 0.1275 0.0366667 0.04
0 0.232083 0.509583 0.0341667 0.0375
0 0.0329167 0.398333 0.0225 0.025
0 0.572917 0.82625 0.0358333 0.0425
0 0.319583 0.535833 0.0341667 0.0366667
0 0.0308333 0.82875 0.0333333 0.0375
0 0.499583 0.170833 0.0308333 0.0333333
0 0.684583 0.384167 0.0341667 0.035
0 0.567083 0.142083 0.0375 0.0375
0 0.134583 0.4775 0.0375 0.0416667
0 0.692083 0.475417 0.0358333 0.0375
0 0.724167 0.164167 0.0366667 0.04
0 0.435417 0.377083 0.0391667 0.0408333
0 0.23875 0.723333 0.0325 0.0333333
0 0.129167 0.44875 0.035 0.0375
0 0.6375 0.349167 0.0316667 0.035
0 0.0608333 0.554167 0.0383333 0.0433333
0 0.992083 0.119167 0.0158333 0.0333333
0 0.130417 0.677917 0.0391667 0.0441667
0 0.667083 0.89125 0.0358333 0.0408333
0 0.987083 0.0704167 0.0258333 0.0375
0 0.71875 0.46 0.0358333 0.0383333
0 0.00625 0.445 0.0125 0.03
0 0.595417 0.0904167 0.0375 0.0391667
0 0.485417 0.10875 0.0391667 0.0391667
0 0.92875 0.178333 0.0358333 0.0366667
0 0.430833 0.11125 0.0383333 0.0441667
0 0.5475 0.98875 0.0316667 0.0225
0 0.425 0.24375 0.0366667 0.0391667
0 0.187917 0.365833 0.0408333 0.04
0 0.574583 0.569167 0.0358333 0.0383333
0 0.289583 0.805 0.0375 0.0416667
0 0.05875 0.0379167 0.0358333 0.0408333
0 0.41125 0.637917 0.0375 0.0391667
0 0.195 0.795 0.0316667 0.0333333
0 0.12875 0.0266667 0.0325 0.035
0 0.138333 0.309583 0.035 0.0375
0 0.63375 0.44875 0.0391667 0.0408333
0 0.213333 0.0441667 0.0316667 0.035
0 0.0829167 0.31125 0.0391667 0.0391667
0 0.6025 0.28625 0.0366667 0.0425
0 0.532917 0.0345833 0.0291667 0.0291667
0 0.174583 0.494167 0.0325 0.0333333
0 0.597917 0.1725 0.0325 0.035
0 0.00875 0.935417 0.0175 0.0325
0 0.86 0.377917 0.0333333 0.0341667
0 0.170833 0.0616667 0.0333333 0.0366667
0 0.4875 0.647083 0.035 0.0375
0 0.264167 0.247917 0.0316667 0.0325
0 0.359167 0.624167 0.0383333 0.04
0 0.437083 0.689167 0.0375 0.04
0 0.7675 0.95 0.0383333 0.04
0 0.0145833 0.210417 0.0291667 0.0391667
0 0.495417 0.240833 0.0325 0.035
0 0.60375 0.22875 0.0391667 0.0425
0 0.26625 0.4025 0.0325 0.035
0 0.947917 0.690417 0.0308333 0.0375
0 0.3475 0.733333 0.0333333 0.035
0 0.297083 0.734583 0.0325 0.0341667
0 0.0679167 0.975 0.0325 0.035
0 0.931667 0.315 0.0333333 0.035
0 0.563333 0.436667 0.035 0.0366667
0 0.100833 0.939583 0.035 0.0375
0 0.830417 0.245 0.0341667 0.0383333
0 0.981667 0.575833 0.0333333 0.035
0 0.253333 0.035 0.035 0.0383333
0 0.192917 0.683333 0.0341667 0.0366667
0 0.100417 0.3775 0.0358333 0.0383333
0 0.93875 0.135 0.0275 0.03
0 0.157083 0.525417 0.0358333 0.0391667
0 0.131667 0.107917 0.0316667 0.0358333
0 0.7325 0.0316667 0.0366667 0.0416667
0 0.7075 0.184583 0.0316667 0.0358333
0 0.14375 0.860417 0.0341667 0.0391667
0 0.663333 0.17875 0.035 0.0408333
0 0.045 0.69375 0.0316667 0.0341667
0 0.232917 0.384167 0.0358333 0.0383333
0 0.299583 0.0933333 0.0375 0.04
0 0.749167 0.377917 0.035 0.0375
0 0.369583 0.372083 0.0375 0.0408333
0 0.4575 0.307917 0.04 0.0441667
0 0.17375 0.215 0.0341667 0.0383333
0 0.890833 0.0129167 0.0316667 0.0241667
0 0.27375 0.154167 0.0358333 0.04
0 0.1275 0.594167 0.0366667 0.0383333
0 0.959167 0.227083 0.0333333 0.0375
0 0.7175 0.845833 0.035 0.0383333
0 0.944583 0.96125 0.0291667 0.0325
0 0.40625 0.0604167 0.0391667 0.0425
0 0.730833 0.26125 0.035 0.0391667
0 0.544583 0.233333 0.0358333 0.0383333
0 0.562917 0.491667 0.0375 0.04
0 0.424167 0.0195833 0.0366667 0.0391667
0 0.217083 0.592083 0.0275 0.0291667
0 0.787917 0.343333 0.0391667 0.0416667
0 0.740833 0.310833 0.0333333 0.035
0 0.06625 0.50375 0.0358333 0.0408333
0 0.485 0.0220833 0.0333333 0.0358333
0 0.0683333 0.745417 0.0333333 0.0358333
0 0.325417 0.297917 0.0375 0.0408333
0 0.167083 0.66125 0.0375 0.0391667
0 0.4825 0.56 0.035 0.0383333
0 0.0620833 0.44125 0.0375 0.0408333
0 0.04875 0.859167 0.0325 0.0366667
0 0.0645833 0.62125 0.0341667 0.0375
0 0.430417 0.97875 0.0341667 0.0358333
0 0.354583 0.240833 0.0358333 0.04
0 0.592917 0.33625 0.0341667 0.0358333
0 0.3275 0.354583 0.0383333 0.0425
0 0.215417 0.19125 0.0375 0.0391667
0 0.161667 0.179583 0.035 0.0358333
0 0.227083 0.307083 0.0341667 0.0358333
0 0.7175 0.777917 0.0333333 0.0358333
0 0.792917 0.27875 0.0291667 0.0325
0 0.0316667 0.4825 0.0283333 0.0316667
0 0.5075 0.50625 0.0333333 0.0341667
0 0.900417 0.25875 0.0308333 0.0325
0 0.3625 0.155833 0.0333333 0.035
0 0.663333 0.0129167 0.0283333 0.0258333
0 0.808333 0.7125 0.0316667 0.035
0 0.107917 0.880833 0.0325 0.035
0 0.180833 0.610417 0.0366667 0.0391667
0 0.330417 0.177917 0.0341667 0.0358333
0 0.237917 0.622917 0.0325 0.0341667
0 0.305833 0.449583 0.0366667 0.0375
0 0.183333 0.745417 0.0333333 0.0358333
0 0.552083 0.386667 0.0391667 0.0383333
0 0.51375 0.937083 0.0325 0.0341667
0 0.386667 0.301667 0.0366667 0.0383333
0 0.175833 0.02 0.0333333 0.0366667
0 0.0233333 0.6075 0.0316667 0.035
0 0.105417 0.560833 0.0341667 0.0366667
0 0.580417 0.0541667 0.0308333 0.0316667
0 0.457083 0.407083 0.0308333 0.0308333
0 0.412917 0.328333 0.0358333 0.0383333
0 0.08625 0.708333 0.0341667 0.0366667
0 0.892917 0.10375 0.0325 0.0341667
0 0.984583 0.955833 0.0291667 0.0383333
0 0.905417 0.221667 0.0341667 0.035
0 0.426667 0.59625 0.0333333 0.0341667
0 0.615833 0.404583 0.0383333 0.0425
0 0.25875 0.764167 0.0375 0.0383333
0 0.689583 0.25125 0.0358333 0.0375
0 0.418333 0.5625 0.0316667 0.0333333
0 0.295417 0.350833 0.0358333 0.0416667
0 0.910417 0.97 0.0341667 0.0366667
0 0.793333 0.144167 0.03 0.03
0 0.7825 0.812083 0.0333333 0.0358333
0 0.851667 0.0145833 0.0333333 0.0291667
0 0.757083 0.23375 0.0341667 0.0375
0 0.153333 0.263333 0.0333333 0.035
0 0.0425 0.26 0.0333333 0.0333333
0 0.0166667 0.77875 0.0333333 0.0375
0 0.643333 0.125833 0.0316667 0.0333333
0 0.857917 0.162917 0.0308333 0.0325
0 0.02875 0.985 0.0325 0.03
0 0.852917 0.9575 0.0341667 0.035
0 0.779583 0.0416667 0.0308333 0.0316667
0 0.689583 0.0325 0.0325 0.035
0 0.285 0.569167 0.0316667 0.0333333
0 0.255833 0.449583 0.0333333 0.0341667
0 0.267083 0.669583 0.0341667 0.0341667
0 0.37625 0.0320833 0.0308333 0.0341667
0 0.22875 0.55125 0.0358333 0.0375
0 0.388333 0.42875 0.0316667 0.0341667
0 0.46625 0.95125 0.0325 0.0341667
0 0.08625 0.234583 0.0341667 0.0358333
0 0.704583 0.105 0.0308333 0.0333333
0 0.26375 0.54375 0.0341667 0.0341667
0 0.362917 0.3275 0.0358333 0.04
