0 0.994583 0.6075 0.0108333 0.0333333
0 0.02625 0.225 0.0341667 0.0366667
0 0.854167 0.386667 0.045 0.0483333
0 0.27375 0.435 0.0425 0.0483333
0 0.518333 0.352917 0.0383333 0.0425
0 0.0133333 0.699583 0.0266667 0.0391667
0 0.558333 0.449583 0.0433333 0.0475
0 0.388333 0.569167 0.045 0.0533333
0 0.43375 0.482083 0.0408333 0.0475
0 0.87625 0.30875 0.0425 0.0558333
0 0.982083 0.693333 0.0308333 0.0383333
0 0.637917 0.4575 0.0391667 0.0516667
0 0.734167 0.532917 0.0433333 0.0525
0 0.752083 0.14125 0.0341667 0.0358333
0 0.677917 0.7725 0.0391667 0.05
0 0.352083 0.948333 0.0408333 0.0466667
0 0.0429167 0.589583 0.0408333 0.0491667
0 0.452083 0.93875 0.0425 0.0475
0 0.990833 0.0154167 0.0183333 0.0308333
0 0.69875 0.8675 0.0325 0.035
0 0.925 0.889583 0.0333333 0.0358333
0 0.428333 0.354583 0.0383333 0.0408333
0 0.61625 0.882083 0.0408333 0.0508333
0 0.439583 0.215833 0.0308333 0.0333333
0 0.527083 0.6275 0.0358333 0.0383333
0 0.652917 0.740417 0.0391667 0.0441667
0 0.88875 0.89875 0.0408333 0.0475
0 0.6875 0.26625 0.0433333 0.0475
0 0.68875 0.991667 0.0358333 0.0166667
0 0.77125 0.214167 0.0441667 0.0516667
0 0.35625 0.41 0.0358333 0.0416667
0 0.0204167 0.830417 0.0358333 0.0425
0 0.694167 0.567917 0.04 0.0425
0 0.138333 0.65125 0.0383333 0.0441667
0 0.395 0.874583 0.0433333 0.0441667
0 0.6725 0.845417 0.0283333 0.0308333
0 0.284583 0.29875 0.0341667 0.0375
0 0.1025 0.598333 0.04 0.0483333
0 0.262083 0.690417 0.0358333 0.0375
0 0.540833 0.227083 0.0383333 0.0425
0 0.239583 0.559167 0.0441667 0.0483333
0 0.887917 0.160417 0.0425 0.0475
0 0.979167 0.330833 0.03 0.0316667
0 0.0791667 0.752917 0.0466667 0.0508333
0 0.624167 0.97625 0.04 0.0425
0 0.784167 0.569583 0.0383333 0.0425
0 0.317083 0.675833 0.0408333 0.045
0 0.40875 0.777917 0.0375 0.0408333
0 0.00833333 0.8025 0.0166667 0.0333333
0 0.695 0.710833 0.04 0.045
0 0.0170833 0.972083 0.0341667 0.0408333
0 0.659167 0.670417 0.0383333 0.0458333
0 0.206667 0.722917 0.0333333 0.0358333
0 0.550833 0.765 0.0416667 0.045
0 0.507917 0.435417 0.0391667 0.0441667
0 0.82875 0.680417 0.0425 0.0475
0 0.643333 0.912083 0.0433333 0.0458333
0 0.0908333 0.645833 0.0366667 0.0416667
0 0.563333 0.955 0.035 0.0416667
0 0.365 0.6225 0.0416667 0.0433333
0 0.267917 0.655417 0.0358333 0.0425
0 0.986667 0.659167 0.0266667 0.035
0 0.495833 0.860417 0.03 0.0325
0 0.750833 0.957917 0.0383333 0.0408333
0 0.1725 0.482083 0.0316667 0.0341667
0 0.869167 0.0170833 0.0383333 0.0341667
0 0.9075 0.63625 0.045 0.0458333
0 0.245833 0.0695833 0.0316667 0.0325
0 0.0716667 0.96125 0.0383333 0.0425
0 0.400833 0.9425 0.0333333 0.0366667
0 0.09 0.828333 0.0316667 0.0366667
0 0.765833 0.45 0.04 0.045
0 0.952083 0.565 0.0358333 0.04
0 0.672083 0.427083 0.0391667 0.0458333
0 0.49625 0.985 0.0325 0.03
0 0.47375 0.889167 0.0408333 0.0433333
0 0.0758333 0.141667 0.0333333 0.0383333
0 0.147917 0.918333 0.0325 0.035
0 0.294167 0.51375 0.04 0.0458333
0 0.57375 0.1225 0.0408333 0.045
0 0.957917 0.764167 0.0391667 0.04
0 0.229167 0.4575 0.035 0.0366667
0 0.762083 0.370417 0.0375 0.0425
0 0.4825 0.615417 0.0366667 0.0458333
0 0.984167 0.298333 0.0316667 0.0383333
0 0.634583 0.0941667 0.0358333 0.04
0 0.0275 0.655 0.0383333 0.0416667
0 0.99 0.760417 0.02 0.0475
0 0.151667 0.962917 0.04 0.0408333
0 0.854583 0.54375 0.0441667 0.0441667
0 0.78625 0.51 0.0375 0.0433333
0 0.350417 0.8975 0.0391667 0.04
0 0.119583 0.784583 0.0341667 0.0358333
0 0.919167 0.96625 0.0333333 0.0358333
0 0.899167 0.51875 0.0383333 0.0441667
0 0.957917 0.84625 0.0408333 0.0425
0 0.729583 0.104583 0.0375 0.0391667
0 0.63 0.217083 0.0366667 0.0408333
0 0.390833 0.0270833 0.035 0.0375
0 0.2225 0.842917 0.035 0.0391667
0 0.0529167 0.515 0.0325 0.0366667
0 0.26875 0.88125 0.0408333 0.0441667
0 0.00791667 0.0758333 0.0158333 0.0333333
0 0.23 0.0183333 0.035 0.0366667
0 0.144167 0.592917 0.0366667 0.0408333
0 0.840833 0.805417 0.04 0.0408333
0 0.240833 0.975833 0.0366667 0.04
0 0.96 0.45 0.0333333 0.0383333
0 0.312083 0.92625 0.0391667 0.0441667
0 0.327083 0.841667 0.0291667 0.0316667
0 0.982083 0.208333 0.0341667 0.0383333
0 0.0933333 0.917083 0.0366667 0.0375
0 0.50875 0.739583 0.0391667 0.0441667
0 0.764583 0.84375 0.0358333 0.0391667
0 0.819583 0.647917 0.0375 0.0375
0 0.787917 0.615 0.0375 0.0433333
0 0.01625 0.912083 0.0325 0.0375
0 0.570833 0.889583 0.0366667 0.0425
0 0.364167 0.47375 0.0366667 0.0425
0 0.270417 0.919167 0.0375 0.0416667
0 0.0579167 0.00875 0.0325 0.0175
0 0.960417 0.1275 0.0358333 0.0383333
0 0.55 0.685833 0.035 0.0383333
0 0.765417 0.886667 0.0358333 0.0383333
0 0.306667 0.05375 0.0333333 0.0358333
0 0.315833 0.98 0.035 0.035
0 0.69625 0.37125 0.0275 0.0291667
0 0.762083 0.986667 0.0375 0.0266667
0 0.177917 0.68 0.0358333 0.0416667
0 0.414167 0.302917 0.035 0.0358333
0 0.703333 0.60875 0.0383333 0.0425
0 0.193333 0.961667 0.0383333 0.04
0 0.581667 0.848333 0.0383333 0.045
0 0.6 0.7775 0.0383333 0.045
0 0.295 0.38375 0.0316667 0.0341667
0 0.847083 0.0658333 0.0358333 0.0366667
0 0.722917 0.651667 0.0375 0.04
0 0.922083 0.730833 0.0391667 0.0433333
0 0.155833 0.0558333 0.035 0.0383333
0 0.01 0.1225 0.02 0.0366667
0 0.47125 0.501667 0.0358333 0.0383333
0 0.72125 0.42625 0.0375 0.0391667
0 0.446667 0.590833 0.035 0.0383333
0 0.42 0.424167 0.0333333 0.035
0 0.970417 0.48375 0.0358333 0.0375
0 0.169167 0.83 0.035 0.0366667
0 0.975 0.72625 0.03 0.0358333
0 0.575833 0.287083 0.035 0.0391667
0 0.889583 0.795417 0.0375 0.0391667
0 0.61 0.645833 0.0366667 0.04
0 0.759583 0.655 0.0358333 0.04
0 0.690417 0.514167 0.0391667 0.0416667
0 0.627917 0.603333 0.0341667 0.035
0 0.8475 0.948333 0.0333333 0.0366667
0 0.465 0.384583 0.035 0.0375
0 0.814167 0.225 0.0366667 0.0383333
0 0.821667 0.475 0.0383333 0.04
0 0.9175 0.251667 0.0316667 0.035
0 0.930417 0.814583 0.0375 0.0408333
0 0.87 0.765417 0.0316667 0.0341667
0 0.11375 0.0779167 0.0358333 0.0375
0 0.716667 0.765417 0.035 0.0408333
0 0.8275 0.575 0.0366667 0.04
0 0.81375 0.919583 0.0358333 0.0375
0 0.20375 0.8825 0.0341667 0.0366667
0 0.928333 0.547917 0.035 0.0391667
0 0.80875 0.97 0.0325 0.0333333
0 0.532083 0.895 0.0341667 0.0366667
0 0.58875 0.494583 0.0358333 0.0391667
0 0.725 0.323333 0.0333333 0.035
0 0.92 0.682083 0.035 0.0375
0 0.57375 0.62875 0.0341667 0.0375
0 0.635417 0.354167 0.0308333 0.0333333
0 0.516667 0.666667 0.0333333 0.0366667
0 0.51625 0.5125 0.0325 0.0366667
0 0.239583 0.640417 0.0308333 0.0341667
