0 0.555833 0.150833 0.045 0.045
0 0.98 0.810417 0.03 0.0325
0 0.475833 0.8775 0.0416667 0.0433333
0 0.01 0.29 0.02 0.0316667
0 0.159167 0.280833 0.045 0.05
0 0.927917 0.292083 0.0325 0.0341667
0 0.368333 0.565833 0.0466667 0.05
0 0.457083 0.519583 0.0408333 0.0475
0 0.678333 0.279167 0.0333333 0.0366667
0 0.0154167 0.609167 0.0308333 0.0466667
0 0.745417 0.8975 0.0441667 0.05
0 0.919583 0.318333 0.0408333 0.0433333
0 0.514167 0.21125 0.0416667 0.0508333
0 0.06 0.427917 0.0416667 0.0525
0 0.949167 0.765 0.0366667 0.0433333
0 0.805833 0.68 0.0416667 0.0416667
0 0.759583 0.247917 0.0391667 0.0441667
0 0.36 0.0691667 0.0433333 0.05
0 0.223333 0.212917 0.0366667 0.0425
0 0.872083 0.551667 0.0425 0.0533333
0 0.8575 0.80375 0.045 0.0458333
0 0.11875 0.545833 0.0458333 0.0483333
0 0.25625 0.9925 0.0308333 0.015
0 0.48625 0.307083 0.0408333 0.0491667
0 0.85125 0.927917 0.0358333 0.0408333
0 0.9925 0.642083 0.015 0.0375
0 0.195 0.633333 0.0333333 0.035
0 0.65125 0.991667 0.0308333 0.0166667
0 0.7825 0.365 0.035 0.0366667
0 0.564167 0.8 0.0416667 0.0483333
0 0.140833 0.109583 0.035 0.0425
0 0.609583 0.3675 0.0341667 0.0366667
0 0.394167 0.215417 0.0333333 0.0391667
0 0.745 0.955 0.0383333 0.0483333
0 0.222083 0.11 0.0408333 0.045
0 0.19625 0.0479167 0.0375 0.0441667
0 0.0291667 0.52375 0.0316667 0.0325
0 0.175 0.59375 0.0433333 0.0475
0 0.395 0.957083 0.0383333 0.0425
0 0.397917 0.17375 0.0425 0.0458333
0 0.417917 0.621667 0.0408333 0.0466667
0 0.695417 0.935417 0.0341667 0.0391667
0 0.12 0.667917 0.035 0.0375
0 0.899167 0.577917 0.0383333 0.0441667
0 0.919167 0.658333 0.0383333 0.0466667
0 0.300833 0.0145833 0.035 0.0291667
0 0.821667 0.63875 0.035 0.0408333
0 0.120833 0.33625 0.04 0.0441667
0 0.324167 0.555417 0.0366667 0.0391667
0 0.1175 0.495417 0.04 0.0441667
0 0.0658333 0.588333 0.0366667 0.0383333
0 0.3275 0.211667 0.0366667 0.04
0 0.0754167 0.151667 0.0375 0.045
0 0.45625 0.39 0.0375 0.0416667
0 0.929167 0.5025 0.04 0.0416667
0 0.625417 0.802083 0.0391667 0.0441667
0 0.97 0.425 0.0383333 0.0383333
0 0.773333 0.8575 0.0416667 0.0466667
0 0.7875 0.75625 0.0383333 0.0425
0 0.0658333 0.825417 0.035 0.0375
0 0.82625 0.205 0.0358333 0.0433333
0 0.31625 0.111667 0.0408333 0.0433333
0 0.11125 0.372083 0.0358333 0.0408333
0 0.6925 0.770417 0.035 0.0391667
0 0.0216667 0.1375 0.0383333 0.0433333
0 0.866667 0.08125 0.03 0.0325
0 0.904167 0.16 0.0283333 0.0316667
0 0.477083 0.02125 0.0325 0.0341667
0 0.809167 0.988333 0.0383333 0.0233333
0 0.439583 0.0725 0.0358333 0.0416667
0 0.357917 0.965833 0.0358333 0.04
0 0.283333 0.254583 0.04 0.0441667
0 0.0120833 0.7625 0.0241667 0.0433333
0 0.22125 0.609167 0.0391667 0.0433333
0 0.152083 0.425417 0.0291667 0.0308333
0 0.555417 0.280417 0.0375 0.0425
0 0.945 0.809583 0.03 0.0308333
0 0.26125 0.477083 0.0391667 0.0408333
0 0.00875 0.015 0.0158333 0.03
0 0.23375 0.312917 0.0375 0.0458333
0 0.460417 0.567917 0.0358333 0.0408333
0 0.167917 0.075 0.0325 0.035
0 0.6325 0.165833 0.04 0.0433333
0 0.89125 0.72 0.0341667 0.04
0 0.402083 0.279583 0.0408333 0.0441667
0 0.314583 0.256667 0.0325 0.035
0 0.354167 0.62 0.0383333 0.0416667
0 0.59375 0.125833 0.0358333 0.0383333
0 0.0570833 0.694583 0.0358333 0.0441667
0 0.0791667 0.262083 0.0366667 0.0391667
0 0.447917 0.143333 0.0358333 0.0383333
0 0.56875 0.845 0.0391667 0.0416667
0 0.385417 0.402917 0.0375 0.0408333
0 0.5575 0.9675 0.035 0.0366667
0 0.5625 0.01625 0.0366667 0.0325
0 0.987917 0.487917 0.0241667 0.0391667
0 0.719583 0.730417 0.0375 0.0425
0 0.336667 0.344167 0.0383333 0.0416667
0 0.404167 0.0383333 0.0366667 0.0366667
0 0.582083 0.75125 0.0358333 0.0375
0 0.78875 0.28125 0.0358333 0.0375
0 0.933333 0.0825 0.0383333 0.04
0 0.969583 0.06125 0.0358333 0.0391667
0 0.667083 0.234583 0.0325 0.0358333
0 0.0354167 0.344167 0.0325 0.035
0 0.247917 0.4175 0.0341667 0.0366667
0 0.975417 0.55125 0.0391667 0.0408333
0 0.255833 0.719583 0.0366667 0.0408333
0 0.9825 0.856667 0.035 0.0383333
0 0.457083 0.462083 0.0358333 0.0375
0 0.96375 0.91625 0.0358333 0.0408333
0 0.0129167 0.695417 0.0258333 0.0308333
0 0.246667 0.1925 0.0383333 0.0416667
0 0.826667 0.0883333 0.0316667 0.0333333
0 0.645 0.874583 0.035 0.0375
0 0.611667 0.739583 0.0283333 0.0308333
0 0.53125 0.836667 0.0341667 0.0416667
0 0.00875 0.31625 0.0175 0.0308333
0 0.521667 0.01125 0.0333333 0.0208333
0 0.535833 0.358333 0.0333333 0.0366667
0 0.364583 0.477083 0.0408333 0.0458333
0 0.797917 0.0141667 0.0375 0.0266667
0 0.656667 0.0216667 0.035 0.0366667
0 0.725 0.292917 0.0333333 0.0358333
0 0.944583 0.21375 0.0375 0.0391667
0 0.494583 0.372917 0.0375 0.0391667
0 0.202917 0.365417 0.0325 0.0341667
0 0.643333 0.915417 0.035 0.0375
0 0.152917 0.4825 0.0358333 0.04
0 0.86375 0.671667 0.0375 0.04
0 0.613333 0.02375 0.035 0.0375
0 0.0129167 0.915833 0.0258333 0.0383333
0 0.112917 0.623333 0.0375 0.04
0 0.290417 0.1775 0.0341667 0.0383333
0 0.890833 0.113333 0.0366667 0.0416667
0 0.66875 0.319583 0.0341667 0.0375
0 0.385417 0.526667 0.0391667 0.0433333
0 0.649167 0.274583 0.0316667 0.0325
0 0.119167 0.733333 0.0366667 0.0383333
0 0.970833 0.67375 0.0333333 0.0375
0 0.101667 0.0708333 0.0366667 0.0383333
0 0.609583 0.955 0.0325 0.035
0 0.522083 0.9175 0.0325 0.035
0 0.98625 0.139583 0.0258333 0.0358333
0 0.217917 0.458333 0.0325 0.0333333
0 0.82875 0.155 0.0358333 0.0383333
0 0.195417 0.251667 0.0375 0.04
0 0.169167 0.7 0.0316667 0.0333333
0 0.9375 0.8725 0.0333333 0.0333333
0 0.737917 0.18 0.0325 0.0366667
0 0.539167 0.445833 0.0333333 0.035
0 0.636667 0.716667 0.0333333 0.035
0 0.0170833 0.39125 0.0325 0.0358333
0 0.986667 0.76125 0.0266667 0.0358333
0 0.913333 0.948333 0.0333333 0.0366667
0 0.0416667 0.749167 0.0366667 0.04
0 0.240833 0.52625 0.035 0.0358333
0 0.30625 0.66625 0.0358333 0.0375
0 0.57125 0.215833 0.0308333 0.035
0 0.911667 0.220833 0.0333333 0.04
0 0.637083 0.12 0.0341667 0.0383333
0 0.188333 0.1875 0.035 0.0383333
0 0.0625 0.214167 0.0333333 0.035
0 0.665417 0.388333 0.0358333 0.0383333
0 0.92125 0.0216667 0.0325 0.035
0 0.412917 0.509583 0.0358333 0.0425
0 0.874167 0.976667 0.035 0.0383333
0 0.560417 0.883333 0.0308333 0.0333333
0 0.26875 0.0179167 0.0308333 0.0325
0 0.0195833 0.854167 0.0341667 0.0366667
0 0.874167 0.0154167 0.0333333 0.0308333
0 0.47 0.954583 0.0333333 0.0358333
0 0.79875 0.05375 0.0358333 0.0391667
0 0.97625 0.0208333 0.0358333 0.0383333
0 0.190833 0.519583 0.0333333 0.0358333
0 0.837083 0.895833 0.0341667 0.0383333
0 0.0629167 0.53125 0.0341667 0.0375
0 0.269583 0.657083 0.0358333 0.0391667
0 0.226667 0.560417 0.0333333 0.0375
0 0.732917 0.122083 0.0341667 0.0358333
0 0.53 0.480833 0.0333333 0.0366667
0 0.614167 0.312917 0.0333333 0.0358333
0 0.611667 0.429167 0.0333333 0.035
0 0.29875 0.0716667 0.0375 0.04
