0 0.30375 0.6525 0.0375 0.0416667
0 0.247917 0.584167 0.0325 0.0333333
0 0.16 0.3525 0.0333333 0.0366667
0 0.992917 0.448333 0.0125 0.0333333
0 0.981667 0.381667 0.0316667 0.04
0 0.00625 0.76125 0.0125 0.0341667
0 0.409167 0.251667 0.0316667 0.035
0 0.657083 0.842083 0.0341667 0.0408333
0 0.823333 0.650417 0.0466667 0.0591667
0 0.537083 0.119167 0.0408333 0.0483333
0 0.6075 0.680417 0.0466667 0.0458333
0 0.662083 0.62125 0.0441667 0.0491667
0 0.4675 0.875 0.0316667 0.0383333
0 0.954167 0.457083 0.0333333 0.0375
0 0.527083 0.892917 0.0391667 0.0475
0 0.580417 0.395 0.0375 0.045
0 0.59125 0.104167 0.0375 0.0416667
0 0.4 0.714583 0.045 0.0541667
0 0.462917 0.11125 0.0308333 0.0341667
0 0.055 0.515417 0.0433333 0.0475
0 0.94625 0.105 0.0425 0.0466667
0 0.33125 0.438333 0.0325 0.0333333
0 0.885833 0.5225 0.0416667 0.04
0 0.774583 0.72875 0.0241667 0.0258333
0 0.289167 0.518333 0.035 0.0383333
0 0.980833 0.215833 0.0383333 0.0516667
0 0.0895833 0.985833 0.0291667 0.0266667
0 0.0704167 0.58375 0.0441667 0.0491667
0 0.0325 0.399167 0.0383333 0.0416667
0 0.91125 0.417083 0.0408333 0.0391667
0 0.100833 0.362083 0.04 0.0458333
0 0.857917 0.467083 0.0408333 0.0458333
0 0.217083 0.562917 0.0391667 0.0408333
0 0.881667 0.0745833 0.0433333 0.0458333
0 0.695 0.220833 0.0383333 0.0416667
0 0.180833 0.87625 0.04 0.0475
0 0.0691667 0.764583 0.0416667 0.0458333
0 0.740833 0.35125 0.0416667 0.0425
0 0.989583 0.511667 0.0208333 0.035
0 0.765 0.00875 0.0383333 0.0175
0 0.837083 0.585833 0.0391667 0.0466667
0 0.822083 0.33875 0.0375 0.0475
0 0.435 0.80375 0.04 0.0425
0 0.0645833 0.1575 0.0375 0.0466667
0 0.640417 0.01875 0.0391667 0.0375
0 0.0675 0.392083 0.035 0.0375
0 0.826667 0.0445833 0.0333333 0.0375
0 0.710833 0.7775 0.0416667 0.045
0 0.145417 0.935833 0.0391667 0.045
0 0.875833 0.271667 0.0366667 0.045
0 0.77625 0.630833 0.0391667 0.0433333
0 0.680417 0.100417 0.0391667 0.0475
0 0.707917 0.132917 0.0375 0.0425
0 0.731667 0.63 0.035 0.0383333
0 0.501667 0.173333 0.0316667 0.035
0 0.169167 0.0295833 0.04 0.0408333
0 0.00791667 0.49125 0.0158333 0.0341667
0 0.59125 0.967083 0.0408333 0.0441667
0 0.879583 0.7525 0.0441667 0.0466667
0 0.511667 0.744167 0.04 0.0483333
0 0.6975 0.0466667 0.04 0.045
0 0.895 0.1775 0.04 0.0416667
0 0.2175 0.28375 0.0366667 0.0475
0 0.0245833 0.982917 0.0325 0.0325
0 0.58125 0.634167 0.0391667 0.045
0 0.850417 0.285 0.0341667 0.0383333
0 0.3 0.3825 0.04 0.0466667
0 0.930417 0.767083 0.0391667 0.0408333
0 0.680417 0.468333 0.0375 0.045
0 0.55 0.0383333 0.0366667 0.0383333
0 0.62625 0.577917 0.0375 0.0441667
0 0.47375 0.395 0.0325 0.035
0 0.575 0.7875 0.0333333 0.035
0 0.0220833 0.8 0.0375 0.0416667
0 0.125 0.0120833 0.0366667 0.0241667
0 0.20875 0.829583 0.0458333 0.0458333
0 0.589583 0.297083 0.0358333 0.0475
0 0.66875 0.340833 0.0391667 0.0416667
0 0.431667 0.0795833 0.0383333 0.0425
0 0.75125 0.257083 0.0308333 0.0341667
0 0.424583 0.954167 0.0358333 0.0383333
0 0.298333 0.777083 0.04 0.0425
0 0.524583 0.624167 0.0358333 0.0366667
0 0.729167 0.897917 0.0416667 0.0475
0 0.839167 0.789167 0.04 0.045
0 0.763333 0.432917 0.0383333 0.0391667
0 0.98 0.68625 0.025 0.0275
0 0.812917 0.400833 0.0341667 0.0366667
0 0.65875 0.393333 0.0375 0.0416667
0 0.815417 0.43 0.0358333 0.0383333
0 0.666667 0.53125 0.0366667 0.0408333
0 0.240833 0.915833 0.035 0.0383333
0 0.0266667 0.02125 0.035 0.0375
0 0.86625 0.375417 0.0391667 0.0458333
0 0.459167 0.483333 0.0366667 0.04
0 0.01375 0.64375 0.0275 0.0425
0 0.48625 0.289583 0.0341667 0.0375
0 0.0983333 0.647083 0.0333333 0.0358333
0 0.185833 0.386667 0.035 0.0383333
0 0.283333 0.292917 0.04 0.0441667
0 0.580417 0.235 0.0291667 0.0316667
0 0.821667 0.21 0.0333333 0.035
0 0.392917 0.174583 0.0391667 0.0391667
0 0.284583 0.692917 0.0358333 0.0425
0 0.279167 0.856667 0.0383333 0.0416667
0 0.921667 0.368333 0.035 0.035
0 0.107917 0.940417 0.0341667 0.0358333
0 0.79 0.497917 0.035 0.0375
0 0.612917 0.638333 0.0358333 0.0383333
0 0.324167 0.295833 0.0366667 0.04
0 0.68 0.828333 0.0383333 0.0416667
0 0.808333 0.128333 0.035 0.04
0 0.0875 0.826667 0.0366667 0.0383333
0 0.915 0.715833 0.0383333 0.0416667
0 0.121667 0.4675 0.0383333 0.045
0 0.264583 0.79375 0.0391667 0.0425
0 0.5375 0.159167 0.0366667 0.0383333
0 0.491667 0.0883333 0.0333333 0.035
0 0.670833 0.28125 0.035 0.0375
0 0.334167 0.584583 0.0283333 0.0325
0 0.502917 0.982917 0.0358333 0.0341667
0 0.19375 0.64 0.0358333 0.0383333
0 0.754167 0.66375 0.0366667 0.0408333
0 0.3425 0.187917 0.0366667 0.0391667
0 0.72125 0.8525 0.0391667 0.0433333
0 0.194167 0.34 0.0366667 0.04
0 0.0241667 0.872917 0.035 0.0358333
0 0.37625 0.6375 0.0358333 0.04
0 0.159583 0.700833 0.0341667 0.035
0 0.22 0.42 0.0366667 0.04
0 0.305417 0.554583 0.0325 0.0358333
0 0.161667 0.46875 0.0383333 0.0408333
0 0.161667 0.43 0.0366667 0.0416667
0 0.156667 0.5325 0.0333333 0.0366667
0 0.258333 0.355 0.0333333 0.035
0 0.79625 0.239583 0.0308333 0.0325
0 0.586667 0.142917 0.035 0.0358333
0 0.46875 0.335833 0.0325 0.0366667
0 0.87875 0.116667 0.0325 0.035
0 0.8025 0.859167 0.0366667 0.04
0 0.58875 0.515 0.0341667 0.0366667
0 0.753333 0.18375 0.0333333 0.0341667
0 0.18875 0.927917 0.0375 0.0375
0 0.98875 0.0641667 0.0225 0.0333333
0 0.0345833 0.0816667 0.0375 0.0383333
0 0.515833 0.86 0.0366667 0.0383333
0 0.0316667 0.109167 0.03 0.03
0 0.7475 0.08 0.0366667 0.0383333
0 0.327083 0.87 0.0325 0.0366667
0 0.510417 0.439167 0.0358333 0.0383333
0 0.90375 0.315417 0.0358333 0.0375
0 0.484583 0.2175 0.0341667 0.0366667
0 0.457917 0.163333 0.0358333 0.0383333
0 0.919167 0.0345833 0.0333333 0.0358333
0 0.455417 0.632083 0.0358333 0.0391667
0 0.729583 0.40875 0.0358333 0.0391667
0 0.0945833 0.882083 0.0325 0.0358333
0 0.619167 0.245833 0.0333333 0.035
0 0.852083 0.0125 0.0341667 0.0233333
0 0.64875 0.899167 0.0341667 0.0366667
0 0.620417 0.805833 0.0325 0.0333333
0 0.909167 0.23875 0.0316667 0.0341667
0 0.453333 0.671667 0.035 0.0383333
0 0.365 0.492083 0.0366667 0.0391667
0 0.3775 0.444583 0.035 0.0391667
0 0.22125 0.51125 0.0341667 0.0358333
0 0.7875 0.7525 0.035 0.04
0 0.587083 0.854583 0.0308333 0.0325
0 0.32125 0.901667 0.0358333 0.0383333
0 0.39375 0.349583 0.0341667 0.0375
0 0.555 0.292917 0.0333333 0.0375
0 0.105 0.0445833 0.0333333 0.0341667
0 0.1225 0.71875 0.0333333 0.0375
0 0.65375 0.96625 0.0358333 0.0375
0 0.531667 0.687083 0.0333333 0.0375
0 0.46375 0.268333 0.0341667 0.0366667
0 0.588333 0.820417 0.0366667 0.0391667
0 0.190417 0.764583 0.0341667 0.0375
0 0.2875 0.945417 0.0366667 0.0408333
0 0.132083 0.852917 0.0358333 0.0375
0 0.78 0.567917 0.035 0.0375
0 0.139167 0.786667 0.035 0.0383333
0 0.341667 0.62125 0.035 0.0375
0 0.600417 0.473333 0.0358333 0.0383333
0 0.4575 0.725417 0.035 0.0375
0 0.25375 0.657917 0.0358333 0.0408333
0 0.589583 0.3625 0.0358333 0.0383333
0 0.522917 0.482917 0.0325 0.0358333
0 0.960417 0.554583 0.0308333 0.0325
0 0.96875 0.29625 0.0341667 0.0358333
0 0.466667 0.584167 0.0333333 0.035
0 0.515417 0.587917 0.0308333 0.0358333
0 0.337917 0.969583 0.0325 0.0325
0 0.873333 0.144167 0.0316667 0.035
0 0.3975 0.785833 0.035 0.0416667
0 0.916667 0.617917 0.0333333 0.0358333
0 0.180417 0.563333 0.0308333 0.035
0 0.0608333 0.700833 0.035 0.0383333
0 0.37375 0.8525 0.0341667 0.0383333
0 0.703333 0.692917 0.035 0.0391667
0 0.345833 0.784583 0.0333333 0.0375
0 0.427083 0.88875 0.0341667 0.0391667
0 0.529167 0.928333 0.0333333 0.0366667
