0 0.854167 0.04625 0.0333333 0.0375
0 0.531667 0.984167 0.0333333 0.0316667
0 0.390417 0.71875 0.0391667 0.0458333
0 0.515 0.677917 0.0383333 0.0425
0 0.517083 0.156667 0.0325 0.035
0 0.772083 0.0845833 0.0358333 0.0391667
0 0.820417 0.731667 0.0308333 0.035
0 0.773333 0.530417 0.045 0.0541667
0 0.0233333 0.607917 0.0433333 0.0525
0 0.492917 0.7725 0.0375 0.0483333
0 0.720833 0.969583 0.035 0.0391667
0 0.650833 0.760417 0.0366667 0.0425
0 0.3025 0.948333 0.0366667 0.0416667
0 0.914167 0.00875 0.0383333 0.0175
0 0.8 0.492083 0.0383333 0.0458333
0 0.748333 0.661667 0.04 0.0483333
0 0.989583 0.642917 0.0208333 0.0458333
0 0.99375 0.395 0.0125 0.035
0 0.484583 0.919167 0.0391667 0.045
0 0.89875 0.837917 0.0425 0.0441667
0 0.930417 0.742917 0.0425 0.0525
0 0.854583 0.685 0.0375 0.0416667
0 0.256667 0.765833 0.0383333 0.0416667
0 0.6375 0.937083 0.0433333 0.0475
0 0.937917 0.625 0.0425 0.0433333
0 0.755833 0.61375 0.0366667 0.0458333
0 0.850417 0.535417 0.0358333 0.0408333
0 0.0075 0.0670833 0.0133333 0.0325
0 0.623333 0.00958333 0.0333333 0.0175
0 0.350417 0.814583 0.0391667 0.0441667
0 0.00833333 0.515 0.0166667 0.035
0 0.752917 0.939583 0.0441667 0.0491667
0 0.29 0.330417 0.0316667 0.0375
0 0.649167 0.674583 0.0333333 0.0341667
0 0.0879167 0.02125 0.0391667 0.0425
0 0.56875 0.0825 0.0325 0.035
0 0.993333 0.534167 0.0133333 0.0333333
0 0.363333 0.305833 0.0433333 0.0516667
0 0.147083 0.08375 0.0308333 0.0341667
0 0.394583 0.617917 0.0358333 0.0391667
0 0.60125 0.155 0.0391667 0.0466667
0 0.241667 0.297083 0.04 0.0475
0 0.0704167 0.56875 0.0341667 0.0375
0 0.39375 0.354167 0.0325 0.0366667
0 0.48375 0.875417 0.0325 0.0358333
0 0.812083 0.980417 0.0375 0.0391667
0 0.18625 0.28375 0.0425 0.0441667
0 0.366667 0.05875 0.0383333 0.0475
0 0.0829167 0.984167 0.0325 0.0316667
0 0.855417 0.920417 0.0391667 0.0441667
0 0.610417 0.713333 0.0408333 0.0433333
0 0.991667 0.31125 0.0166667 0.0341667
0 0.905 0.437917 0.04 0.0458333
0 0.0141667 0.445833 0.0283333 0.0416667
0 0.622083 0.88625 0.0375 0.0441667
0 0.0833333 0.211667 0.0366667 0.0383333
0 0.53125 0.01 0.0358333 0.02
0 0.131667 0.97375 0.0283333 0.0308333
0 0.707083 0.881667 0.0375 0.0433333
0 0.832917 0.6075 0.0341667 0.0366667
0 0.303333 0.855 0.0383333 0.04
0 0.53625 0.11625 0.0375 0.0408333
0 0.734167 0.461667 0.0316667 0.035
0 0.745833 0.04375 0.0366667 0.0408333
0 0.721667 0.737917 0.0383333 0.0408333
0 0.164583 0.465417 0.0391667 0.0425
0 0.905 0.36375 0.035 0.0391667
0 0.274167 0.932083 0.0366667 0.0408333
0 0.33375 0.3575 0.0408333 0.045
0 0.129167 0.215 0.0366667 0.04
0 0.769167 0.815417 0.0366667 0.0391667
0 0.62 0.587917 0.0366667 0.0391667
0 0.487917 0.18625 0.0375 0.0425
0 0.52 0.34 0.0366667 0.0433333
0 0.417917 0.415833 0.0391667 0.045
0 0.862083 0.102917 0.0308333 0.0325
0 0.787083 0.871667 0.0341667 0.0366667
0 0.5625 0.72 0.035 0.0383333
0 0.8125 0.695417 0.0383333 0.0458333
0 0.98625 0.8975 0.0275 0.0383333
0 0.14375 0.3125 0.0358333 0.0366667
0 0.81875 0.0308333 0.0375 0.04
0 0.782083 0.707917 0.0358333 0.0425
0 0.819583 0.113333 0.0341667 0.0366667
0 0.440833 0.669167 0.035 0.0366667
0 0.27625 0.0708333 0.0358333 0.0383333
0 0.74625 0.894167 0.0391667 0.0433333
0 0.106667 0.279167 0.0333333 0.0366667
0 0.18625 0.424167 0.0391667 0.04
0 0.796667 0.615 0.0333333 0.035
0 0.46875 0.379167 0.0375 0.04
0 0.4425 0.792917 0.0316667 0.0325
0 0.114583 0.50125 0.0341667 0.0375
0 0.1225 0.0304167 0.03 0.0358333
0 0.268333 0.493333 0.035 0.0383333
0 0.440417 0.981667 0.0341667 0.0333333
0 0.33125 0.8675 0.0325 0.0366667
0 0.0779167 0.41625 0.0391667 0.0408333
0 0.390417 0.930833 0.0341667 0.0383333
0 0.9775 0.369583 0.0333333 0.0358333
0 0.337917 0.255 0.0391667 0.0433333
0 0.28125 0.250833 0.0358333 0.04
0 0.236667 0.952083 0.0366667 0.0375
0 0.121667 0.610833 0.035 0.0366667
0 0.0195833 0.247083 0.0358333 0.0375
0 0.22125 0.54 0.0358333 0.0383333
0 0.207083 0.0666667 0.0358333 0.04
0 0.125417 0.153333 0.0341667 0.0383333
0 0.980833 0.852083 0.0333333 0.0358333
0 0.305833 0.982917 0.03 0.0308333
0 0.11875 0.901667 0.0341667 0.035
0 0.117917 0.0620833 0.0308333 0.0341667
0 0.6675 0.0170833 0.0316667 0.0325
0 0.339167 0.152083 0.0366667 0.0441667
0 0.927917 0.541667 0.0341667 0.035
0 0.0429167 0.99 0.0325 0.0183333
0 0.205833 0.219583 0.035 0.0391667
0 0.247083 0.3725 0.0341667 0.0366667
0 0.855833 0.481667 0.0333333 0.035
0 0.302083 0.43 0.0341667 0.035
0 0.465417 0.845 0.0325 0.0366667
0 0.614167 0.822917 0.0366667 0.0375
0 0.415417 0.303333 0.0308333 0.0333333
0 0.884167 0.958333 0.0316667 0.0333333
0 0.153333 0.0170833 0.0333333 0.0341667
0 0.0420833 0.302083 0.0358333 0.0375
0 0.362083 0.987917 0.0341667 0.0241667
0 0.0275 0.485833 0.0333333 0.0366667
0 0.625 0.114583 0.0366667 0.0425
0 0.177083 0.53875 0.0308333 0.0325
0 0.4575 0.310417 0.035 0.0391667
0 0.46625 0.0679167 0.0358333 0.0391667
0 0.352083 0.395833 0.0341667 0.035
0 0.98375 0.957083 0.0325 0.0358333
0 0.245417 0.122083 0.0275 0.0341667
0 0.794167 0.782083 0.0366667 0.0408333
0 0.837083 0.778333 0.0358333 0.0383333
0 0.413333 0.255417 0.0283333 0.0308333
0 0.275833 0.304583 0.0366667 0.0391667
0 0.689583 0.785833 0.0358333 0.0383333
0 0.577083 0.229167 0.0391667 0.0416667
0 0.938333 0.92875 0.0333333 0.0375
0 0.0691667 0.0758333 0.035 0.0383333
0 0.400833 0.169583 0.035 0.0375
0 0.03625 0.0125 0.0325 0.025
0 0.245417 0.0179167 0.0358333 0.0358333
0 0.350833 0.0145833 0.035 0.0275
0 0.252917 0.175417 0.0308333 0.0325
0 0.4425 0.16375 0.0333333 0.0358333
0 0.544583 0.815 0.0341667 0.0366667
0 0.67625 0.0475 0.0341667 0.0383333
0 0.127083 0.35125 0.0325 0.0358333
