0 0.100417 0.546667 0.0308333 0.035
0 0.485417 0.179583 0.0375 0.0441667
0 0.532083 0.896667 0.0325 0.0383333
0 0.920417 0.0920833 0.0275 0.0308333
0 0.430417 0.755 0.0458333 0.0566667
0 0.38875 0.857917 0.0425 0.0558333
0 0.554167 0.337917 0.0266667 0.0308333
0 0.0616667 0.385417 0.0466667 0.0541667
0 0.499583 0.0266667 0.0375 0.045
0 0.488333 0.764167 0.0333333 0.035
0 0.932083 0.539167 0.0441667 0.0516667
0 0.531667 0.372083 0.0366667 0.0375
0 0.767917 0.109167 0.0408333 0.0433333
0 0.122917 0.319583 0.0425 0.0458333
0 0.8025 0.442083 0.03 0.0358333
0 0.99375 0.015 0.0125 0.03
0 0.995417 0.508333 0.00916667 0.03
0 0.727917 0.05625 0.0308333 0.0341667
0 0.00875 0.8975 0.0175 0.0366667
0 0.321667 0.285417 0.04 0.0475
0 0.496667 0.442083 0.0383333 0.0408333
0 0.52625 0.07625 0.0425 0.0458333
0 0.57375 0.935833 0.0325 0.0383333
0 0.319167 0.67 0.03 0.035
0 0.209583 0.399583 0.0375 0.0458333
0 0.676667 0.0554167 0.04 0.0458333
0 0.589583 0.637083 0.0408333 0.0491667
0 0.92625 0.589583 0.0391667 0.0425
0 0.126667 0.945417 0.04 0.0475
0 0.218333 0.68375 0.0383333 0.0425
0 0.359583 0.808333 0.0391667 0.0433333
0 0.497917 0.51875 0.0391667 0.0475
0 0.45125 0.856667 0.0375 0.0416667
0 0.0195833 0.720833 0.0358333 0.04
0 0.989167 0.85125 0.0216667 0.0358333
0 0.202083 0.642917 0.0441667 0.0491667
0 0.958333 0.94875 0.0333333 0.0408333
0 0.148333 0.16125 0.0383333 0.0391667
0 0.349167 0.645417 0.0383333 0.0441667
0 0.655833 0.65375 0.0383333 0.0408333
0 0.550417 0.624583 0.0325 0.0341667
0 0.612917 0.68625 0.0408333 0.0441667
0 0.135417 0.435417 0.0408333 0.0458333
0 0.335417 0.595417 0.0408333 0.0458333
0 0.703333 0.600833 0.0333333 0.0366667
0 0.460833 0.482917 0.0366667 0.0391667
0 0.915833 0.430833 0.0366667 0.045
0 0.0691667 0.501667 0.04 0.045
0 0.156667 0.24125 0.0333333 0.0375
0 0.0116667 0.645417 0.0233333 0.0425
0 0.212083 0.757917 0.0341667 0.0375
0 0.331667 0.117083 0.035 0.0375
0 0.375417 0.254167 0.0408333 0.0483333
0 0.790833 0.815417 0.0366667 0.0391667
0 0.0558333 0.782917 0.0416667 0.0441667
0 0.9375 0.2575 0.0433333 0.045
0 0.836667 0.03125 0.0366667 0.0425
0 0.838333 0.142917 0.0383333 0.0475
0 0.63875 0.780417 0.0375 0.0425
0 0.145833 0.764167 0.0366667 0.04
0 0.376667 0.98625 0.0366667 0.0275
0 0.25 0.78375 0.0383333 0.0441667
0 0.655 0.87625 0.0383333 0.0441667
0 0.282083 0.829167 0.0375 0.04
0 0.209583 0.10375 0.0358333 0.0441667
0 0.760833 0.6675 0.035 0.0366667
0 0.230417 0.847917 0.0308333 0.0358333
0 0.41375 0.111667 0.0375 0.0483333
0 0.507083 0.26875 0.0375 0.0425
0 0.472083 0.12375 0.0375 0.0425
0 0.304583 0.742917 0.0375 0.0425
0 0.716667 0.52625 0.04 0.0441667
0 0.230417 0.560417 0.0375 0.0425
0 0.292083 0.103333 0.0375 0.04
0 0.871667 0.548333 0.0383333 0.0416667
0 0.347917 0.944167 0.0341667 0.0383333
0 0.426667 0.894167 0.0383333 0.0416667
0 0.244583 0.617083 0.0325 0.0341667
0 0.465417 0.815833 0.0308333 0.035
0 0.469167 0.274583 0.0333333 0.0358333
0 0.786667 0.565417 0.0316667 0.0341667
0 0.645417 0.390417 0.0375 0.0408333
0 0.755833 0.7325 0.035 0.0383333
0 0.275833 0.214167 0.035 0.0383333
0 0.32875 0.375417 0.0325 0.0358333
0 0.502083 0.10375 0.0358333 0.0391667
0 0.10375 0.727917 0.0358333 0.0375
0 0.185417 0.315417 0.0408333 0.0425
0 0.015 0.586667 0.03 0.04
0 0.0254167 0.989583 0.0341667 0.0208333
0 0.43875 0.415417 0.0358333 0.0408333
0 0.705833 0.744167 0.0383333 0.0433333
0 0.34875 0.753333 0.0275 0.03
0 0.28 0.66625 0.0416667 0.0425
0 0.682083 0.263333 0.0391667 0.0416667
0 0.733333 0.246667 0.0366667 0.0416667
0 0.980833 0.635417 0.0383333 0.0391667
0 0.537083 0.841667 0.0375 0.04
0 0.308333 0.35375 0.0366667 0.0425
0 0.38625 0.760417 0.0375 0.0408333
0 0.988333 0.185833 0.0216667 0.04
0 0.815 0.63375 0.0383333 0.0408333
0 0.677917 0.512083 0.0391667 0.0441667
0 0.525833 0.239583 0.03 0.0341667
0 0.733333 0.661667 0.04 0.045
0 0.628333 0.476667 0.0366667 0.04
0 0.165417 0.703333 0.0358333 0.04
0 0.575417 0.0116667 0.0358333 0.0233333
0 0.585 0.85625 0.04 0.0425
0 0.01125 0.319167 0.0225 0.0366667
0 0.555417 0.464167 0.0391667 0.04
0 0.89125 0.4825 0.0375 0.0433333
0 0.578333 0.378333 0.035 0.0383333
0 0.604583 0.101667 0.0358333 0.0383333
0 0.0891667 0.635417 0.0383333 0.0391667
0 0.104583 0.905417 0.0358333 0.0391667
0 0.49375 0.615833 0.0358333 0.0416667
0 0.884167 0.428333 0.03 0.0333333
0 0.312083 0.555 0.0391667 0.04
0 0.27875 0.935833 0.0391667 0.04
0 0.539583 0.72 0.0375 0.04
0 0.7225 0.41125 0.035 0.0391667
0 0.481667 0.722083 0.0366667 0.0391667
0 0.295417 0.861667 0.0358333 0.04
0 0.415833 0.615 0.035 0.04
0 0.8025 0.36125 0.0383333 0.0408333
0 0.737083 0.46125 0.0325 0.0358333
0 0.862917 0.502917 0.0358333 0.0391667
0 0.62375 0.959167 0.0341667 0.0366667
0 0.91375 0.351667 0.0358333 0.0383333
0 0.665417 0.127917 0.0358333 0.0408333
0 0.980833 0.254583 0.0333333 0.0358333
0 0.434583 0.67625 0.0375 0.0375
0 0.39875 0.70125 0.0341667 0.0391667
0 0.272083 0.384167 0.0358333 0.04
0 0.965833 0.065 0.0316667 0.0333333
0 0.74375 0.59875 0.0341667 0.0375
0 0.840833 0.580417 0.035 0.0391667
0 0.377083 0.347917 0.0341667 0.0375
0 0.97375 0.491667 0.0325 0.035
0 0.0883333 0.850417 0.0316667 0.0341667
0 0.0129167 0.389167 0.0258333 0.0416667
0 0.681667 0.330833 0.0366667 0.04
0 0.17125 0.9325 0.0375 0.04
0 0.0429167 0.957917 0.0341667 0.0358333
0 0.605833 0.742917 0.0333333 0.0358333
0 0.5675 0.52375 0.035 0.0375
0 0.335 0.899167 0.035 0.0383333
0 0.509167 0.318333 0.0316667 0.035
0 0.525 0.798333 0.035 0.0366667
0 0.46625 0.58875 0.0308333 0.0358333
0 0.0108333 0.532917 0.0216667 0.0358333
0 0.343333 0.47125 0.0333333 0.0358333
0 0.124167 0.845 0.0333333 0.0333333
0 0.259167 0.99 0.0333333 0.02
0 0.150833 0.631667 0.0333333 0.035
0 0.859583 0.625417 0.0375 0.0408333
0 0.48625 0.92625 0.0341667 0.0358333
0 0.634167 0.35125 0.0333333 0.0358333
0 0.400833 0.1925 0.035 0.04
0 0.859167 0.692917 0.035 0.0375
0 0.88875 0.275 0.0358333 0.0366667
0 0.27125 0.287083 0.0341667 0.0391667
0 0.246667 0.709583 0.0366667 0.0391667
0 0.922917 0.12625 0.0358333 0.0425
0 0.93125 0.0366667 0.0308333 0.0333333
0 0.4825 0.354167 0.035 0.0383333
0 0.891667 0.20875 0.035 0.0391667
0 0.601667 0.22 0.035 0.04
0 0.399167 0.525417 0.0333333 0.0358333
0 0.970833 0.597083 0.0366667 0.0375
0 0.835417 0.10875 0.0325 0.0341667
0 0.219167 0.9275 0.035 0.0383333
0 0.82375 0.4975 0.0341667 0.0366667
