0 0.268333 0.177083 0.0383333 0.0425
0 0.4675 0.721667 0.0416667 0.0433333
0 0.28125 0.694583 0.0291667 0.0308333
0 0.220833 0.230417 0.045 0.0591667
0 0.549583 0.1125 0.0375 0.0416667
0 0.543333 0.46375 0.045 0.0441667
0 0.283333 0.223333 0.0466667 0.05
0 0.36375 0.674583 0.0358333 0.0375
0 0.104167 0.903333 0.0366667 0.04
0 0.993333 0.2325 0.0133333 0.0333333
0 0.774583 0.581667 0.0458333 0.0483333
0 0.170833 0.939583 0.0433333 0.0458333
0 0.497083 0.66 0.0341667 0.04
0 0.126667 0.583333 0.035 0.0366667
0 0.947083 0.195 0.0308333 0.035
0 0.09125 0.12625 0.0408333 0.0508333
0 0.27625 0.9625 0.0441667 0.045
0 0.492083 0.00791667 0.0291667 0.0158333
0 0.29625 0.0366667 0.0358333 0.0383333
0 0.725833 0.00791667 0.03 0.0158333
0 0.123333 0.045 0.0433333 0.0483333
0 0.37 0.565833 0.0366667 0.0383333
0 0.465417 0.227083 0.0308333 0.0375
0 0.604583 0.419583 0.0291667 0.0325
0 0.63875 0.817917 0.0408333 0.0458333
0 0.9925 0.38125 0.015 0.0341667
0 0.507917 0.555 0.0291667 0.03
0 0.307917 0.70875 0.0341667 0.0375
0 0.1825 0.119167 0.0416667 0.0466667
0 0.855 0.388333 0.04 0.045
0 0.782917 0.962083 0.0391667 0.0458333
0 0.962917 0.395 0.0391667 0.045
0 0.667083 0.911667 0.0391667 0.0433333
0 0.285833 0.892917 0.04 0.0475
0 0.8525 0.52375 0.0383333 0.0425
0 0.9325 0.457083 0.0416667 0.0508333
0 0.991667 0.485833 0.0166667 0.035
0 0.813333 0.392083 0.04 0.0458333
0 0.477083 0.617083 0.0375 0.0425
0 0.305417 0.424167 0.0375 0.0433333
0 0.580833 0.795417 0.04 0.0441667
0 0.167917 0.777917 0.0391667 0.0425
0 0.19 0.0241667 0.0383333 0.0466667
0 0.331667 0.985 0.035 0.03
0 0.17 0.1675 0.0383333 0.0383333
0 0.566667 0.0475 0.0333333 0.0366667
0 0.542917 0.015 0.0341667 0.03
0 0.699167 0.119167 0.04 0.0433333
0 0.631667 0.645833 0.0383333 0.0433333
0 0.98625 0.986667 0.0275 0.0266667
0 0.4225 0.177083 0.0366667 0.0425
0 0.495417 0.26 0.0358333 0.0433333
0 0.702083 0.476667 0.0425 0.045
0 0.80875 0.537083 0.0375 0.0441667
0 0.430833 0.595833 0.0366667 0.04
0 0.659583 0.879167 0.0375 0.0433333
0 0.85625 0.47875 0.0391667 0.0458333
0 0.724167 0.52625 0.0383333 0.0425
0 0.51625 0.719583 0.0325 0.0358333
0 0.615417 0.162083 0.0425 0.0491667
0 0.224167 0.950833 0.0416667 0.0416667
0 0.459583 0.837917 0.0375 0.0391667
0 0.92 0.93375 0.03 0.0325
0 0.152917 0.2125 0.0408333 0.0416667
0 0.476667 0.87875 0.0383333 0.0475
0 0.535 0.801667 0.035 0.0366667
0 0.395417 0.800833 0.0358333 0.0383333
0 0.37 0.0620833 0.035 0.0375
0 0.336667 0.807083 0.04 0.0441667
0 0.734167 0.858333 0.0416667 0.0416667
0 0.675 0.809583 0.0366667 0.0408333
0 0.682083 0.96 0.0308333 0.035
0 0.887083 0.1925 0.0275 0.035
0 0.75875 0.46375 0.0425 0.0458333
0 0.565 0.754583 0.0366667 0.0408333
0 0.2325 0.792917 0.04 0.0458333
0 0.55375 0.627083 0.0358333 0.0391667
0 0.979167 0.78375 0.035 0.0408333
0 0.125 0.393333 0.0366667 0.04
0 0.99 0.725 0.0183333 0.0383333
0 0.81 0.31125 0.035 0.0375
0 0.497917 0.12 0.0308333 0.0333333
0 0.352917 0.13125 0.0391667 0.0408333
0 0.622083 0.878333 0.0391667 0.0483333
0 0.415 0.0783333 0.0366667 0.04
0 0.370417 0.17125 0.0358333 0.0391667
0 0.489167 0.98875 0.0333333 0.0225
0 0.0116667 0.0408333 0.0233333 0.0416667
0 0.842083 0.98625 0.0375 0.0275
0 0.53125 0.203333 0.0375 0.0416667
0 0.519167 0.892917 0.035 0.0375
0 0.739167 0.39125 0.035 0.0375
0 0.439167 0.955417 0.0333333 0.0375
0 0.117917 0.814167 0.0341667 0.0366667
0 0.957917 0.254583 0.0325 0.0358333
0 0.566667 0.972917 0.0333333 0.0375
0 0.0470833 0.51625 0.0391667 0.0425
0 0.54875 0.925 0.0358333 0.0383333
0 0.59625 0.905 0.0341667 0.0366667
0 0.322917 0.922083 0.0308333 0.0341667
0 0.785417 0.8325 0.0341667 0.035
0 0.400833 0.331667 0.035 0.0366667
0 0.0129167 0.504167 0.0258333 0.0383333
0 0.694583 0.0320833 0.0391667 0.0408333
0 0.832083 0.71875 0.0375 0.0391667
0 0.962917 0.5075 0.0358333 0.04
0 0.892083 0.495417 0.0358333 0.0408333
0 0.8925 0.4175 0.03 0.0316667
0 0.984583 0.677083 0.0308333 0.0391667
0 0.805 0.638333 0.0366667 0.0416667
0 0.0458333 0.0254167 0.0366667 0.0408333
0 0.606667 0.596667 0.0383333 0.0416667
0 0.191667 0.264167 0.0316667 0.035
0 0.336667 0.0870833 0.0366667 0.0391667
0 0.825 0.815833 0.0366667 0.0383333
0 0.724167 0.744583 0.035 0.0358333
0 0.372083 0.922083 0.0341667 0.0358333
0 0.620833 0.494583 0.0383333 0.0391667
0 0.972083 0.317917 0.0308333 0.0358333
0 0.8575 0.580833 0.035 0.0383333
0 0.167917 0.864167 0.0375 0.0433333
0 0.708333 0.813333 0.0383333 0.0416667
0 0.752917 0.714583 0.0291667 0.0308333
0 0.462083 0.287917 0.0308333 0.0325
0 0.921667 0.775417 0.0316667 0.0341667
0 0.699583 0.54875 0.0325 0.0358333
0 0.16875 0.50875 0.0341667 0.0375
0 0.468333 0.129167 0.035 0.0383333
0 0.22375 0.0229167 0.0341667 0.0375
0 0.776667 0.0504167 0.0366667 0.0408333
0 0.295417 0.34375 0.0341667 0.0358333
0 0.172083 0.314167 0.0341667 0.035
0 0.68375 0.77125 0.0375 0.0408333
0 0.33625 0.256667 0.0325 0.0333333
0 0.9525 0.6375 0.035 0.0366667
0 0.0608333 0.22125 0.03 0.0341667
0 0.116667 0.468333 0.0316667 0.0333333
0 0.651667 0.51375 0.035 0.0341667
0 0.0458333 0.354167 0.035 0.0366667
0 0.596667 0.985417 0.035 0.0291667
0 0.612083 0.0195833 0.0341667 0.0358333
0 0.30875 0.27875 0.0308333 0.0325
0 0.0183333 0.438333 0.0316667 0.035
0 0.918333 0.870417 0.0366667 0.0391667
0 0.774583 0.415417 0.0358333 0.0391667
0 0.637917 0.765 0.0325 0.0366667
0 0.352083 0.746667 0.0358333 0.0416667
0 0.427083 0.7025 0.0341667 0.0383333
0 0.401667 0.015 0.0316667 0.03
0 0.611667 0.219583 0.035 0.0375
0 0.495 0.0570833 0.035 0.0358333
0 0.7325 0.586667 0.035 0.0416667
0 0.91375 0.27125 0.0358333 0.0408333
0 0.804167 0.911667 0.0333333 0.0383333
0 0.784583 0.01375 0.0375 0.0275
0 0.205417 0.348333 0.0358333 0.04
0 0.256667 0.34375 0.0333333 0.0375
