0 0.6025 0.0120833 0.03 0.0241667
0 0.280833 0.669167 0.035 0.0383333
0 0.702917 0.618333 0.0308333 0.0366667
0 0.947083 0.98875 0.0325 0.0225
0 0.865833 0.335 0.0366667 0.0416667
0 0.994583 0.115833 0.0108333 0.0333333
0 0.768333 0.50375 0.0466667 0.0575
0 0.005 0.675417 0.01 0.0325
0 0.765833 0.232083 0.0316667 0.0341667
0 0.142083 0.679167 0.0441667 0.0516667
0 0.200417 0.97625 0.0408333 0.0458333
0 0.450833 0.462917 0.045 0.0525
0 0.395417 0.145833 0.0425 0.0466667
0 0.06125 0.679583 0.0408333 0.0508333
0 0.489167 0.555833 0.0416667 0.045
0 0.187083 0.465833 0.0441667 0.0483333
0 0.467083 0.00958333 0.0358333 0.0191667
0 0.221667 0.0566667 0.045 0.0483333
0 0.147917 0.5975 0.0375 0.0433333
0 0.420417 0.594167 0.0375 0.04
0 0.38 0.88 0.04 0.0416667
0 0.621667 0.53 0.045 0.0483333
0 0.67625 0.67125 0.0325 0.0358333
0 0.837083 0.552917 0.0391667 0.0441667
0 0.2325 0.57375 0.0333333 0.0358333
0 0.45 0.505417 0.035 0.0391667
0 0.465 0.609167 0.035 0.0366667
0 0.152083 0.9925 0.0308333 0.015
0 0.0679167 0.763333 0.0408333 0.045
0 0.387083 0.3325 0.0391667 0.0416667
0 0.59625 0.7475 0.0375 0.045
0 0.9075 0.192083 0.04 0.0408333
0 0.7125 0.949583 0.0416667 0.0441667
0 0.690417 0.254583 0.0441667 0.0541667
0 0.624583 0.66 0.0391667 0.045
0 0.573333 0.384583 0.0366667 0.0391667
0 0.43375 0.304167 0.0358333 0.0366667
0 0.395833 0.0216667 0.0416667 0.0433333
0 0.984583 0.825833 0.0308333 0.0333333
0 0.2325 0.412917 0.0333333 0.0391667
0 0.692083 0.326667 0.0391667 0.05
0 0.107083 0.530417 0.0408333 0.0458333
0 0.25375 0.02125 0.0341667 0.0391667
0 0.44875 0.685417 0.0391667 0.0441667
0 0.587917 0.178333 0.0391667 0.045
0 0.254583 0.30625 0.0425 0.0458333
0 0.960417 0.0675 0.0341667 0.0416667
0 0.5775 0.24 0.0366667 0.0416667
0 0.243333 0.0916667 0.0333333 0.0366667
0 0.25875 0.650833 0.0425 0.05
0 0.219167 0.544583 0.04 0.0458333
0 0.704167 0.135417 0.0416667 0.0491667
0 0.57125 0.04625 0.0358333 0.0391667
0 0.260833 0.760833 0.0366667 0.04
0 0.0895833 0.633333 0.0391667 0.0433333
0 0.754167 0.159583 0.0333333 0.0375
0 0.00833333 0.726667 0.0166667 0.0366667
0 0.095 0.975 0.04 0.0416667
0 0.336667 0.636667 0.0383333 0.0466667
0 0.844167 0.214583 0.0366667 0.0441667
0 0.0975 0.460417 0.0383333 0.0408333
0 0.61375 0.336667 0.0375 0.0416667
0 0.01 0.382083 0.02 0.0391667
0 0.405833 0.93625 0.0366667 0.0408333
0 0.540417 0.140833 0.0375 0.0416667
0 0.1775 0.677083 0.0366667 0.0441667
0 0.840833 0.472083 0.0383333 0.0408333
0 0.127917 0.0770833 0.0375 0.0441667
0 0.359167 0.04625 0.035 0.0391667
0 0.836667 0.270417 0.0383333 0.0458333
0 0.81 0.594167 0.04 0.045
0 0.555 0.46375 0.0433333 0.0441667
0 0.167083 0.109583 0.0341667 0.0391667
0 0.472083 0.245 0.0391667 0.04
0 0.452083 0.164583 0.0325 0.0358333
0 0.695833 0.448333 0.0366667 0.04
0 0.664167 0.5575 0.0316667 0.0366667
0 0.303333 0.778333 0.0333333 0.0366667
0 0.717083 0.574583 0.0358333 0.0458333
0 0.23 0.917917 0.0366667 0.0441667
0 0.315833 0.711667 0.0366667 0.0383333
0 0.229583 0.831667 0.0291667 0.0333333
0 0.655833 0.312083 0.0333333 0.0375
0 0.657083 0.1575 0.0391667 0.0433333
0 0.802083 0.32 0.0341667 0.035
0 0.898333 0.36 0.0366667 0.045
0 0.59875 0.276667 0.0325 0.0366667
0 0.150417 0.234167 0.0358333 0.0383333
0 0.9575 0.492917 0.0366667 0.0391667
0 0.01125 0.482083 0.0225 0.0425
0 0.76 0.0179167 0.0366667 0.0358333
0 0.942083 0.125 0.0341667 0.0366667
0 0.92625 0.0525 0.0341667 0.04
0 0.422083 0.809583 0.0341667 0.0391667
0 0.3325 0.871667 0.0366667 0.0416667
0 0.248333 0.349583 0.0366667 0.0391667
0 0.381667 0.537917 0.0316667 0.0341667
0 0.0720833 0.346667 0.0391667 0.0433333
0 0.55 0.417917 0.0316667 0.0341667
0 0.4375 0.617917 0.0366667 0.0391667
0 0.0625 0.276667 0.0316667 0.035
0 0.705833 0.505417 0.0383333 0.0425
0 0.69375 0.1875 0.0391667 0.04
0 0.615417 0.25125 0.0358333 0.0391667
0 0.959583 0.91375 0.0341667 0.0391667
0 0.22125 0.607083 0.0391667 0.0408333
0 0.0225 0.429583 0.035 0.0391667
0 0.3125 0.845 0.0316667 0.0333333
0 0.522083 0.0983333 0.0325 0.0333333
0 0.120833 0.56875 0.0333333 0.0341667
0 0.912917 0.95875 0.0341667 0.0358333
0 0.964167 0.795417 0.0316667 0.0375
0 0.320833 0.30625 0.0366667 0.0391667
0 0.18125 0.9125 0.0358333 0.0383333
0 0.98625 0.217083 0.0275 0.0325
0 0.379167 0.675 0.0366667 0.0383333
0 0.2625 0.2025 0.0333333 0.035
0 0.0216667 0.817917 0.0383333 0.0391667
0 0.7725 0.17875 0.0366667 0.0408333
0 0.759167 0.586667 0.0383333 0.0416667
0 0.76 0.269583 0.04 0.0441667
0 0.987917 0.165833 0.0241667 0.035
0 0.31625 0.0616667 0.0375 0.04
0 0.2275 0.681667 0.0366667 0.04
0 0.879167 0.305 0.04 0.0416667
0 0.98625 0.2675 0.0275 0.0366667
0 0.236667 0.222083 0.03 0.0325
0 0.444167 0.08625 0.0333333 0.0375
0 0.89 0.0683333 0.04 0.045
0 0.0504167 0.59375 0.0358333 0.0391667
0 0.190833 0.840833 0.0333333 0.0366667
0 0.0929167 0.81875 0.0358333 0.0375
0 0.19125 0.156667 0.0358333 0.0383333
0 0.108333 0.209583 0.0366667 0.0391667
0 0.76625 0.457083 0.0358333 0.0391667
0 0.575 0.515417 0.04 0.0425
0 0.9525 0.4275 0.035 0.04
0 0.375417 0.791667 0.0358333 0.0383333
0 0.803333 0.410833 0.0333333 0.035
0 0.0479167 0.460833 0.0325 0.035
0 0.326667 0.1875 0.0383333 0.0383333
0 0.387083 0.275417 0.0325 0.0341667
0 0.630833 0.0583333 0.035 0.0366667
0 0.15875 0.850417 0.0358333 0.0391667
0 0.304583 0.129167 0.0325 0.0333333
0 0.51625 0.0295833 0.0325 0.0358333
0 0.517083 0.742917 0.0358333 0.0391667
0 0.653333 0.0175 0.035 0.035
0 0.295 0.476667 0.0383333 0.04
0 0.02125 0.2525 0.0375 0.0416667
0 0.508333 0.20125 0.0316667 0.0341667
0 0.864167 0.0245833 0.0366667 0.0391667
0 0.232083 0.875417 0.0325 0.0341667
0 0.950417 0.311667 0.0308333 0.0333333
0 0.0554167 0.88125 0.0308333 0.0325
0 0.749583 0.417917 0.0358333 0.0375
0 0.399583 0.375417 0.0375 0.0425
0 0.135417 0.343333 0.0341667 0.0366667
0 0.20125 0.344583 0.0325 0.0358333
0 0.874167 0.109167 0.0333333 0.0366667
0 0.05 0.926667 0.03 0.0316667
0 0.855 0.982083 0.0316667 0.0341667
0 0.64875 0.371667 0.0341667 0.0366667
0 0.299583 0.393333 0.0341667 0.0366667
0 0.627917 0.17875 0.0341667 0.0375
0 0.263333 0.830833 0.03 0.0333333
0 0.625833 0.414583 0.0366667 0.0408333
0 0.375833 0.431667 0.0333333 0.0366667
0 0.652083 0.280417 0.0358333 0.0408333
0 0.35 0.574167 0.0366667 0.04
0 0.190833 0.244583 0.0316667 0.0358333
0 0.505833 0.299583 0.0333333 0.0358333
0 0.216667 0.314583 0.0316667 0.0358333
0 0.8275 0.129583 0.0316667 0.0358333
0 0.27 0.12625 0.0333333 0.0375
0 0.0175 0.946667 0.0333333 0.0366667
0 0.148333 0.169583 0.0333333 0.0375
0 0.954583 0.2175 0.0341667 0.0383333
0 0.234167 0.775 0.0333333 0.0366667
0 0.0358333 0.205 0.035 0.0383333
0 0.79875 0.354583 0.0325 0.0358333
0 0.236667 0.265417 0.0333333 0.0375
0 0.985 0.365833 0.03 0.035
0 0.432917 0.417083 0.0341667 0.0341667
0 0.401667 0.502083 0.0316667 0.0358333
