0 0.101667 0.399167 0.045 0.0483333
0 0.436667 0.535 0.0466667 0.0466667
0 0.20625 0.75125 0.0408333 0.0491667
0 0.262917 0.989583 0.0341667 0.0191667
0 0.29125 0.870417 0.0441667 0.0491667
0 0.0191667 0.756667 0.035 0.04
0 0.935833 0.89625 0.03 0.0308333
0 0.990417 0.25125 0.0175 0.0308333
0 0.0970833 0.80625 0.0408333 0.0441667
0 0.950417 0.94375 0.0325 0.0375
0 0.24875 0.0970833 0.0375 0.0425
0 0.753333 0.61625 0.0383333 0.0391667
0 0.18125 0.987917 0.0291667 0.0225
0 0.73375 0.437083 0.0425 0.0525
0 0.1675 0.259167 0.04 0.045
0 0.732917 0.295 0.0391667 0.0466667
0 0.354583 0.07125 0.0441667 0.0458333
0 0.489583 0.869167 0.0291667 0.0316667
0 0.573333 0.991667 0.0316667 0.0166667
0 0.0158333 0.883333 0.0316667 0.045
0 0.69125 0.01125 0.0391667 0.0208333
0 0.00958333 0.2925 0.0191667 0.035
0 0.314167 0.480833 0.0366667 0.045
0 0.791667 0.283333 0.04 0.0466667
0 0.89625 0.93 0.0358333 0.0366667
0 0.89 0.444167 0.0366667 0.0466667
0 0.742083 0.9675 0.0375 0.045
0 0.169583 0.921667 0.0325 0.0383333
0 0.0970833 0.710417 0.0375 0.0408333
0 0.702917 0.84 0.0391667 0.0516667
0 0.340417 0.669167 0.0425 0.0466667
0 0.30625 0.74125 0.0441667 0.0508333
0 0.580417 0.675833 0.0425 0.045
0 0.750833 0.74 0.04 0.045
0 0.43625 0.725 0.0391667 0.045
0 0.532917 0.903333 0.0325 0.0333333
0 0.13 0.22875 0.035 0.0358333
0 0.16625 0.00958333 0.0391667 0.0191667
0 0.580417 0.814583 0.0408333 0.0458333
0 0.932917 0.737917 0.0391667 0.0458333
0 0.657083 0.507083 0.0358333 0.0441667
0 0.68625 0.991667 0.0325 0.0166667
0 0.643333 0.300833 0.0366667 0.0383333
0 0.2475 0.882083 0.04 0.0425
0 0.705 0.39875 0.04 0.0458333
0 0.82625 0.31 0.0375 0.0416667
0 0.9325 0.205417 0.04 0.0408333
0 0.839583 0.97 0.0375 0.04
0 0.42125 0.0404167 0.0275 0.0308333
0 0.789167 0.650417 0.0366667 0.0441667
0 0.09125 0.98625 0.0275 0.0241667
0 0.3975 0.667917 0.04 0.0458333
0 0.527083 0.519583 0.0341667 0.0375
0 0.579167 0.344167 0.0333333 0.0366667
0 0.0108333 0.7925 0.0216667 0.0366667
0 0.83125 0.76 0.0408333 0.0483333
0 0.1675 0.813333 0.0366667 0.04
0 0.49 0.927083 0.0383333 0.0408333
0 0.31625 0.0620833 0.0308333 0.0325
0 0.8 0.57125 0.0383333 0.0441667
0 0.841667 0.157083 0.035 0.0408333
0 0.706667 0.274583 0.035 0.0408333
0 0.29625 0.589167 0.0308333 0.035
0 0.443333 0.872083 0.04 0.0458333
0 0.312083 0.01 0.0325 0.02
0 0.947083 0.101667 0.0375 0.04
0 0.2625 0.69375 0.0366667 0.0391667
0 0.0366667 0.33375 0.0383333 0.0441667
0 0.367083 0.523333 0.0391667 0.04
0 0.967917 0.382083 0.0358333 0.0391667
0 0.38 0.799167 0.04 0.045
0 0.69875 0.7225 0.0341667 0.0383333
0 0.05375 0.0229167 0.0375 0.0408333
0 0.669583 0.825417 0.0308333 0.0341667
0 0.1325 0.2775 0.0366667 0.04
0 0.933333 0.80625 0.03 0.0325
0 0.172917 0.879583 0.0341667 0.0375
0 0.622083 0.592917 0.0375 0.0408333
0 0.33 0.625417 0.04 0.0425
0 0.980833 0.579583 0.0316667 0.0358333
0 0.21375 0.142083 0.0275 0.0291667
0 0.187083 0.7025 0.0375 0.04
0 0.432917 0.991667 0.0341667 0.0166667
0 0.945 0.5525 0.0383333 0.0416667
0 0.509167 0.977083 0.035 0.0391667
0 0.988333 0.772083 0.0233333 0.0375
0 0.744583 0.92375 0.0325 0.0341667
0 0.897917 0.22375 0.0358333 0.0408333
0 0.692917 0.354583 0.0358333 0.0391667
0 0.25 0.1925 0.0316667 0.035
0 0.795 0.2325 0.035 0.0383333
0 0.0133333 0.345833 0.0266667 0.0366667
0 0.66625 0.675833 0.0375 0.0383333
0 0.457083 0.02375 0.0358333 0.0391667
0 0.364583 0.905 0.0358333 0.04
0 0.2075 0.941667 0.0366667 0.0416667
0 0.347917 0.1175 0.0358333 0.0383333
0 0.468333 0.487917 0.04 0.0425
0 0.487917 0.595417 0.0308333 0.0341667
0 0.904167 0.540417 0.0333333 0.0375
0 0.531667 0.63875 0.0333333 0.0358333
0 0.478333 0.985417 0.035 0.0291667
0 0.56 0.56 0.0366667 0.0383333
0 0.372083 0.571667 0.0341667 0.0383333
0 0.530417 0.429167 0.0358333 0.04
0 0.642083 0.345833 0.0375 0.0416667
0 0.986667 0.982917 0.0266667 0.0325
0 0.635833 0.787917 0.035 0.0375
0 0.976667 0.717917 0.03 0.0325
0 0.67375 0.962083 0.0308333 0.0358333
0 0.557917 0.860833 0.0358333 0.0383333
0 0.280833 0.0554167 0.0316667 0.0341667
0 0.15125 0.765833 0.0375 0.0416667
0 0.0895833 0.305 0.0375 0.04
0 0.980833 0.49375 0.0316667 0.0358333
0 0.42125 0.417083 0.0325 0.0341667
0 0.0420833 0.229167 0.0375 0.04
0 0.48375 0.377083 0.0341667 0.0375
0 0.929167 0.6025 0.035 0.0383333
0 0.79625 0.985833 0.0308333 0.0266667
0 0.69375 0.63625 0.0375 0.0391667
0 0.692917 0.787083 0.0341667 0.0375
0 0.8325 0.927917 0.035 0.0358333
0 0.430417 0.629583 0.0358333 0.0391667
0 0.48 0.769167 0.0366667 0.0383333
0 0.466667 0.42875 0.035 0.0375
0 0.0170833 0.202917 0.0325 0.0375
0 0.781667 0.88625 0.0316667 0.0341667
0 0.129583 0.875833 0.0358333 0.04
0 0.387083 0.0191667 0.0358333 0.0383333
0 0.78125 0.431667 0.0341667 0.035
0 0.201667 0.856667 0.035 0.0383333
0 0.173333 0.122083 0.0333333 0.0358333
0 0.830417 0.20875 0.0341667 0.0341667
0 0.450833 0.590833 0.0383333 0.0433333
0 0.865833 0.838333 0.035 0.0383333
0 0.542917 0.759583 0.0341667 0.0358333
0 0.437917 0.663333 0.0341667 0.0383333
0 0.887083 0.600417 0.0308333 0.0341667
0 0.639583 0.429167 0.0341667 0.0366667
0 0.783333 0.70875 0.0333333 0.0358333
0 0.78625 0.840417 0.0341667 0.0358333
0 0.60125 0.433333 0.0341667 0.035
0 0.0175 0.124583 0.0333333 0.0375
0 0.64625 0.742917 0.0325 0.0358333
0 0.0891667 0.102917 0.0366667 0.0391667
0 0.2025 0.0395833 0.0316667 0.0341667
0 0.390833 0.715417 0.0383333 0.0408333
