0 0.224583 0.992917 0.0325 0.0141667
0 0.0141667 0.149167 0.0283333 0.04
0 0.0075 0.771667 0.015 0.035
0 0.03625 0.15625 0.0375 0.0408333
0 0.79 0.942917 0.03 0.0341667
0 0.630833 0.4575 0.0433333 0.0516667
0 0.482917 0.00666667 0.0308333 0.0133333
0 0.0925 0.21375 0.0466667 0.0525
0 0.00416667 0.985 0.00833333 0.0266667
0 0.590833 0.06625 0.0433333 0.0475
0 0.17875 0.495417 0.0375 0.0425
0 0.287917 0.523333 0.0325 0.0366667
0 0.535 0.310417 0.035 0.0391667
0 0.822083 0.28125 0.0391667 0.0408333
0 0.893333 0.00958333 0.0366667 0.0175
0 0.29875 0.18625 0.0441667 0.0525
0 0.224167 0.779167 0.0466667 0.0533333
0 0.05125 0.647083 0.0358333 0.0375
0 0.982083 0.419583 0.0358333 0.0441667
0 0.20125 0.58125 0.0341667 0.0358333
0 0.0508333 0.2025 0.0366667 0.0433333
0 0.82625 0.82375 0.0341667 0.0391667
0 0.333333 0.2625 0.025 0.0283333
0 0.0754167 0.877083 0.0375 0.0441667
0 0.24875 0.269167 0.0425 0.05
0 0.63125 0.572917 0.0408333 0.0491667
0 0.150833 0.933333 0.04 0.0416667
0 0.42875 0.46125 0.0391667 0.0441667
0 0.378333 0.680417 0.035 0.0391667
0 0.449167 0.191667 0.035 0.04
0 0.0795833 0.453333 0.0391667 0.0466667
0 0.815833 0.522083 0.0383333 0.0425
0 0.176667 0.13375 0.0416667 0.0458333
0 0.0516667 0.969583 0.03 0.0341667
0 0.015 0.964167 0.025 0.03
0 0.100833 0.40375 0.0383333 0.0491667
0 0.907917 0.828333 0.0408333 0.0416667
0 0.6175 0.3575 0.0416667 0.0433333
0 0.8425 0.145417 0.0383333 0.0425
0 0.194583 0.904583 0.0258333 0.0308333
0 0.806667 0.892917 0.04 0.0408333
0 0.787917 0.919167 0.0258333 0.0283333
0 0.695 0.110833 0.035 0.04
0 0.934583 0.73875 0.0341667 0.0358333
0 0.611667 0.624583 0.0416667 0.0475
0 0.578333 0.00833333 0.0316667 0.0166667
0 0.0866667 0.0645833 0.035 0.0408333
0 0.05875 0.0383333 0.0375 0.0416667
0 0.250417 0.33 0.0391667 0.0433333
0 0.992083 0.230417 0.0158333 0.0341667
0 0.37875 0.433333 0.0375 0.04
0 0.01875 0.611667 0.0375 0.0416667
0 0.390417 0.707083 0.0358333 0.0458333
0 0.8775 0.180417 0.035 0.0375
0 0.634583 0.0929167 0.0408333 0.0425
0 0.934583 0.985833 0.0341667 0.0283333
0 0.700833 0.307083 0.04 0.0458333
0 0.505417 0.45875 0.0358333 0.0391667
0 0.943333 0.0804167 0.0383333 0.0425
0 0.335833 0.501667 0.0366667 0.0416667
0 0.225417 0.871667 0.0308333 0.035
0 0.243333 0.035 0.0366667 0.0433333
0 0.390417 0.33125 0.0408333 0.0441667
0 0.939167 0.154583 0.0383333 0.0458333
0 0.97375 0.97375 0.0358333 0.0391667
0 0.777917 0.37375 0.0375 0.0425
0 0.782917 0.05 0.0391667 0.0416667
0 0.351667 0.0120833 0.0416667 0.0241667
0 0.577083 0.6075 0.0408333 0.0416667
0 0.0645833 0.682917 0.0375 0.0408333
0 0.750417 0.11875 0.0325 0.0341667
0 0.20375 0.694167 0.0358333 0.045
0 0.585 0.434583 0.0383333 0.0441667
0 0.2325 0.382917 0.04 0.0441667
0 0.223333 0.5575 0.0416667 0.0433333
0 0.22125 0.0766667 0.0375 0.04
0 0.29 0.7825 0.0416667 0.045
0 0.14875 0.207917 0.0375 0.0425
0 0.341667 0.645417 0.035 0.0408333
0 0.15125 0.311667 0.0358333 0.0416667
0 0.859167 0.962083 0.0316667 0.0341667
0 0.324167 0.336667 0.0366667 0.0416667
0 0.101667 0.29875 0.0383333 0.0441667
0 0.413333 0.19375 0.0366667 0.0425
0 0.484167 0.648333 0.04 0.04
0 0.35875 0.759167 0.0358333 0.04
0 0.9325 0.362083 0.0366667 0.0425
0 0.677083 0.01375 0.0358333 0.0275
0 0.274583 0.382917 0.0358333 0.0391667
0 0.285417 0.694583 0.0341667 0.0408333
0 0.965 0.832917 0.0366667 0.0375
0 0.31375 0.46375 0.0375 0.0391667
0 0.4775 0.06125 0.0383333 0.0475
0 0.19 0.218333 0.0366667 0.0416667
0 0.52375 0.7475 0.0308333 0.0333333
0 0.832917 0.02125 0.0358333 0.0408333
0 0.73125 0.395417 0.0358333 0.0408333
0 0.97 0.76625 0.0366667 0.0408333
0 0.785417 0.980417 0.0341667 0.0341667
0 0.713333 0.05 0.035 0.0383333
0 0.1475 0.0170833 0.0366667 0.0341667
0 0.122083 0.659583 0.0341667 0.0375
0 0.0858333 0.105417 0.035 0.0375
0 0.6925 0.629167 0.035 0.04
0 0.02375 0.27625 0.0358333 0.0391667
0 0.0904167 0.78125 0.0375 0.0408333
0 0.414583 0.559167 0.0375 0.0416667
0 0.151667 0.829583 0.0333333 0.0358333
0 0.198333 0.184167 0.0316667 0.035
0 0.28375 0.575 0.0358333 0.0416667
0 0.867917 0.257917 0.0375 0.0408333
0 0.466667 0.5275 0.035 0.0383333
0 0.517917 0.543333 0.0341667 0.0383333
0 0.5375 0.3575 0.0333333 0.035
0 0.689583 0.457083 0.0358333 0.0425
0 0.279583 0.475 0.0358333 0.04
0 0.0295833 0.89 0.0375 0.04
0 0.82 0.335 0.0366667 0.0383333
0 0.577083 0.4875 0.0325 0.035
0 0.80625 0.178333 0.0308333 0.035
0 0.945417 0.25 0.0358333 0.0366667
0 0.153333 0.567083 0.0366667 0.0391667
0 0.495417 0.167917 0.0358333 0.0441667
0 0.145417 0.0616667 0.0325 0.035
0 0.255417 0.4175 0.0341667 0.0366667
0 0.71125 0.546667 0.0358333 0.0383333
0 0.411667 0.0325 0.035 0.0366667
0 0.456667 0.415417 0.0333333 0.0358333
0 0.985417 0.294167 0.0275 0.0316667
0 0.22125 0.834167 0.0325 0.035
0 0.133333 0.454583 0.035 0.0441667
0 0.767083 0.279583 0.0325 0.0341667
0 0.7525 0.178333 0.0366667 0.0416667
0 0.595 0.795833 0.0333333 0.035
0 0.370417 0.59625 0.0341667 0.0375
0 0.85875 0.0741667 0.0308333 0.035
0 0.755833 0.0125 0.0366667 0.0233333
0 0.412083 0.288333 0.0325 0.035
0 0.295 0.04125 0.035 0.0391667
0 0.5275 0.41625 0.035 0.0375
0 0.568333 0.141667 0.0366667 0.0416667
0 0.378333 0.39375 0.035 0.0391667
0 0.451667 0.3575 0.035 0.0366667
0 0.517083 0.0520833 0.0391667 0.0441667
0 0.802083 0.12375 0.0375 0.0391667
0 0.413333 0.0820833 0.04 0.0425
0 0.1575 0.354167 0.0333333 0.0366667
0 0.0308333 0.486667 0.0333333 0.0366667
0 0.285833 0.344167 0.03 0.0333333
0 0.83875 0.38 0.0308333 0.0316667
0 0.453333 0.149583 0.0333333 0.0358333
0 0.262917 0.95125 0.0291667 0.0325
0 0.585 0.22125 0.0366667 0.0391667
0 0.194583 0.4575 0.0358333 0.04
0 0.0691667 0.587917 0.0316667 0.0308333
0 0.29875 0.906667 0.0341667 0.035
0 0.679167 0.396667 0.0316667 0.035
0 0.6625 0.522083 0.0333333 0.0358333
0 0.917917 0.893333 0.0341667 0.0383333
0 0.636667 0.216667 0.035 0.0366667
0 0.323333 0.5875 0.0333333 0.0366667
0 0.77125 0.449583 0.0341667 0.0375
0 0.242917 0.499167 0.0341667 0.0366667
0 0.747083 0.23125 0.0341667 0.0375
0 0.286667 0.7475 0.0316667 0.0333333
0 0.59125 0.0291667 0.0325 0.0366667
0 0.67125 0.190833 0.0341667 0.0366667
0 0.0404167 0.715 0.0325 0.0366667
0 0.650833 0.37125 0.0316667 0.0341667
0 0.115 0.850417 0.035 0.0391667
0 0.835417 0.417917 0.0341667 0.0358333
