0 0.39375 0.157917 0.0325 0.0325
0 0.205833 0.5525 0.0383333 0.0416667
0 0.994583 0.958333 0.0108333 0.0333333
0 0.368333 0.939583 0.035 0.0391667
0 0.775417 0.704583 0.0491667 0.0591667
0 0.599167 0.86875 0.045 0.0491667
0 0.21875 0.71625 0.0425 0.0575
0 0.823333 0.367917 0.0316667 0.0358333
0 0.582917 0.99375 0.0325 0.0125
0 0.249583 0.965417 0.0341667 0.0358333
0 0.707917 0.551667 0.0291667 0.03
0 0.636667 0.773333 0.0383333 0.04
0 0.38375 0.8575 0.0341667 0.0366667
0 0.393333 0.606667 0.0383333 0.0416667
0 0.125833 0.607083 0.0383333 0.0391667
0 0.00958333 0.359167 0.0191667 0.0316667
0 0.765833 0.515833 0.04 0.0433333
0 0.55875 0.510417 0.0308333 0.0341667
0 0.29125 0.855417 0.0341667 0.0375
0 0.502083 0.9125 0.0408333 0.045
0 0.26 0.769167 0.0333333 0.0366667
0 0.736667 0.626667 0.035 0.0366667
0 0.464583 0.97875 0.0425 0.0425
0 0.721667 0.46 0.0416667 0.0483333
0 0.990833 0.265 0.0183333 0.0366667
0 0.802917 0.409167 0.0375 0.0433333
0 0.459167 0.819583 0.0366667 0.0408333
0 0.412083 0.437083 0.0391667 0.0408333
0 0.69 0.7825 0.035 0.04
0 0.277083 0.0145833 0.0358333 0.0291667
0 0.140833 0.992083 0.03 0.0158333
0 0.08625 0.7325 0.0375 0.0466667
0 0.06375 0.2575 0.0408333 0.0483333
0 0.289583 0.717917 0.0325 0.0341667
0 0.495833 0.775833 0.0366667 0.0383333
0 0.950417 0.602083 0.0375 0.0425
0 0.965 0.575833 0.0216667 0.025
0 0.163333 0.692083 0.03 0.0325
0 0.745 0.897083 0.0383333 0.0408333
0 0.96875 0.6425 0.0325 0.035
0 0.484167 0.732083 0.04 0.0458333
0 0.408333 0.7425 0.035 0.0383333
0 0.520833 0.51875 0.0383333 0.0425
0 0.665833 0.692083 0.03 0.0341667
0 0.5675 0.576667 0.0416667 0.045
0 0.620833 0.47 0.0416667 0.0416667
0 0.222917 0.674583 0.0375 0.0441667
0 0.20125 0.0354167 0.0408333 0.0441667
0 0.6575 0.5025 0.03 0.0316667
0 0.331667 0.774167 0.04 0.0416667
0 0.784583 0.7475 0.0358333 0.0416667
0 0.444167 0.602083 0.0383333 0.0441667
0 0.902083 0.980833 0.0358333 0.0383333
0 0.0316667 0.967917 0.0333333 0.0358333
0 0.98375 0.47625 0.0325 0.0375
0 0.490833 0.1825 0.0383333 0.0416667
0 0.467083 0.653333 0.0375 0.0433333
0 0.0833333 0.0395833 0.04 0.0425
0 0.857083 0.645417 0.0375 0.0425
0 0.56875 0.322917 0.0325 0.0341667
0 0.954167 0.507917 0.0316667 0.0358333
0 0.302917 0.817083 0.0358333 0.0391667
0 0.844583 0.9475 0.0341667 0.0366667
0 0.01 0.2325 0.02 0.0416667
0 0.691667 0.847917 0.035 0.0375
0 0.8325 0.577917 0.0333333 0.0358333
0 0.6425 0.959583 0.0266667 0.0341667
0 0.915417 0.8725 0.0358333 0.0383333
0 0.514583 0.442083 0.0391667 0.0408333
0 0.171667 0.29875 0.0366667 0.0391667
0 0.34375 0.725 0.0425 0.0466667
0 0.782083 0.83 0.0375 0.0383333
0 0.827083 0.200833 0.0375 0.0416667
0 0.6525 0.660833 0.035 0.0366667
0 0.477917 0.0275 0.0375 0.04
0 0.877917 0.695 0.0341667 0.0366667
0 0.450417 0.7775 0.0408333 0.045
0 0.9025 0.260417 0.0366667 0.0391667
0 0.350833 0.908333 0.0383333 0.0416667
0 0.825 0.292917 0.04 0.0408333
0 0.600833 0.369167 0.035 0.0366667
0 0.61 0.51125 0.0366667 0.0391667
0 0.30875 0.11875 0.0391667 0.0408333
0 0.893333 0.52875 0.035 0.0375
0 0.552917 0.839583 0.0325 0.0358333
0 0.112917 0.37875 0.0358333 0.0391667
0 0.635 0.406667 0.0333333 0.0383333
0 0.343333 0.65625 0.04 0.0425
0 0.987917 0.670417 0.0241667 0.0475
0 0.413333 0.96375 0.0316667 0.0341667
0 0.91 0.61125 0.0383333 0.0458333
0 0.57875 0.94375 0.0341667 0.0375
0 0.215417 0.149583 0.0375 0.0441667
0 0.102083 0.984167 0.0275 0.0283333
0 0.94375 0.984167 0.0341667 0.03
0 0.0125 0.844167 0.025 0.0383333
0 0.196667 0.965 0.0316667 0.0333333
0 0.302917 0.95125 0.0341667 0.0375
0 0.824583 0.617083 0.0375 0.0458333
0 0.69875 0.922917 0.0291667 0.0291667
0 0.72 0.725417 0.0333333 0.0358333
0 0.0504167 0.400833 0.0325 0.035
0 0.485417 0.842083 0.0375 0.0391667
0 0.337917 0.508333 0.0341667 0.0416667
0 0.3125 0.667083 0.035 0.0375
0 0.490417 0.54625 0.0391667 0.0441667
0 0.133333 0.974167 0.0283333 0.0283333
0 0.624167 0.555417 0.0383333 0.0408333
0 0.952083 0.854167 0.0375 0.0383333
0 0.560417 0.4175 0.0358333 0.04
0 0.91125 0.43 0.0391667 0.0416667
0 0.115417 0.855 0.0341667 0.0366667
0 0.50875 0.61375 0.0358333 0.0391667
0 0.55 0.900833 0.0316667 0.0333333
0 0.0725 0.870833 0.035 0.0383333
0 0.8225 0.719583 0.03 0.0325
0 0.405833 0.662083 0.04 0.0425
0 0.04375 0.932083 0.0358333 0.0391667
0 0.0704167 0.794583 0.0308333 0.0358333
0 0.7625 0.465 0.035 0.035
0 0.14125 0.206667 0.0341667 0.0383333
0 0.902917 0.9075 0.0341667 0.035
0 0.887917 0.657917 0.0375 0.0391667
0 0.87625 0.74625 0.0375 0.0441667
0 0.49875 0.954583 0.0375 0.0375
0 0.6425 0.83625 0.0333333 0.0358333
0 0.81625 0.800833 0.0325 0.0366667
0 0.787083 0.875417 0.0308333 0.0325
0 0.925417 0.160417 0.0358333 0.0391667
0 0.677083 0.419167 0.0325 0.035
0 0.4775 0.69625 0.0383333 0.0408333
0 0.989167 0.362917 0.0183333 0.0358333
0 0.932917 0.469167 0.0375 0.0416667
0 0.748333 0.29375 0.0333333 0.0341667
0 0.536667 0.7 0.0333333 0.0366667
0 0.0879167 0.312917 0.0358333 0.0408333
0 0.350417 0.619167 0.0341667 0.0383333
0 0.856667 0.537917 0.0366667 0.0391667
0 0.510417 0.849583 0.0308333 0.0341667
0 0.960417 0.263333 0.0308333 0.0333333
0 0.814167 0.49875 0.0383333 0.0408333
0 0.854167 0.8425 0.035 0.0366667
0 0.795417 0.67625 0.0341667 0.0391667
0 0.775 0.979583 0.0316667 0.0325
0 0.9575 0.775 0.035 0.0366667
0 0.270833 0.615833 0.035 0.0383333
0 0.9675 0.394583 0.0316667 0.0358333
0 0.259167 0.0666667 0.0383333 0.0416667
0 0.19375 0.25875 0.0341667 0.0358333
0 0.869167 0.360417 0.035 0.0375
0 0.48125 0.464167 0.0358333 0.0383333
0 0.0895833 0.69375 0.0358333 0.0408333
0 0.912083 0.754167 0.0341667 0.035
0 0.252083 0.19125 0.0358333 0.0375
0 0.740417 0.95625 0.0308333 0.0308333
0 0.460833 0.52 0.0366667 0.0383333
0 0.0358333 0.339167 0.0366667 0.0416667
0 0.0754167 0.10625 0.0358333 0.0375
0 0.165 0.106667 0.035 0.04
0 0.555417 0.776667 0.0325 0.0366667
0 0.430417 0.0133333 0.0341667 0.0266667
0 0.0529167 0.164167 0.0341667 0.0366667
0 0.8725 0.45625 0.0333333 0.0358333
0 0.7025 0.313333 0.035 0.0383333
0 0.523333 0.66 0.035 0.0366667
0 0.182917 0.745833 0.0341667 0.0383333
0 0.531667 0.378333 0.0316667 0.035
0 0.549167 0.971667 0.0333333 0.035
0 0.600833 0.632083 0.0333333 0.0358333
0 0.91 0.229167 0.035 0.0366667
0 0.885417 0.404583 0.0325 0.0408333
