0 0.526667 0.25 0.035 0.0383333
0 0.36625 0.0108333 0.0341667 0.0216667
0 0.724583 0.349167 0.0325 0.0316667
0 0.437917 0.235 0.0358333 0.0383333
0 0.239167 0.331667 0.035 0.035
0 0.564167 0.286667 0.035 0.04
0 0.926667 0.101667 0.035 0.0366667
0 0.11875 0.96 0.0408333 0.0516667
0 0.0916667 0.360417 0.0316667 0.0341667
0 0.125833 0.224583 0.03 0.0308333
0 0.918333 0.83375 0.0366667 0.0458333
0 0.39 0.43375 0.0266667 0.0308333
0 0.00833333 0.992917 0.0166667 0.0141667
0 0.00958333 0.367917 0.0175 0.0408333
0 0.717917 0.472917 0.0391667 0.0408333
0 0.780417 0.0233333 0.0325 0.0383333
0 0.202917 0.43625 0.0358333 0.0441667
0 0.190417 0.909167 0.0425 0.05
0 0.0129167 0.954167 0.0258333 0.0466667
0 0.425 0.5175 0.0383333 0.0416667
0 0.227917 0.4825 0.0408333 0.0433333
0 0.177083 0.97625 0.0375 0.0391667
0 0.17625 0.150417 0.0391667 0.0425
0 0.845417 0.819167 0.0308333 0.035
0 0.46375 0.331667 0.0325 0.0333333
0 0.209167 0.83875 0.04 0.0458333
0 0.281667 0.409583 0.0366667 0.0425
0 0.103333 0.6425 0.0333333 0.0383333
0 0.390417 0.585417 0.0391667 0.0441667
0 0.0258333 0.752917 0.0283333 0.0325
0 0.402917 0.990833 0.0291667 0.0183333
0 0.69375 0.395833 0.0291667 0.0316667
0 0.14375 0.306667 0.0375 0.045
0 0.569167 0.18 0.045 0.0466667
0 0.633333 0.865417 0.04 0.0491667
0 0.6775 0.0141667 0.0416667 0.0283333
0 0.905417 0.0416667 0.0425 0.05
0 0.392083 0.21625 0.0341667 0.0391667
0 0.01125 0.679583 0.0225 0.0508333
0 0.477917 0.527083 0.0358333 0.0391667
0 0.990833 0.625 0.0183333 0.0333333
0 0.3875 0.250833 0.0366667 0.035
0 0.991667 0.0795833 0.0166667 0.0408333
0 0.1875 0.340417 0.0366667 0.0391667
0 0.3325 0.571667 0.0416667 0.0466667
0 0.775417 0.284583 0.0375 0.0441667
0 0.38 0.7125 0.035 0.04
0 0.26375 0.689583 0.0275 0.0308333
0 0.3975 0.7825 0.0333333 0.035
0 0.264583 0.0145833 0.0308333 0.0291667
0 0.74375 0.855 0.0341667 0.0383333
0 0.127917 0.477917 0.0425 0.0508333
0 0.2625 0.909167 0.0366667 0.04
0 0.693333 0.423333 0.0333333 0.0366667
0 0.35875 0.402917 0.0358333 0.0391667
0 0.0770833 0.569583 0.0441667 0.0441667
0 0.61125 0.075 0.0391667 0.0416667
0 0.982083 0.882917 0.0358333 0.0425
0 0.0870833 0.90625 0.0341667 0.0375
0 0.806667 0.770417 0.035 0.0358333
0 0.685417 0.494167 0.0425 0.045
0 0.8925 0.787083 0.04 0.0458333
0 0.1225 0.03125 0.0366667 0.0425
0 0.83625 0.364583 0.0375 0.0458333
0 0.100833 0.11 0.03 0.0316667
0 0.516667 0.647083 0.0383333 0.0441667
0 0.752083 0.92 0.0375 0.04
0 0.540417 0.4725 0.0391667 0.0433333
0 0.474583 0.118333 0.0391667 0.0466667
0 0.340417 0.125417 0.0358333 0.0441667
0 0.231667 0.793333 0.0433333 0.0466667
0 0.990833 0.787917 0.0166667 0.0375
0 0.866667 0.1 0.04 0.0483333
0 0.284167 0.29125 0.04 0.0458333
0 0.658333 0.379167 0.0433333 0.045
0 0.987917 0.24 0.0241667 0.035
0 0.0254167 0.553333 0.0325 0.035
0 0.64375 0.459583 0.0358333 0.0391667
0 0.88875 0.22125 0.0375 0.0475
0 0.0175 0.225833 0.0316667 0.0333333
0 0.202917 0.693333 0.0358333 0.0416667
0 0.407083 0.49 0.0308333 0.0333333
0 0.90875 0.973333 0.0358333 0.035
0 0.826667 0.315417 0.0366667 0.0391667
0 0.200417 0.257083 0.0358333 0.0391667
0 0.165833 0.815833 0.0316667 0.035
0 0.114583 0.845 0.0325 0.0366667
0 0.736667 0.396667 0.0333333 0.035
0 0.0325 0.832917 0.035 0.0358333
0 0.495417 0.206667 0.0325 0.035
0 0.0166667 0.877083 0.0316667 0.0341667
0 0.179583 0.219583 0.0341667 0.0358333
0 0.843333 0.43 0.0383333 0.04
0 0.512917 0.5875 0.0358333 0.04
0 0.47375 0.244583 0.0341667 0.0341667
0 0.280833 0.759583 0.0316667 0.0341667
0 0.488333 0.390833 0.0316667 0.0316667
0 0.424583 0.309167 0.0375 0.04
0 0.86 0.06625 0.035 0.0391667
0 0.03875 0.0454167 0.0375 0.0408333
0 0.509167 0.344167 0.0383333 0.04
0 0.0229167 0.421667 0.0358333 0.04
0 0.198333 0.0679167 0.0283333 0.0308333
0 0.0720833 0.289167 0.0358333 0.0383333
0 0.0608333 0.445417 0.035 0.0408333
0 0.0179167 0.12125 0.0325 0.0358333
0 0.94625 0.0791667 0.0275 0.03
0 0.145833 0.6325 0.0383333 0.0416667
0 0.912083 0.184583 0.0375 0.0391667
0 0.709583 0.0983333 0.0341667 0.0366667
0 0.266667 0.192083 0.0333333 0.0358333
0 0.29625 0.357083 0.0358333 0.0375
0 0.3125 0.25 0.0366667 0.04
0 0.479583 0.274583 0.0358333 0.0391667
0 0.944167 0.2625 0.0366667 0.0433333
0 0.727917 0.17 0.0341667 0.0366667
0 0.529583 0.0566667 0.0341667 0.0383333
0 0.212917 0.575417 0.0358333 0.0375
0 0.9825 0.725833 0.0316667 0.035
0 0.675 0.282917 0.0316667 0.0341667
0 0.239167 0.137917 0.035 0.0391667
0 0.452917 0.492917 0.0325 0.0375
0 0.532083 0.39625 0.0358333 0.0375
0 0.110833 0.329583 0.0366667 0.0391667
0 0.07625 0.239167 0.0375 0.0383333
0 0.724583 0.904583 0.0325 0.0341667
0 0.235833 0.740833 0.0366667 0.0416667
0 0.521667 0.42875 0.03 0.0325
0 0.749167 0.244167 0.0333333 0.0366667
0 0.343333 0.7575 0.0366667 0.0383333
0 0.8375 0.264167 0.0316667 0.0366667
0 0.232917 0.185417 0.0325 0.0341667
0 0.36 0.485417 0.0333333 0.0358333
0 0.324583 0.335417 0.0358333 0.0375
0 0.170417 0.0991667 0.0358333 0.04
0 0.223333 0.389583 0.0333333 0.0341667
0 0.897083 0.907083 0.0341667 0.0341667
0 0.440417 0.646667 0.0375 0.0383333
0 0.985833 0.282083 0.0283333 0.0375
0 0.980833 0.827917 0.0316667 0.0325
0 0.61875 0.375417 0.0325 0.0341667
0 0.54125 0.150833 0.0325 0.0366667
0 0.325833 0.410417 0.0316667 0.0341667
0 0.724583 0.534167 0.0358333 0.04
0 0.777083 0.37125 0.0341667 0.0375
0 0.462083 0.0754167 0.0291667 0.0325
0 0.585 0.385833 0.0366667 0.0433333
0 0.540417 0.0904167 0.0341667 0.0375
0 0.301667 0.600417 0.0333333 0.0358333
0 0.937083 0.0145833 0.0325 0.0275
0 0.0154167 0.594167 0.0308333 0.0366667
0 0.7375 0.0170833 0.035 0.0341667
0 0.65375 0.0945833 0.0358333 0.0375
0 0.96375 0.378333 0.0291667 0.0316667
0 0.664583 0.52 0.0358333 0.0366667
0 0.33125 0.0641667 0.0358333 0.035
0 0.418333 0.407917 0.0333333 0.0358333
0 0.608333 0.508333 0.0366667 0.0416667
0 0.633333 0.317917 0.035 0.0375
0 0.125417 0.18875 0.0325 0.0358333
0 0.36875 0.656667 0.0358333 0.0383333
0 0.3925 0.154583 0.0333333 0.0358333
0 0.907917 0.717917 0.0341667 0.0358333
0 0.815417 0.845417 0.0358333 0.0391667
0 0.415833 0.442083 0.0366667 0.0408333
0 0.0658333 0.732917 0.035 0.0375
0 0.9875 0.165417 0.025 0.0341667
0 0.247917 0.83625 0.0375 0.0408333
0 0.283333 0.535417 0.035 0.0375
0 0.258333 0.63125 0.0316667 0.0341667
0 0.326667 0.721667 0.035 0.0383333
0 0.5525 0.944167 0.0333333 0.0366667
0 0.251667 0.10375 0.0316667 0.0341667
0 0.0670833 0.800417 0.0341667 0.0341667
0 0.0695833 0.635417 0.0308333 0.0325
0 0.143333 0.759167 0.0333333 0.035
0 0.230833 0.64125 0.035 0.0375
