0 0.194167 0.879167 0.035 0.0333333
0 0.489583 0.365417 0.0325 0.0358333
0 0.0466667 0.134167 0.0283333 0.0283333
0 0.42 0.72375 0.0383333 0.0425
0 0.98125 0.890833 0.0325 0.0383333
0 0.777083 0.797917 0.0375 0.0425
0 0.0995833 0.614583 0.0375 0.0391667
0 0.416667 0.30125 0.0366667 0.0391667
0 0.99125 0.2575 0.0175 0.0333333
0 0.80625 0.895 0.0391667 0.0416667
0 0.96375 0.645833 0.0308333 0.035
0 0.895833 0.726667 0.0316667 0.0383333
0 0.282917 0.542917 0.0391667 0.0458333
0 0.15 0.772083 0.04 0.0508333
0 0.139583 0.980833 0.0358333 0.0383333
0 0.0891667 0.6875 0.045 0.055
0 0.389167 0.686667 0.0383333 0.0416667
0 0.0558333 0.941667 0.0466667 0.0483333
0 0.9875 0.7975 0.025 0.0333333
0 0.255417 0.04875 0.0375 0.0458333
0 0.987917 0.466667 0.0241667 0.0383333
0 0.9775 0.0229167 0.0366667 0.0408333
0 0.759167 0.5475 0.04 0.0483333
0 0.4025 0.909583 0.04 0.0458333
0 0.439583 0.837917 0.0358333 0.0408333
0 0.117917 0.639583 0.0341667 0.0391667
0 0.604167 0.77625 0.035 0.0391667
0 0.868333 0.264167 0.035 0.0383333
0 0.6475 0.509583 0.0316667 0.0341667
0 0.842917 0.230833 0.0341667 0.0383333
0 0.527083 0.615833 0.0325 0.0366667
0 0.38125 0.397083 0.0391667 0.0408333
0 0.697917 0.516667 0.0341667 0.0383333
0 0.29125 0.0654167 0.0391667 0.0425
0 0.993333 0.595833 0.0133333 0.03
0 0.949167 0.395417 0.04 0.0408333
0 0.722917 0.474167 0.0391667 0.0433333
0 0.74875 0.259583 0.0375 0.0408333
0 0.68 0.67375 0.0416667 0.0458333
0 0.935833 0.469583 0.03 0.0341667
0 0.28875 0.372917 0.0375 0.0425
0 0.570417 0.274167 0.0358333 0.0383333
0 0.679583 0.105833 0.0375 0.0416667
0 0.876667 0.410833 0.04 0.0433333
0 0.9125 0.652083 0.0366667 0.0391667
0 0.75125 0.397083 0.0358333 0.0391667
0 0.709583 0.964583 0.0391667 0.0408333
0 0.7525 0.153333 0.03 0.035
0 0.21375 0.63375 0.0325 0.0358333
0 0.176667 0.933333 0.04 0.0416667
0 0.106667 0.101667 0.0333333 0.035
0 0.8525 0.05 0.0333333 0.0333333
0 0.0258333 0.892917 0.035 0.0375
0 0.54375 0.30375 0.0325 0.0358333
0 0.983333 0.946667 0.03 0.035
0 0.109167 0.8925 0.0366667 0.04
0 0.657083 0.375 0.0325 0.0366667
0 0.858333 0.331667 0.04 0.0433333
0 0.776667 0.600833 0.0383333 0.0433333
0 0.332083 0.98375 0.0341667 0.0325
0 0.376667 0.951667 0.0316667 0.035
0 0.984583 0.185833 0.0308333 0.0383333
0 0.550417 0.363333 0.0391667 0.045
0 0.307083 0.618333 0.0275 0.03
0 0.9225 0.89625 0.0333333 0.0375
0 0.931667 0.515833 0.0366667 0.0383333
0 0.5775 0.992083 0.03 0.0158333
0 0.561667 0.7325 0.0366667 0.0416667
0 0.63 0.4125 0.0416667 0.0416667
0 0.507917 0.573333 0.0358333 0.0416667
0 0.96875 0.718333 0.0358333 0.045
0 0.812083 0.06 0.0375 0.0416667
0 0.0416667 0.02125 0.0383333 0.0425
0 0.01125 0.787083 0.0225 0.0408333
0 0.5725 0.32 0.0316667 0.0333333
0 0.62125 0.552917 0.0358333 0.0391667
0 0.346667 0.368333 0.035 0.0383333
0 0.178333 0.0558333 0.035 0.0383333
0 0.905 0.0408333 0.0333333 0.035
0 0.71125 0.30875 0.0341667 0.0358333
0 0.529167 0.795417 0.0333333 0.0375
0 0.620833 0.729583 0.0366667 0.0408333
0 0.0133333 0.1075 0.0266667 0.0366667
0 0.363333 0.575417 0.035 0.0391667
0 0.7225 0.21125 0.035 0.0375
0 0.932917 0.871667 0.0308333 0.0333333
0 0.936667 0.616667 0.03 0.03
0 0.703333 0.6075 0.0333333 0.0366667
0 0.563333 0.411667 0.0333333 0.035
0 0.439583 0.381667 0.0375 0.04
0 0.766667 0.92 0.0383333 0.0416667
0 0.825417 0.530417 0.0358333 0.0375
0 0.819167 0.741667 0.0366667 0.0416667
0 0.86375 0.92875 0.0375 0.0441667
0 0.851667 0.985833 0.0366667 0.0283333
0 0.625833 0.608333 0.0383333 0.0433333
0 0.482917 0.6775 0.0375 0.04
0 0.251667 0.803333 0.0366667 0.04
0 0.78 0.95875 0.0333333 0.0358333
0 0.489167 0.29375 0.0366667 0.0391667
0 0.643333 0.919583 0.0366667 0.0391667
0 0.801667 0.09 0.035 0.0366667
0 0.0783333 0.133333 0.0333333 0.035
0 0.86 0.676667 0.0366667 0.0416667
0 0.917083 0.0825 0.0275 0.03
0 0.325833 0.930417 0.035 0.0375
0 0.235417 0.57 0.0325 0.035
0 0.64125 0.265417 0.0391667 0.0408333
0 0.952917 0.567917 0.0308333 0.0358333
0 0.379167 0.0258333 0.03 0.0333333
0 0.0879167 0.752917 0.0375 0.0425
0 0.5475 0.693333 0.0366667 0.0416667
0 0.333333 0.65125 0.0366667 0.0391667
0 0.67625 0.925833 0.0341667 0.0366667
0 0.604583 0.480833 0.0391667 0.0416667
0 0.326667 0.475417 0.0366667 0.0408333
0 0.364583 0.770417 0.0341667 0.0358333
0 0.4475 0.50375 0.035 0.0358333
0 0.182083 0.57875 0.0325 0.0341667
0 0.172083 0.195833 0.0341667 0.035
0 0.117917 0.160417 0.0325 0.0341667
0 0.795 0.410417 0.0366667 0.0408333
0 0.39125 0.430417 0.0341667 0.0375
0 0.703333 0.823333 0.035 0.0383333
0 0.666667 0.78875 0.0333333 0.0341667
0 0.32625 0.552917 0.0341667 0.0375
0 0.228333 0.757083 0.035 0.0375
0 0.523333 0.89375 0.0333333 0.0358333
0 0.07125 0.617083 0.0341667 0.0375
0 0.94125 0.0141667 0.0308333 0.0283333
0 0.683333 0.285833 0.035 0.0383333
0 0.561667 0.617083 0.035 0.0375
0 0.7125 0.150417 0.035 0.0375
0 0.694167 0.355 0.0316667 0.0333333
0 0.453333 0.551667 0.035 0.035
0 0.6475 0.851667 0.035 0.0366667
0 0.765417 0.884583 0.0358333 0.0375
0 0.942917 0.987917 0.0358333 0.0208333
0 0.27875 0.677083 0.0341667 0.0358333
0 0.53375 0.447917 0.0341667 0.0358333
0 0.270417 0.50375 0.0375 0.0408333
0 0.959583 0.95875 0.0325 0.0341667
0 0.924583 0.700417 0.0325 0.0375
