0 0.0975 0.64125 0.0283333 0.0325
0 0.497917 0.52375 0.0341667 0.0391667
0 0.163333 0.198333 0.0366667 0.0416667
0 0.939583 0.224583 0.0308333 0.0341667
0 0.519167 0.105833 0.035 0.04
0 0.488333 0.198333 0.0383333 0.0433333
0 0.0108333 0.0170833 0.0216667 0.0275
0 0.573333 0.42375 0.0333333 0.0358333
0 0.99375 0.212917 0.0125 0.0358333
0 0.7925 0.699583 0.0316667 0.0358333
0 0.282917 0.304583 0.0258333 0.0291667
0 0.964583 0.241667 0.0308333 0.035
0 0.637917 0.725833 0.0425 0.0483333
0 0.433333 0.280833 0.0433333 0.045
0 0.6775 0.224583 0.0383333 0.0408333
0 0.357917 0.130833 0.0358333 0.04
0 0.308333 0.886667 0.03 0.0316667
0 0.720417 0.114167 0.0358333 0.0383333
0 0.980417 0.439167 0.0308333 0.0333333
0 0.56125 0.0941667 0.0375 0.0416667
0 0.810417 0.237917 0.0391667 0.0441667
0 0.747083 0.836667 0.0408333 0.05
0 0.563333 0.357083 0.0416667 0.0441667
0 0.835417 0.564583 0.0308333 0.0325
0 0.36625 0.0583333 0.0375 0.0433333
0 0.802917 0.504583 0.0325 0.0341667
0 0.463333 0.68125 0.0383333 0.0441667
0 0.514583 0.500417 0.0325 0.0341667
0 0.430833 0.129583 0.0383333 0.0441667
0 0.850833 0.172083 0.0383333 0.0458333
0 0.485833 0.244583 0.0366667 0.0375
0 0.9125 0.74625 0.04 0.0525
0 0.2675 0.150417 0.0416667 0.0441667
0 0.619167 0.334167 0.0433333 0.045
0 0.417083 0.187083 0.0425 0.0475
0 0.66 0.296667 0.0416667 0.0483333
0 0.50375 0.34875 0.0358333 0.0391667
0 0.747917 0.235 0.0391667 0.0433333
0 0.540833 0.71 0.0416667 0.0433333
0 0.289167 0.205 0.035 0.0383333
0 0.897083 0.95125 0.0241667 0.0275
0 0.69875 0.373333 0.0358333 0.04
0 0.956667 0.125417 0.035 0.0425
0 0.660833 0.895417 0.0333333 0.0341667
0 0.852917 0.724583 0.0325 0.0358333
0 0.387917 0.3525 0.0375 0.045
0 0.687083 0.689583 0.0375 0.0425
0 0.615833 0.68625 0.03 0.0325
0 0.886667 0.105833 0.0383333 0.0416667
0 0.793333 0.0466667 0.0366667 0.0366667
0 0.390833 0.487083 0.035 0.0375
0 0.592083 0.462917 0.0341667 0.0375
0 0.39 0.22125 0.0366667 0.0408333
0 0.64125 0.527083 0.0325 0.0341667
0 0.797083 0.16375 0.0391667 0.0441667
0 0.4425 0.374583 0.0333333 0.0358333
0 0.290417 0.413333 0.0358333 0.0366667
0 0.46875 0.461667 0.0408333 0.0433333
0 0.514167 0.228333 0.0366667 0.0366667
0 0.582083 0.186667 0.0358333 0.0383333
0 0.462083 0.540417 0.0291667 0.0308333
0 0.9525 0.5925 0.0383333 0.04
0 0.854167 0.5125 0.035 0.0383333
0 0.61375 0.26875 0.0358333 0.0408333
0 0.28 0.08 0.0366667 0.04
0 0.755833 0.285417 0.0366667 0.0391667
0 0.572917 0.0183333 0.0325 0.035
0 0.55375 0.640417 0.0375 0.0408333
0 0.508333 0.460417 0.0333333 0.0375
0 0.912083 0.0275 0.0391667 0.04
0 0.681667 0.48875 0.0416667 0.0408333
0 0.628333 0.438333 0.0366667 0.04
0 0.659583 0.592917 0.0341667 0.0358333
0 0.229583 0.20125 0.0375 0.0391667
0 0.98125 0.04875 0.0291667 0.0308333
0 0.759167 0.4325 0.035 0.0366667
0 0.83 0.311667 0.0366667 0.0383333
0 0.683333 0.0791667 0.0316667 0.0333333
0 0.724167 0.4925 0.0383333 0.0433333
0 0.692083 0.719167 0.0325 0.035
0 0.96375 0.3575 0.0358333 0.0383333
0 0.796667 0.771667 0.035 0.0383333
0 0.63 0.794167 0.0333333 0.0366667
0 0.91875 0.47125 0.0375 0.0441667
0 0.852083 0.4225 0.0358333 0.0366667
0 0.640417 0.843333 0.0408333 0.0433333
0 0.269167 0.352083 0.0333333 0.0358333
0 0.626667 0.0820833 0.0366667 0.0391667
0 0.897917 0.41375 0.0358333 0.0391667
0 0.842083 0.36625 0.0341667 0.0375
0 0.327917 0.232083 0.0358333 0.0375
0 0.45125 0.195 0.0341667 0.04
0 0.87625 0.285 0.0358333 0.0416667
0 0.467083 0.617083 0.0358333 0.0375
0 0.71625 0.326667 0.0375 0.04
0 0.784583 0.65 0.0325 0.035
0 0.950833 0.510833 0.035 0.0383333
0 0.49375 0.0316667 0.0325 0.035
0 0.733333 0.753333 0.0416667 0.045
0 0.582083 0.14375 0.0325 0.0341667
0 0.542917 0.197083 0.0341667 0.0358333
0 0.779167 0.558333 0.0383333 0.04
0 0.538333 0.559167 0.035 0.035
0 0.879583 0.143333 0.0325 0.035
0 0.69375 0.799167 0.0375 0.0433333
0 0.9125 0.314583 0.0383333 0.0441667
0 0.8325 0.03875 0.0366667 0.0408333
0 0.38625 0.43125 0.0341667 0.0358333
0 0.430833 0.514583 0.0366667 0.0375
0 0.955417 0.0129167 0.0308333 0.0225
0 0.876667 0.677083 0.0366667 0.0391667
0 0.719167 0.428333 0.0383333 0.04
0 0.765833 0.387917 0.035 0.0375
0 0.834167 0.599583 0.0333333 0.0358333
0 0.476667 0.405417 0.0333333 0.0358333
0 0.573333 0.765417 0.035 0.0391667
0 0.695833 0.563333 0.0316667 0.035
0 0.38625 0.100417 0.0358333 0.0391667
0 0.759583 0.329167 0.0358333 0.0383333
0 0.848333 0.457083 0.0333333 0.0375
0 0.7525 0.59875 0.0333333 0.0358333
0 0.798333 0.347917 0.035 0.0375
0 0.914583 0.244167 0.0341667 0.0383333
0 0.722083 0.257917 0.0358333 0.0391667
