0 0.995833 0.799167 0.00833333 0.0283333
0 0.274167 0.985 0.0283333 0.0283333
0 0.933333 0.825 0.0366667 0.04
0 0.391667 0.639583 0.0416667 0.0508333
0 0.857917 0.513333 0.0258333 0.0266667
0 0.993333 0.406667 0.0133333 0.0333333
0 0.271667 0.34375 0.0366667 0.0425
0 0.50125 0.5675 0.0375 0.0433333
0 0.95625 0.864167 0.0408333 0.0516667
0 0.307917 0.2425 0.0291667 0.0333333
0 0.79 0.0579167 0.045 0.0475
0 0.649583 0.01875 0.0258333 0.0325
0 0.855 0.0375 0.0383333 0.0416667
0 0.848333 0.754583 0.0433333 0.0458333
0 0.833333 0.48125 0.0383333 0.0441667
0 0.970833 0.372917 0.0433333 0.0525
0 0.7125 0.440417 0.04 0.0425
0 0.400833 0.359167 0.045 0.0533333
0 0.0270833 0.609583 0.0425 0.0441667
0 0.990417 0.867083 0.0158333 0.0408333
0 0.548333 0.99125 0.0316667 0.0175
0 0.795417 0.35875 0.0358333 0.0408333
0 0.68625 0.880417 0.0341667 0.0375
0 0.890833 0.986667 0.0233333 0.0233333
0 0.784167 0.827917 0.04 0.0475
0 0.4825 0.919167 0.035 0.0416667
0 0.705417 0.749167 0.0391667 0.0483333
0 0.0316667 0.55625 0.0333333 0.0375
0 0.288333 0.286667 0.0383333 0.0433333
0 0.572917 0.857917 0.0341667 0.0375
0 0.3925 0.719167 0.0333333 0.0366667
0 0.857917 0.890833 0.0391667 0.04
0 0.916667 0.895833 0.0383333 0.0433333
0 0.0129167 0.21125 0.0258333 0.0425
0 0.685417 0.0133333 0.0391667 0.0266667
0 0.578333 0.154167 0.0416667 0.045
0 0.33 0.0175 0.0366667 0.035
0 0.331667 0.0658333 0.0316667 0.0333333
0 0.48 0.015 0.0316667 0.03
0 0.86 0.834583 0.04 0.0441667
0 0.55875 0.742083 0.0408333 0.0508333
0 0.77625 0.773333 0.0375 0.0383333
0 0.592083 0.640833 0.0408333 0.0466667
0 0.419583 0.899167 0.0425 0.0433333
0 0.945417 0.582083 0.0408333 0.0425
0 0.471667 0.679167 0.0416667 0.0466667
0 0.0379167 0.104167 0.0291667 0.0366667
0 0.325417 0.638333 0.0358333 0.04
0 0.417083 0.05375 0.0408333 0.0458333
0 0.449167 0.127917 0.0416667 0.0425
0 0.21875 0.1025 0.0325 0.035
0 0.339167 0.5825 0.04 0.04
0 0.0808333 0.520417 0.0366667 0.0391667
0 0.652917 0.687917 0.0375 0.0441667
0 0.85375 0.702083 0.0425 0.0441667
0 0.36375 0.95375 0.0375 0.0408333
0 0.24 0.808333 0.04 0.045
0 0.88125 0.584167 0.0425 0.0433333
0 0.525417 0.0366667 0.0358333 0.04
0 0.134583 0.842917 0.0391667 0.0408333
0 0.235 0.949583 0.0333333 0.0375
0 0.0766667 0.291667 0.0433333 0.045
0 0.46125 0.767083 0.0325 0.0358333
0 0.322917 0.990833 0.0308333 0.0183333
0 0.520833 0.79875 0.0366667 0.0491667
0 0.25875 0.416667 0.0375 0.0433333
0 0.85375 0.964167 0.0391667 0.04
0 0.397917 0.845417 0.0341667 0.0375
0 0.734167 0.0975 0.0383333 0.04
0 0.0958333 0.0408333 0.0366667 0.0416667
0 0.905833 0.729167 0.0383333 0.0416667
0 0.50625 0.0883333 0.0308333 0.0316667
0 0.968333 0.258333 0.0366667 0.045
0 0.294167 0.417917 0.0366667 0.0425
0 0.128333 0.989583 0.03 0.0208333
0 0.119167 0.96 0.035 0.0366667
0 0.174583 0.252083 0.0425 0.0441667
0 0.61 0.941667 0.04 0.0416667
0 0.984167 0.990417 0.03 0.0175
0 0.780417 0.96125 0.0391667 0.0408333
0 0.461667 0.630417 0.04 0.0425
0 0.0920833 0.384167 0.0375 0.0433333
0 0.305 0.185 0.0316667 0.0366667
0 0.846667 0.64125 0.035 0.0391667
0 0.841667 0.3375 0.04 0.0433333
0 0.05375 0.4225 0.0375 0.04
0 0.3725 0.823333 0.0383333 0.0416667
0 0.748333 0.97375 0.035 0.0391667
0 0.576667 0.6875 0.0366667 0.0383333
0 0.365417 0.04375 0.0408333 0.0458333
0 0.2475 0.494167 0.0366667 0.04
0 0.6825 0.124583 0.0366667 0.0425
0 0.932083 0.14125 0.0375 0.0408333
0 0.37125 0.18 0.0325 0.035
0 0.1725 0.802083 0.0366667 0.0391667
0 0.66125 0.8075 0.0391667 0.045
0 0.6675 0.462917 0.0366667 0.0408333
0 0.0783333 0.0133333 0.0366667 0.0266667
0 0.899167 0.6875 0.035 0.04
0 0.775 0.557083 0.0366667 0.0408333
0 0.115 0.0641667 0.0366667 0.0416667
0 0.747917 0.740833 0.0375 0.0416667
0 0.102083 0.140417 0.0375 0.0408333
0 0.937083 0.409583 0.0358333 0.0391667
0 0.20625 0.88375 0.0358333 0.0408333
0 0.146667 0.05625 0.0383333 0.0408333
0 0.625833 0.54125 0.04 0.0408333
0 0.124167 0.489583 0.0366667 0.0391667
0 0.01875 0.3525 0.0325 0.035
0 0.434167 0.96875 0.0333333 0.0375
0 0.527917 0.142083 0.0391667 0.0425
0 0.5325 0.636667 0.0366667 0.04
0 0.0358333 0.937083 0.0383333 0.0425
0 0.66375 0.745 0.0358333 0.0416667
0 0.336667 0.86375 0.0366667 0.0408333
0 0.73875 0.530833 0.0358333 0.0416667
0 0.130417 0.185417 0.0325 0.0358333
0 0.26125 0.03 0.0358333 0.0383333
0 0.64125 0.630833 0.0358333 0.0383333
0 0.341667 0.215 0.0383333 0.0416667
0 0.471667 0.0791667 0.035 0.0366667
0 0.347917 0.345833 0.0358333 0.0416667
0 0.134583 0.0104167 0.0308333 0.0208333
0 0.597917 0.197917 0.0375 0.0391667
0 0.10875 0.897083 0.0358333 0.0375
0 0.167083 0.132917 0.0325 0.0375
0 0.296667 0.09125 0.0366667 0.0391667
0 0.515 0.114583 0.0316667 0.0341667
0 0.99 0.700833 0.02 0.035
0 0.814583 0.857917 0.0358333 0.0408333
0 0.2475 0.0683333 0.04 0.04
0 0.126667 0.104167 0.0366667 0.04
0 0.384583 0.315417 0.0341667 0.0375
0 0.62375 0.8025 0.0375 0.0416667
0 0.04 0.4775 0.035 0.0366667
0 0.203333 0.446667 0.0383333 0.0416667
0 0.979167 0.48125 0.0316667 0.0341667
0 0.336667 0.279167 0.0333333 0.0366667
0 0.36375 0.09875 0.0375 0.0425
0 0.749167 0.0541667 0.0383333 0.0383333
0 0.20875 0.02875 0.0375 0.0408333
0 0.985833 0.1675 0.0283333 0.04
0 0.785417 0.695 0.0358333 0.0383333
0 0.977083 0.782917 0.0291667 0.0341667
0 0.432917 0.560417 0.0358333 0.0375
0 0.343333 0.755833 0.035 0.0366667
0 0.467083 0.175 0.0375 0.0416667
0 0.28625 0.72 0.0358333 0.04
0 0.642083 0.106667 0.0341667 0.0366667
0 0.145833 0.43125 0.0366667 0.0375
0 0.6525 0.146667 0.0333333 0.035
0 0.88375 0.310417 0.0358333 0.0391667
0 0.6925 0.565833 0.0333333 0.0366667
0 0.479583 0.24375 0.0358333 0.0375
0 0.819167 0.569167 0.0333333 0.035
0 0.884167 0.794167 0.0316667 0.0316667
0 0.897083 0.2675 0.0341667 0.0366667
0 0.722083 0.889583 0.0341667 0.0375
0 0.3875 0.262083 0.0333333 0.0358333
0 0.15875 0.211667 0.0341667 0.0383333
0 0.956667 0.500833 0.0333333 0.035
0 0.0691667 0.9175 0.0333333 0.0366667
0 0.114583 0.230417 0.0358333 0.0391667
0 0.28125 0.15375 0.0341667 0.0358333
0 0.677083 0.919167 0.0358333 0.0383333
0 0.626667 0.973333 0.03 0.0316667
0 0.03125 0.28625 0.0341667 0.0391667
0 0.0566667 0.38875 0.035 0.0375
0 0.390417 0.7725 0.0341667 0.0383333
0 0.517917 0.735833 0.0358333 0.04
0 0.169167 0.322917 0.0366667 0.0391667
0 0.0216667 0.0508333 0.0333333 0.0366667
0 0.715833 0.812083 0.0366667 0.0391667
0 0.0445833 0.182917 0.0325 0.0358333
0 0.390833 0.14125 0.0316667 0.0341667
0 0.220417 0.1375 0.0375 0.04
0 0.23375 0.353333 0.0358333 0.0383333
