0 0.00791667 0.992083 0.0158333 0.0158333
0 0.186667 0.508333 0.035 0.0383333
0 0.24625 0.482917 0.0341667 0.0375
0 0.451667 0.805833 0.0316667 0.035
0 0.99125 0.345 0.0175 0.0366667
0 0.450417 0.33625 0.0325 0.0341667
0 0.107083 0.410417 0.0275 0.0291667
0 0.12375 0.58125 0.0275 0.0275
0 0.00958333 0.698333 0.0191667 0.04
0 0.797083 0.244583 0.0325 0.0341667
0 0.60625 0.545417 0.0441667 0.0475
0 0.110833 0.73 0.0316667 0.035
0 0.9925 0.880417 0.015 0.0375
0 0.355833 0.26125 0.04 0.0458333
0 0.994167 0.181667 0.0116667 0.0333333
0 0.6075 0.342083 0.0316667 0.0375
0 0.0245833 0.645417 0.0425 0.0491667
0 0.214167 0.331667 0.0366667 0.04
0 0.726667 0.492917 0.0283333 0.0325
0 0.955417 0.539583 0.0308333 0.0341667
0 0.720833 0.2775 0.04 0.045
0 0.21875 0.6525 0.0325 0.0383333
0 0.257083 0.426667 0.0275 0.03
0 0.180833 0.21625 0.0283333 0.0308333
0 0.35 0.09625 0.0283333 0.0325
0 0.927917 0.944583 0.0375 0.0441667
0 0.909167 0.507083 0.0416667 0.0441667
0 0.541667 0.30375 0.0416667 0.0491667
0 0.767083 0.651667 0.0425 0.0416667
0 0.0145833 0.410833 0.0291667 0.045
0 0.295 0.545417 0.03 0.0308333
0 0.955833 0.104583 0.0366667 0.0425
0 0.28375 0.5875 0.0358333 0.04
0 0.80375 0.65125 0.0325 0.0341667
0 0.40375 0.6775 0.0325 0.0333333
0 0.99375 0.0708333 0.0125 0.0316667
0 0.427083 0.35375 0.0425 0.0441667
0 0.2525 0.8525 0.0416667 0.0483333
0 0.0391667 0.85 0.0366667 0.04
0 0.4525 0.295 0.04 0.05
0 0.64625 0.437917 0.0425 0.0441667
0 0.12125 0.845417 0.0308333 0.0325
0 0.544167 0.67 0.04 0.045
0 0.452917 0.504583 0.0391667 0.0458333
0 0.800417 0.0433333 0.0375 0.0416667
0 0.6325 0.122917 0.0416667 0.0491667
0 0.58375 0.630417 0.0391667 0.0441667
0 0.135 0.9925 0.03 0.015
0 0.587917 0.0183333 0.0341667 0.035
0 0.444583 0.912083 0.0391667 0.0458333
0 0.46625 0.0675 0.0375 0.0416667
0 0.545417 0.19875 0.0325 0.0358333
0 0.1925 0.291667 0.035 0.0383333
0 0.0883333 0.516667 0.0416667 0.0466667
0 0.98875 0.505833 0.0225 0.0366667
0 0.958333 0.895 0.0316667 0.0333333
0 0.0129167 0.80375 0.0241667 0.0375
0 0.280417 0.463333 0.0375 0.0383333
0 0.35625 0.684167 0.0391667 0.0433333
0 0.2575 0.133333 0.0383333 0.0433333
0 0.065 0.355417 0.0416667 0.0458333
0 0.878333 0.93125 0.0383333 0.0425
0 0.5025 0.0170833 0.04 0.0341667
0 0.906667 0.60625 0.0333333 0.0375
0 0.75 0.219583 0.0383333 0.0425
0 0.633333 0.318333 0.0366667 0.0416667
0 0.00833333 0.864583 0.0166667 0.0375
0 0.0158333 0.763333 0.0316667 0.0433333
0 0.879167 0.46125 0.0283333 0.0308333
0 0.5025 0.813333 0.0383333 0.04
0 0.567083 0.36375 0.0425 0.0441667
0 0.114583 0.876667 0.0375 0.0433333
0 0.835 0.13375 0.04 0.0441667
0 0.667083 0.685833 0.0408333 0.0433333
0 0.467917 0.695833 0.0375 0.0466667
0 0.42375 0.0654167 0.0391667 0.0425
0 0.162917 0.464167 0.0391667 0.045
0 0.894583 0.861667 0.0375 0.0383333
0 0.9925 0.24 0.015 0.0316667
0 0.684583 0.337917 0.0291667 0.0325
0 0.486667 0.3825 0.035 0.0383333
0 0.04 0.915 0.035 0.0366667
0 0.39 0.820417 0.0383333 0.0441667
0 0.660833 0.222917 0.0333333 0.0358333
0 0.24 0.595 0.0383333 0.0433333
0 0.783333 0.195417 0.0383333 0.0425
0 0.897917 0.0704167 0.0375 0.0425
0 0.56 0.0483333 0.0366667 0.045
0 0.95625 0.447917 0.0341667 0.0341667
0 0.157917 0.337083 0.0341667 0.0341667
0 0.724167 0.412083 0.0366667 0.0391667
0 0.850417 0.2325 0.0358333 0.0416667
0 0.295 0.293333 0.0383333 0.04
0 0.29125 0.669583 0.0291667 0.0341667
0 0.774583 0.919583 0.0375 0.0391667
0 0.3575 0.415833 0.035 0.0366667
0 0.920833 0.288333 0.0366667 0.04
0 0.2725 0.980833 0.0366667 0.0383333
0 0.53375 0.477083 0.0391667 0.0425
0 0.0804167 0.671667 0.0358333 0.0416667
0 0.70875 0.557083 0.0391667 0.0391667
0 0.694583 0.43875 0.0425 0.0458333
0 0.128333 0.94 0.04 0.0416667
0 0.894583 0.307083 0.0325 0.0341667
0 0.510833 0.250833 0.035 0.0383333
0 0.3475 0.8075 0.0316667 0.035
0 0.94 0.82125 0.0366667 0.0408333
0 0.95625 0.862917 0.0375 0.0375
0 0.152917 0.105833 0.0325 0.035
0 0.22125 0.08625 0.0375 0.0441667
0 0.502917 0.745833 0.0375 0.04
0 0.6475 0.36125 0.04 0.0425
0 0.367917 0.613333 0.0408333 0.0433333
0 0.34125 0.754583 0.0375 0.0425
0 0.579583 0.599167 0.0341667 0.0366667
0 0.49375 0.616667 0.0358333 0.04
0 0.44375 0.636667 0.0391667 0.0416667
0 0.8525 0.37 0.0366667 0.04
0 0.309583 0.208333 0.0358333 0.0416667
0 0.953333 0.236667 0.0383333 0.0416667
0 0.795417 0.421667 0.0375 0.0416667
0 0.96625 0.01625 0.0325 0.0291667
0 0.5075 0.704167 0.0383333 0.0466667
0 0.774583 0.369167 0.0358333 0.0383333
0 0.19625 0.142917 0.0375 0.0375
0 0.72625 0.987083 0.0291667 0.0241667
0 0.20125 0.927083 0.0375 0.0408333
0 0.0533333 0.239583 0.035 0.0408333
0 0.260417 0.0154167 0.0358333 0.0308333
0 0.824167 0.184167 0.035 0.04
0 0.777917 0.5625 0.0308333 0.035
0 0.430833 0.215833 0.0316667 0.035
0 0.137917 0.2 0.0358333 0.0383333
0 0.568333 0.17875 0.0366667 0.0408333
0 0.118333 0.456667 0.0383333 0.0416667
0 0.154583 0.59625 0.0375 0.0425
0 0.67125 0.277083 0.0341667 0.0375
0 0.28375 0.871667 0.0325 0.035
0 0.508333 0.13125 0.0316667 0.0341667
0 0.16125 0.769167 0.0358333 0.0366667
0 0.319167 0.505833 0.0366667 0.0366667
0 0.331667 0.429583 0.03 0.0325
0 0.19875 0.5525 0.0325 0.0366667
0 0.01375 0.555 0.0275 0.0383333
0 0.733333 0.0104167 0.03 0.0208333
0 0.347083 0.847083 0.0308333 0.0341667
0 0.347083 0.0241667 0.0341667 0.0366667
0 0.129583 0.24 0.0358333 0.04
0 0.36625 0.4875 0.0325 0.035
0 0.8525 0.514583 0.0333333 0.0375
0 0.2275 0.0320833 0.0316667 0.0341667
0 0.77 0.40875 0.0333333 0.0375
0 0.395417 0.183333 0.0341667 0.0366667
0 0.320417 0.686667 0.0391667 0.0433333
0 0.6675 0.115 0.035 0.04
0 0.984167 0.397083 0.0316667 0.0358333
0 0.714167 0.6175 0.0366667 0.0383333
0 0.887083 0.398333 0.0325 0.0366667
0 0.25125 0.31125 0.0375 0.0391667
0 0.90875 0.20375 0.0358333 0.0391667
0 0.0791667 0.85 0.035 0.035
0 0.0216667 0.20875 0.035 0.0391667
0 0.0491667 0.40375 0.035 0.0391667
0 0.220833 0.890417 0.0366667 0.0408333
0 0.475833 0.2 0.035 0.0383333
0 0.805 0.502917 0.035 0.0375
0 0.359167 0.52375 0.0316667 0.0341667
0 0.267917 0.754167 0.0341667 0.0383333
0 0.2025 0.965 0.0333333 0.035
0 0.955 0.16125 0.03 0.0358333
0 0.274167 0.642083 0.0366667 0.0391667
0 0.30125 0.10375 0.0341667 0.0358333
0 0.727917 0.0804167 0.0358333 0.0375
0 0.92875 0.4025 0.0341667 0.0366667
0 0.561667 0.515833 0.035 0.0366667
0 0.274583 0.932917 0.0341667 0.0375
0 0.7075 0.0125 0.0316667 0.025
0 0.655417 0.990833 0.0291667 0.0183333
0 0.65375 0.0125 0.0375 0.025
0 0.207083 0.725833 0.0341667 0.0383333
0 0.388333 0.415417 0.0316667 0.0341667
0 0.335 0.5925 0.0383333 0.04
0 0.129167 0.364583 0.0316667 0.0341667
0 0.558333 0.7625 0.0333333 0.035
0 0.055 0.745 0.0266667 0.0283333
0 0.312917 0.875 0.0358333 0.04
0 0.450833 0.409167 0.035 0.0366667
0 0.41875 0.46875 0.0375 0.0425
0 0.730417 0.3825 0.0341667 0.0383333
0 0.402917 0.27625 0.0375 0.0375
0 0.651667 0.515 0.035 0.0383333
0 0.622083 0.665 0.0358333 0.0416667
0 0.39 0.561667 0.0333333 0.0366667
0 0.81625 0.3325 0.0325 0.0366667
0 0.428333 0.572917 0.035 0.0375
0 0.157917 0.965417 0.0325 0.0358333
0 0.374167 0.0733333 0.035 0.04
0 0.65125 0.0683333 0.0325 0.035
0 0.104583 0.297083 0.0358333 0.0375
0 0.326667 0.0816667 0.035 0.0383333
0 0.242083 0.17625 0.0325 0.0358333
0 0.865417 0.3125 0.0308333 0.0333333
0 0.53125 0.584583 0.0308333 0.0325
0 0.98375 0.297917 0.0308333 0.0375
0 0.73 0.350417 0.03 0.0325
0 0.0616667 0.956667 0.0333333 0.035
0 0.404167 0.783333 0.0366667 0.04
0 0.46 0.453333 0.035 0.0366667
0 0.0579167 0.30375 0.0358333 0.0391667
0 0.175417 0.669167 0.0341667 0.0366667
0 0.5825 0.095 0.0316667 0.035
0 0.695 0.168333 0.0316667 0.0333333
