0 0.325 0.00458333 0.0283333 0.00916667
0 0.97125 0.917917 0.0341667 0.0408333
0 0.100417 0.316667 0.0375 0.0433333
0 0.54875 0.457083 0.0408333 0.0425
0 0.219167 0.88125 0.0416667 0.0475
0 0.910833 0.774167 0.0433333 0.0416667
0 0.4825 0.405 0.0366667 0.0416667
0 0.214167 0.682083 0.0366667 0.0408333
0 0.87125 0.0429167 0.0375 0.0425
0 0.7525 0.589583 0.04 0.0441667
0 0.644583 0.914583 0.0325 0.0375
0 0.695 0.700417 0.035 0.0408333
0 0.360417 0.217083 0.0308333 0.0325
0 0.590417 0.848333 0.0408333 0.045
0 0.86375 0.684583 0.0425 0.0491667
0 0.95375 0.839167 0.0325 0.0366667
0 0.560833 0.565833 0.0366667 0.0416667
0 0.438333 0.976667 0.035 0.0383333
0 0.113333 0.2275 0.03 0.035
0 0.297917 0.5875 0.0391667 0.05
0 0.63375 0.9425 0.0391667 0.05
0 0.433333 0.655833 0.0333333 0.0366667
0 0.89125 0.140833 0.0391667 0.05
0 0.150833 0.2 0.0333333 0.0366667
0 0.199583 0.252083 0.0408333 0.0441667
0 0.604167 0.884583 0.0366667 0.0391667
0 0.59625 0.375833 0.0391667 0.0416667
0 0.85125 0.24375 0.0358333 0.0425
0 0.311667 0.834583 0.0316667 0.0358333
0 0.52125 0.942083 0.0341667 0.0375
0 0.00916667 0.505 0.0183333 0.0366667
0 0.01 0.991667 0.02 0.015
0 0.615833 0.599583 0.0383333 0.0475
0 0.7575 0.255 0.0366667 0.0383333
0 0.422917 0.604167 0.0408333 0.045
0 0.207083 0.716667 0.0425 0.0533333
0 0.989167 0.140833 0.0183333 0.04
0 0.74375 0.01125 0.0358333 0.0208333
0 0.615833 0.49375 0.0366667 0.0441667
0 0.198333 0.96875 0.0283333 0.0375
0 0.99125 0.989167 0.0175 0.0216667
0 0.5125 0.585 0.0333333 0.0366667
0 0.354167 0.01125 0.0233333 0.0225
0 0.0416667 0.235833 0.0233333 0.025
0 0.537917 0.0633333 0.0358333 0.04
0 0.893333 0.323333 0.04 0.05
0 0.410417 0.718333 0.0358333 0.0366667
0 0.02 0.568333 0.0383333 0.045
0 0.00666667 0.240417 0.0133333 0.0258333
0 0.0133333 0.882917 0.0266667 0.0408333
0 0.76625 0.785417 0.0358333 0.0375
0 0.510833 0.474167 0.04 0.0433333
0 0.48625 0.0175 0.0358333 0.035
0 0.605 0.68375 0.04 0.0475
0 0.808333 0.43875 0.04 0.0458333
0 0.367083 0.990417 0.0341667 0.0191667
0 0.941667 0.947083 0.04 0.0458333
0 0.733333 0.312917 0.0366667 0.0408333
0 0.315 0.235833 0.0366667 0.0383333
0 0.07625 0.275417 0.0391667 0.0425
0 0.0391667 0.3 0.04 0.0433333
0 0.419167 0.882917 0.0383333 0.0408333
0 0.41875 0.792917 0.0341667 0.0358333
0 0.545417 0.78 0.0308333 0.035
0 0.317083 0.04375 0.0358333 0.0391667
0 0.724583 0.917083 0.0325 0.0375
0 0.13875 0.686667 0.0408333 0.045
0 0.334583 0.6275 0.0391667 0.0416667
0 0.875417 0.432917 0.0358333 0.0425
0 0.415833 0.5525 0.03 0.0333333
0 0.9125 0.26625 0.0316667 0.0358333
0 0.970417 0.17125 0.0308333 0.0375
0 0.169167 0.638333 0.0366667 0.04
0 0.219583 0.3175 0.0375 0.0383333
0 0.821667 0.605417 0.0383333 0.0425
0 0.0945833 0.0345833 0.0341667 0.0358333
0 0.98125 0.80625 0.0375 0.0441667
0 0.964583 0.505833 0.0325 0.04
0 0.22 0.0558333 0.04 0.04
0 0.365417 0.655 0.0358333 0.0383333
0 0.54125 0.984167 0.0358333 0.03
0 0.940417 0.54375 0.0358333 0.0408333
0 0.910833 0.824167 0.04 0.0416667
0 0.355833 0.474167 0.0333333 0.035
0 0.86 0.552083 0.0366667 0.0408333
0 0.929583 0.118333 0.0358333 0.0383333
0 0.89875 0.39375 0.0375 0.0441667
0 0.517917 0.902083 0.0341667 0.0375
0 0.179167 0.8275 0.035 0.0383333
0 0.975 0.330417 0.0366667 0.0391667
0 0.0783333 0.819167 0.0366667 0.0383333
0 0.131667 0.144583 0.0333333 0.0358333
0 0.795 0.193333 0.0333333 0.0383333
0 0.739583 0.51375 0.0375 0.0391667
0 0.395 0.202083 0.0333333 0.0358333
0 0.241667 0.206667 0.035 0.04
0 0.690833 0.5275 0.0383333 0.04
0 0.16375 0.802917 0.0358333 0.0375
0 0.31875 0.90625 0.0375 0.0408333
0 0.46625 0.810833 0.0341667 0.0383333
0 0.262917 0.7 0.0391667 0.0416667
0 0.187917 0.15375 0.0375 0.0391667
0 0.972917 0.232083 0.0358333 0.0391667
0 0.46875 0.46125 0.0375 0.0391667
0 0.1 0.930833 0.0366667 0.04
0 0.0566667 0.46 0.035 0.0383333
0 0.86875 0.852917 0.0375 0.0408333
0 0.764583 0.207083 0.0375 0.0425
0 0.245833 0.0995833 0.0366667 0.0391667
0 0.588333 0.981667 0.035 0.0366667
0 0.81125 0.107917 0.0325 0.0375
0 0.0858333 0.07875 0.0366667 0.0391667
0 0.327917 0.693333 0.0325 0.0333333
0 0.404583 0.507917 0.0358333 0.0425
0 0.497083 0.6425 0.0375 0.0433333
0 0.91625 0.650833 0.0375 0.0433333
0 0.897083 0.500417 0.0358333 0.0391667
0 0.639583 0.724167 0.0341667 0.0366667
0 0.40125 0.675 0.0358333 0.04
0 0.46375 0.8775 0.0375 0.045
0 0.63625 0.538333 0.0375 0.0416667
0 0.826667 0.165417 0.0366667 0.0408333
0 0.807083 0.737083 0.0341667 0.0375
0 0.340417 0.095 0.0291667 0.03
0 0.71 0.410417 0.035 0.0375
0 0.958333 0.05125 0.025 0.0258333
0 0.911667 0.725 0.035 0.0366667
0 0.270417 0.788333 0.0341667 0.0383333
0 0.141667 0.74125 0.0366667 0.0408333
0 0.136667 0.357917 0.0266667 0.0275
0 0.181667 0.863333 0.0366667 0.0416667
0 0.357083 0.843333 0.0375 0.04
0 0.364167 0.581667 0.0366667 0.0383333
0 0.3975 0.0470833 0.0333333 0.0358333
0 0.852917 0.937917 0.0325 0.0375
0 0.717917 0.36625 0.0341667 0.0375
0 0.279583 0.1675 0.0341667 0.0366667
0 0.552083 0.660833 0.0325 0.035
0 0.879167 0.76375 0.0366667 0.0391667
0 0.785 0.473333 0.0366667 0.0383333
0 0.145417 0.9875 0.0325 0.0233333
0 0.726667 0.159583 0.0333333 0.0358333
0 0.19125 0.01125 0.0325 0.0208333
0 0.411667 0.761667 0.0333333 0.0366667
0 0.208333 0.7825 0.035 0.0383333
0 0.95625 0.435 0.0341667 0.0366667
0 0.782917 0.548333 0.0358333 0.0416667
0 0.46875 0.936667 0.0375 0.04
0 0.850417 0.802917 0.0358333 0.0375
0 0.875833 0.902083 0.0316667 0.0341667
0 0.452917 0.0495833 0.0325 0.0341667
0 0.915417 0.60625 0.0375 0.0391667
0 0.745833 0.700833 0.035 0.0383333
0 0.680833 0.6525 0.0333333 0.0383333
0 0.297917 0.727917 0.0358333 0.0375
0 0.00916667 0.0720833 0.0183333 0.0325
0 0.793333 0.590833 0.0316667 0.035
0 0.101667 0.355833 0.0283333 0.0283333
0 0.917083 0.22125 0.0341667 0.0375
0 0.834167 0.292917 0.0333333 0.0341667
0 0.267917 0.877917 0.0358333 0.0408333
0 0.290833 0.12375 0.035 0.0358333
0 0.874167 0.73 0.0366667 0.04
0 0.1425 0.2475 0.03 0.0333333
0 0.672083 0.76125 0.0341667 0.0375
0 0.356667 0.165833 0.03 0.035
0 0.800417 0.986667 0.0291667 0.025
0 0.814583 0.377917 0.0358333 0.0391667
0 0.753333 0.984167 0.0316667 0.03
0 0.66125 0.837083 0.0341667 0.0391667
0 0.335833 0.98375 0.0333333 0.0325
0 0.122083 0.27875 0.0325 0.0358333
0 0.125833 0.821667 0.0333333 0.0366667
0 0.7175 0.852917 0.035 0.0391667
0 0.247917 0.942083 0.0341667 0.0391667
0 0.588333 0.751667 0.0333333 0.0366667
0 0.374167 0.758333 0.0366667 0.04
0 0.988333 0.611667 0.0216667 0.035
0 0.6925 0.980417 0.0366667 0.0358333
0 0.2875 0.985 0.0316667 0.0266667
0 0.110417 0.987917 0.0325 0.0241667
0 0.759167 0.90625 0.035 0.0391667
0 0.0754167 0.892917 0.0358333 0.0391667
0 0.719583 0.79875 0.0341667 0.0375
0 0.820833 0.949167 0.03 0.0316667
