0 0.903333 0.0858333 0.035 0.04
0 0.610417 0.925 0.0241667 0.025
0 0.465417 0.917917 0.0308333 0.0341667
0 0.75375 0.992917 0.0325 0.0141667
0 0.480417 0.759583 0.0375 0.0391667
0 0.9775 0.63875 0.045 0.0425
0 0.365833 0.00916667 0.04 0.0183333
0 0.609167 0.989167 0.0333333 0.0216667
0 0.616667 0.147083 0.0433333 0.0475
0 0.0191667 0.105417 0.035 0.0491667
0 0.459167 0.410417 0.0333333 0.0358333
0 0.195833 0.38125 0.035 0.0375
0 0.7725 0.84625 0.0416667 0.0508333
0 0.509583 0.189167 0.0391667 0.0433333
0 0.0691667 0.253333 0.03 0.035
0 0.476667 0.1275 0.0316667 0.0366667
0 0.929167 0.985833 0.03 0.0283333
0 0.4975 0.0941667 0.0383333 0.0433333
0 0.03 0.465417 0.0466667 0.0541667
0 0.932917 0.932083 0.0408333 0.0441667
0 0.726667 0.372083 0.0383333 0.0425
0 0.0229167 0.820833 0.0325 0.0383333
0 0.656667 0.33625 0.0433333 0.0508333
0 0.222083 0.454583 0.0441667 0.0525
0 0.201667 0.17625 0.0416667 0.0475
0 0.560417 0.9275 0.0358333 0.0383333
0 0.825417 0.400833 0.0425 0.05
0 0.194167 0.935 0.0416667 0.0466667
0 0.950833 0.702083 0.0383333 0.0425
0 0.929583 0.222083 0.0358333 0.0391667
0 0.69375 0.24 0.0441667 0.0516667
0 0.4425 0.222917 0.035 0.0358333
0 0.28875 0.270833 0.0358333 0.0383333
0 0.183333 0.1325 0.0366667 0.0433333
0 0.473333 0.609583 0.0316667 0.0341667
0 0.24875 0.36875 0.0408333 0.0458333
0 0.01 0.989167 0.02 0.0216667
0 0.429583 0.375417 0.0375 0.0408333
0 0.141667 0.240417 0.0333333 0.0408333
0 0.374583 0.0716667 0.0375 0.045
0 0.735833 0.924583 0.0366667 0.0408333
0 0.274583 0.0454167 0.0391667 0.0441667
0 0.517083 0.572917 0.0358333 0.0425
0 0.431667 0.0429167 0.0333333 0.0375
0 0.119583 0.02375 0.0358333 0.0391667
0 0.489167 0.549167 0.0316667 0.035
0 0.116667 0.0879167 0.0383333 0.0425
0 0.66375 0.190833 0.0375 0.0483333
0 0.04625 0.14875 0.0375 0.0408333
0 0.149167 0.635 0.0383333 0.0466667
0 0.252917 0.61 0.0425 0.0466667
0 0.3075 0.49875 0.0433333 0.0475
0 0.342917 0.870417 0.0391667 0.0408333
0 0.786667 0.468333 0.0383333 0.0466667
0 0.527083 0.232917 0.0358333 0.0425
0 0.970417 0.870417 0.0325 0.0358333
0 0.0370833 0.965417 0.0391667 0.0458333
0 0.455833 0.512083 0.0383333 0.0458333
0 0.8775 0.115417 0.0383333 0.0458333
0 0.102917 0.5375 0.0308333 0.0333333
0 0.832917 0.950417 0.0391667 0.0425
0 0.3975 0.12375 0.0383333 0.0425
0 0.520833 0.0266667 0.0366667 0.0383333
0 0.345 0.045 0.0383333 0.0416667
0 0.80875 0.30625 0.0358333 0.0408333
0 0.934167 0.322917 0.04 0.0391667
0 0.29625 0.751667 0.0408333 0.0483333
0 0.122917 0.187917 0.0375 0.0441667
0 0.730833 0.975833 0.0283333 0.03
0 0.835 0.0375 0.0366667 0.04
0 0.0258333 0.7775 0.0333333 0.0366667
0 0.0604167 0.211667 0.0325 0.035
0 0.01875 0.884167 0.0325 0.0366667
0 0.46875 0.262917 0.0391667 0.0425
0 0.812917 0.215 0.0375 0.045
0 0.8025 0.895833 0.0366667 0.0416667
0 0.892083 0.7475 0.0391667 0.045
0 0.301667 0.5525 0.0416667 0.0466667
0 0.671667 0.383333 0.035 0.04
0 0.675417 0.935833 0.0325 0.035
0 0.122917 0.414167 0.0275 0.0316667
0 0.0883333 0.56125 0.0383333 0.0408333
0 0.990417 0.785 0.0175 0.0366667
0 0.102917 0.327083 0.0341667 0.0341667
0 0.395833 0.77125 0.035 0.0391667
0 0.77125 0.127917 0.0375 0.0458333
0 0.1325 0.948333 0.035 0.0383333
0 0.0433333 0.314583 0.04 0.0408333
0 0.88625 0.03875 0.0391667 0.0425
0 0.110417 0.687083 0.0375 0.0408333
0 0.338333 0.282083 0.0366667 0.0391667
0 0.214583 0.845833 0.0358333 0.0383333
0 0.98125 0.169583 0.0341667 0.0375
0 0.227917 0.534583 0.0408333 0.0425
0 0.264167 0.327083 0.0333333 0.0341667
0 0.7725 0.560417 0.0383333 0.0425
0 0.4825 0.461667 0.0316667 0.0333333
0 0.125833 0.591667 0.0333333 0.035
0 0.405 0.682083 0.0383333 0.0425
0 0.651667 0.0541667 0.0333333 0.0366667
0 0.460417 0.6825 0.0308333 0.0333333
0 0.25 0.677917 0.0383333 0.0425
0 0.550417 0.0775 0.0341667 0.0383333
0 0.197083 0.689167 0.0325 0.035
0 0.967083 0.0195833 0.0308333 0.0325
0 0.28 0.645 0.0383333 0.04
0 0.3825 0.648333 0.035 0.0383333
0 0.62125 0.0166667 0.0358333 0.0333333
0 0.0779167 0.0825 0.0325 0.0333333
0 0.0470833 0.702083 0.0341667 0.0375
0 0.474583 0.655833 0.0291667 0.0333333
0 0.899167 0.344167 0.0383333 0.0416667
0 0.0325 0.529583 0.0366667 0.0425
0 0.1825 0.889583 0.0383333 0.0408333
0 0.894583 0.688333 0.0341667 0.035
0 0.78625 0.0795833 0.0341667 0.0358333
0 0.717083 0.0225 0.0358333 0.0416667
0 0.776667 0.0183333 0.0383333 0.0366667
0 0.834167 0.760417 0.0333333 0.0358333
0 0.587917 0.702083 0.0375 0.0391667
0 0.422917 0.292917 0.0341667 0.0375
0 0.413333 0.6075 0.04 0.045
0 0.22125 0.344583 0.0308333 0.0341667
0 0.405417 0.41625 0.0325 0.0341667
0 0.880417 0.986667 0.0308333 0.025
0 0.0625 0.506667 0.0333333 0.0366667
0 0.338333 0.114583 0.0366667 0.0425
0 0.327917 0.349583 0.0358333 0.0391667
0 0.37375 0.568333 0.0375 0.0416667
0 0.654167 0.410833 0.035 0.0383333
0 0.984583 0.835 0.0308333 0.04
0 0.770833 0.385833 0.0333333 0.035
0 0.535 0.625 0.0366667 0.0383333
0 0.802083 0.159167 0.0341667 0.0383333
0 0.4475 0.44875 0.035 0.0375
0 0.882917 0.271667 0.0358333 0.0383333
0 0.710417 0.410833 0.0308333 0.0333333
0 0.7 0.68625 0.035 0.0375
0 0.32625 0.4375 0.0358333 0.0383333
0 0.534583 0.27875 0.0341667 0.0375
0 0.865833 0.2025 0.0383333 0.0416667
0 0.31625 0.0279167 0.0308333 0.0341667
0 0.36 0.71 0.035 0.0383333
0 0.934583 0.79625 0.0375 0.0391667
0 0.609167 0.635833 0.0333333 0.0383333
0 0.427917 0.192083 0.0358333 0.0375
0 0.528333 0.505417 0.035 0.0391667
0 0.162083 0.54 0.0358333 0.0383333
0 0.107083 0.927083 0.0341667 0.0375
0 0.709583 0.17625 0.0358333 0.0391667
0 0.739167 0.275 0.0316667 0.035
0 0.566667 0.31 0.035 0.0366667
0 0.602917 0.205 0.0358333 0.0416667
0 0.754583 0.307083 0.0358333 0.0391667
0 0.36125 0.819583 0.0341667 0.0375
0 0.06625 0.45875 0.0341667 0.0358333
0 0.0416667 0.0108333 0.0366667 0.0216667
0 0.180417 0.599167 0.0375 0.0433333
0 0.0883333 0.61625 0.0366667 0.0391667
0 0.779167 0.943333 0.0366667 0.04
0 0.561667 0.452083 0.0316667 0.0341667
0 0.0341667 0.0504167 0.0316667 0.0341667
0 0.262083 0.486667 0.0341667 0.0366667
0 0.118333 0.50375 0.0333333 0.0358333
0 0.575833 0.562083 0.0366667 0.0408333
0 0.987917 0.96875 0.0241667 0.0341667
0 0.0608333 0.842917 0.035 0.0391667
0 0.18875 0.984583 0.0341667 0.0291667
0 0.610833 0.281667 0.0333333 0.0366667
0 0.718333 0.07625 0.035 0.0391667
0 0.68125 0.02625 0.0325 0.0358333
0 0.260417 0.792083 0.0375 0.0391667
0 0.255833 0.434167 0.0383333 0.04
0 0.522083 0.715833 0.0375 0.0433333
0 0.67375 0.515417 0.0325 0.0375
0 0.452917 0.620833 0.0341667 0.0383333
0 0.619167 0.54875 0.0366667 0.0391667
0 0.340417 0.577917 0.0325 0.0358333
0 0.26125 0.124167 0.0341667 0.0366667
0 0.0375 0.91375 0.0333333 0.0358333
0 0.819583 0.260417 0.0341667 0.0375
0 0.550417 0.407917 0.0325 0.0375
0 0.7575 0.50875 0.0333333 0.0358333
0 0.936667 0.12625 0.035 0.0391667
0 0.332917 0.673333 0.0308333 0.0333333
0 0.152917 0.6975 0.0341667 0.0366667
0 0.0929167 0.86 0.0341667 0.0366667
0 0.655833 0.26 0.0333333 0.0366667
0 0.714167 0.467917 0.035 0.0375
0 0.184167 0.33875 0.0333333 0.0358333
0 0.2125 0.0245833 0.0316667 0.0341667
0 0.136667 0.145 0.0366667 0.04
0 0.924167 0.0116667 0.0333333 0.0233333
0 0.314583 0.20875 0.0308333 0.0325
0 0.325417 0.72875 0.0325 0.0341667
0 0.89125 0.485833 0.0341667 0.0366667
0 0.76875 0.429583 0.0358333 0.0425
0 0.61 0.431667 0.035 0.0383333
0 0.745833 0.165417 0.0333333 0.0375
0 0.06 0.9375 0.0333333 0.0366667
0 0.865417 0.151667 0.0358333 0.0383333
0 0.138333 0.742917 0.0333333 0.0358333
0 0.83125 0.0908333 0.0358333 0.0383333
