0 0.191667 0.0133333 0.0283333 0.0266667
0 0.579583 0.530417 0.0458333 0.0491667
0 0.985833 0.0158333 0.0283333 0.0316667
0 0.72375 0.665 0.0308333 0.0316667
0 0.314583 0.917083 0.0441667 0.0508333
0 0.4 0.53625 0.035 0.0358333
0 0.631667 0.111667 0.0383333 0.0416667
0 0.669167 0.348333 0.035 0.0383333
0 0.687083 0.248333 0.0425 0.0533333
0 0.11375 0.809167 0.0291667 0.0316667
0 0.159583 0.0358333 0.0291667 0.0316667
0 0.0325 0.676667 0.0433333 0.0533333
0 0.775833 0.6675 0.0416667 0.05
0 0.685417 0.62 0.0391667 0.045
0 0.622917 0.234167 0.0408333 0.0533333
0 0.995417 0.1125 0.00916667 0.0316667
0 0.934167 0.709167 0.0416667 0.0466667
0 0.312917 0.423333 0.0275 0.03
0 0.82875 0.2825 0.0425 0.0466667
0 0.134167 0.75875 0.0466667 0.0475
0 0.523333 0.887083 0.05 0.0591667
0 0.21375 0.582917 0.0441667 0.0491667
0 0.139167 0.555 0.0416667 0.045
0 0.912083 0.20875 0.0375 0.0425
0 0.0808333 0.729583 0.045 0.0475
0 0.385833 0.335417 0.0333333 0.0375
0 0.38 0.81 0.0416667 0.0466667
0 0.99375 0.350833 0.0125 0.035
0 0.707083 0.395417 0.0391667 0.0425
0 0.832083 0.777083 0.0458333 0.0475
0 0.70125 0.970833 0.0391667 0.045
0 0.574583 0.610833 0.0408333 0.0483333
0 0.472917 0.349583 0.0408333 0.0491667
0 0.966667 0.385417 0.0416667 0.0425
0 0.0075 0.784167 0.015 0.0333333
0 0.195833 0.471667 0.0366667 0.04
0 0.388333 0.0433333 0.0283333 0.0283333
0 0.938333 0.99125 0.0316667 0.0175
0 0.25875 0.0966667 0.0408333 0.0483333
0 0.7875 0.705 0.0383333 0.0416667
0 0.191667 0.969167 0.0383333 0.045
0 0.893333 0.915417 0.0333333 0.0358333
0 0.112083 0.685417 0.0375 0.0408333
0 0.0108333 0.965417 0.0216667 0.0458333
0 0.992917 0.771667 0.0125 0.035
0 0.876667 0.189583 0.035 0.0391667
0 0.172083 0.676667 0.0425 0.045
0 0.336667 0.6575 0.0383333 0.045
0 0.566667 0.36125 0.035 0.0391667
0 0.839167 0.659167 0.0316667 0.0366667
0 0.400833 0.696667 0.0383333 0.0433333
0 0.845 0.224583 0.04 0.0458333
0 0.672917 0.165 0.0375 0.0416667
0 0.279167 0.450417 0.0433333 0.0508333
0 0.72625 0.458333 0.0391667 0.045
0 0.148333 0.79375 0.0383333 0.0425
0 0.240833 0.498333 0.0383333 0.0433333
0 0.787917 0.847917 0.0408333 0.0458333
0 0.180833 0.915417 0.04 0.0475
0 0.65625 0.97375 0.0358333 0.0408333
0 0.1525 0.842917 0.04 0.0458333
0 0.0295833 0.0108333 0.0408333 0.0216667
0 0.11125 0.185833 0.0341667 0.0366667
0 0.4875 0.554167 0.0383333 0.0433333
0 0.521667 0.304583 0.04 0.0441667
0 0.96 0.877917 0.0383333 0.0458333
0 0.72625 0.560417 0.0391667 0.0391667
0 0.147917 0.627917 0.0391667 0.0391667
0 0.36875 0.63625 0.0408333 0.0408333
0 0.98875 0.729583 0.0225 0.0325
0 0.53625 0.249583 0.0375 0.0408333
0 0.3575 0.0170833 0.035 0.0341667
0 0.563333 0.18 0.0366667 0.0433333
0 0.0170833 0.0533333 0.0341667 0.0383333
0 0.944167 0.0254167 0.0383333 0.0408333
0 0.59125 0.325 0.0391667 0.045
0 0.432083 0.854583 0.0391667 0.0425
0 0.988333 0.98625 0.0233333 0.0275
0 0.744583 0.76625 0.0408333 0.0441667
0 0.2175 0.777083 0.0383333 0.0425
0 0.0608333 0.280417 0.0383333 0.0391667
0 0.654167 0.77375 0.04 0.0475
0 0.677917 0.730833 0.0391667 0.0466667
0 0.48375 0.506667 0.0391667 0.045
0 0.264167 0.79625 0.0366667 0.0425
0 0.0633333 0.2375 0.035 0.0366667
0 0.636667 0.839583 0.0366667 0.0458333
0 0.974583 0.0783333 0.0358333 0.0366667
0 0.747083 0.904167 0.0358333 0.0383333
0 0.874583 0.142083 0.0375 0.0425
0 0.1225 0.950417 0.0366667 0.0408333
0 0.89875 0.301667 0.0375 0.04
0 0.88 0.0225 0.0366667 0.0416667
0 0.27375 0.849167 0.0358333 0.0433333
0 0.175417 0.438333 0.0275 0.0283333
0 0.88875 0.505417 0.0375 0.0391667
0 0.78 0.402917 0.0383333 0.0391667
0 0.955833 0.548333 0.035 0.0383333
0 0.88875 0.780417 0.0391667 0.0441667
0 0.992917 0.28375 0.0141667 0.0325
0 0.60625 0.45375 0.0375 0.0425
0 0.862917 0.475 0.0375 0.04
0 0.02 0.91875 0.035 0.0408333
0 0.249583 0.947917 0.0341667 0.0358333
0 0.681667 0.832917 0.04 0.0408333
0 0.574583 0.972083 0.0358333 0.0375
0 0.389167 0.965833 0.035 0.035
0 0.2775 0.495 0.04 0.04
0 0.259167 0.01 0.035 0.02
0 0.147083 0.10375 0.0391667 0.0425
0 0.0683333 0.823333 0.0383333 0.0416667
0 0.91 0.35625 0.035 0.0375
0 0.425833 0.619583 0.0383333 0.0408333
0 0.860833 0.614583 0.035 0.0391667
0 0.274167 0.683333 0.0383333 0.04
0 0.94875 0.15125 0.0341667 0.0375
0 0.874583 0.278333 0.0391667 0.0416667
0 0.657917 0.41375 0.0375 0.0408333
0 0.4575 0.420417 0.0366667 0.0391667
0 0.17375 0.734583 0.0358333 0.0375
0 0.987083 0.932083 0.0258333 0.0341667
0 0.365417 0.780417 0.0391667 0.0425
0 0.593333 0.703333 0.0316667 0.035
0 0.75875 0.722083 0.0375 0.0425
0 0.0608333 0.604583 0.035 0.0375
0 0.754167 0.9575 0.0366667 0.0383333
0 0.376667 0.527917 0.0333333 0.0358333
0 0.774583 0.336667 0.0358333 0.04
0 0.909583 0.594167 0.0308333 0.0333333
0 0.577917 0.683333 0.0341667 0.0383333
0 0.7475 0.301667 0.0366667 0.04
0 0.182917 0.8625 0.0375 0.0416667
0 0.0875 0.0791667 0.0333333 0.035
0 0.802917 0.506667 0.0341667 0.0366667
0 0.2725 0.0475 0.0333333 0.035
0 0.76125 0.0904167 0.0358333 0.0375
0 0.81 0.143333 0.035 0.0383333
0 0.97875 0.216667 0.0325 0.0366667
0 0.782917 0.261667 0.0375 0.04
0 0.35875 0.0929167 0.0341667 0.0375
0 0.71875 0.254167 0.0325 0.0333333
0 0.619583 0.754583 0.0341667 0.0375
0 0.353333 0.69625 0.0333333 0.0358333
0 0.903333 0.425833 0.0333333 0.0366667
0 0.572083 0.767083 0.0358333 0.0391667
0 0.8475 0.5825 0.0333333 0.035
0 0.367917 0.57 0.0358333 0.035
0 0.710417 0.304583 0.0341667 0.0358333
0 0.28375 0.56875 0.0391667 0.0425
0 0.667917 0.452083 0.0358333 0.0391667
0 0.32875 0.393333 0.0325 0.035
0 0.405 0.882083 0.0366667 0.0391667
0 0.32375 0.0295833 0.0325 0.0358333
0 0.0225 0.0875 0.0333333 0.035
0 0.21125 0.125417 0.0325 0.0358333
0 0.773333 0.79375 0.0383333 0.0408333
0 0.218333 0.854167 0.0366667 0.0383333
0 0.81375 0.325417 0.0358333 0.0391667
0 0.263333 0.179167 0.035 0.0366667
0 0.466667 0.59875 0.0366667 0.0391667
0 0.756667 0.614583 0.0333333 0.0358333
0 0.5075 0.649583 0.035 0.0375
0 0.6925 0.792083 0.0333333 0.0358333
0 0.837083 0.430833 0.0341667 0.0383333
0 0.906667 0.8275 0.0316667 0.035
0 0.690417 0.54375 0.0341667 0.0391667
0 0.431667 0.966667 0.0333333 0.0366667
0 0.803333 0.984583 0.03 0.0275
0 0.24375 0.709583 0.0341667 0.0375
0 0.370833 0.487083 0.0333333 0.0358333
0 0.650833 0.485417 0.035 0.0375
0 0.747917 0.390833 0.0375 0.04
0 0.34 0.7325 0.035 0.0383333
0 0.6775 0.6675 0.035 0.0383333
0 0.07625 0.152083 0.0358333 0.0408333
0 0.982083 0.47 0.0325 0.035
0 0.955833 0.303333 0.0316667 0.0333333
0 0.96625 0.687917 0.0325 0.0325
0 0.638333 0.6 0.035 0.04
0 0.7925 0.46375 0.0316667 0.0358333
0 0.727083 0.207083 0.0358333 0.0391667
0 0.259583 0.637083 0.0341667 0.0358333
0 0.834583 0.857083 0.0375 0.0408333
0 0.860417 0.729583 0.0358333 0.0425
0 0.221667 0.03625 0.035 0.0375
0 0.885 0.662083 0.0316667 0.0358333
0 0.190417 0.0808333 0.0341667 0.0366667
0 0.416667 0.415833 0.0333333 0.0366667
0 0.334583 0.497917 0.0341667 0.0375
0 0.439167 0.719583 0.0333333 0.0358333
0 0.622917 0.94625 0.0341667 0.0358333
0 0.543333 0.427917 0.035 0.0375
0 0.510833 0.74625 0.035 0.0391667
0 0.582917 0.835833 0.0341667 0.0383333
0 0.8075 0.0729167 0.0316667 0.0341667
0 0.489583 0.810833 0.0341667 0.0383333
0 0.4125 0.930417 0.0333333 0.0375
0 0.976667 0.655417 0.0333333 0.0358333
