0 0.312917 0.0958333 0.0508333 0.0566667
0 0.777917 0.807083 0.0458333 0.0491667
0 0.2625 0.00958333 0.035 0.0191667
0 0.649583 0.42 0.0408333 0.0483333
0 0.809167 0.23 0.03 0.0333333
0 0.904583 0.167917 0.0375 0.0425
0 0.39 0.01125 0.04 0.0225
0 0.667917 0.784167 0.0391667 0.0416667
0 0.758333 0.177917 0.0333333 0.0375
0 0.682083 0.2525 0.0441667 0.05
0 0.01 0.113333 0.02 0.0316667
0 0.0895833 0.0670833 0.0341667 0.0391667
0 0.529583 0.3975 0.0425 0.0483333
0 0.477083 0.99375 0.0291667 0.0125
0 0.688333 0.92125 0.0316667 0.0341667
0 0.956667 0.77625 0.0366667 0.0441667
0 0.207083 0.379167 0.0425 0.0516667
0 0.0375 0.8325 0.035 0.04
0 0.379583 0.0704167 0.0408333 0.0475
0 0.631667 0.955417 0.0383333 0.0408333
0 0.0804167 0.369167 0.0375 0.045
0 0.780833 0.126667 0.0383333 0.0416667
0 0.2075 0.673333 0.0433333 0.0483333
0 0.22625 0.597083 0.0425 0.0475
0 0.4775 0.9025 0.0383333 0.0416667
0 0.264167 0.30625 0.0416667 0.0441667
0 0.332083 0.694583 0.0341667 0.0375
0 0.0516667 0.635833 0.0433333 0.045
0 0.754583 0.857917 0.0425 0.0458333
0 0.17375 0.4975 0.0341667 0.0366667
0 0.978333 0.6125 0.04 0.04
0 0.0804167 0.442917 0.0408333 0.0425
0 0.54375 0.932917 0.0375 0.0391667
0 0.15375 0.556667 0.0441667 0.0516667
0 0.34125 0.195833 0.0308333 0.035
0 0.9425 0.858333 0.0433333 0.0466667
0 0.217083 0.533333 0.0341667 0.0383333
0 0.08625 0.645833 0.0375 0.04
0 0.164583 0.0295833 0.0375 0.0408333
0 0.07 0.502083 0.0416667 0.0491667
0 0.140833 0.515833 0.04 0.0416667
0 0.38375 0.992083 0.0291667 0.0158333
0 0.0904167 0.704583 0.0425 0.0441667
0 0.4525 0.552917 0.0333333 0.0358333
0 0.739167 0.27375 0.025 0.0258333
0 0.10375 0.29875 0.0408333 0.0475
0 0.369583 0.940417 0.0358333 0.0375
0 0.156667 0.22625 0.0433333 0.0408333
0 0.786667 0.0379167 0.04 0.0458333
0 0.15375 0.462917 0.0391667 0.0425
0 0.851667 0.6 0.0366667 0.04
0 0.267083 0.123333 0.0391667 0.045
0 0.458333 0.146667 0.04 0.0416667
0 0.0595833 0.304583 0.0408333 0.0441667
0 0.608333 0.0583333 0.0333333 0.0366667
0 0.299167 0.204583 0.035 0.0375
0 0.189167 0.754167 0.0383333 0.0433333
0 0.915417 0.0204167 0.0325 0.0325
0 0.766667 0.152917 0.03 0.0325
0 0.837917 0.674583 0.0425 0.0491667
0 0.0675 0.0179167 0.0366667 0.0358333
0 0.00708333 0.282917 0.0141667 0.0291667
0 0.68875 0.830417 0.0358333 0.0391667
0 0.421667 0.120417 0.0366667 0.0375
0 0.119167 0.134167 0.0333333 0.035
0 0.92125 0.13875 0.0408333 0.0425
0 0.419167 0.322083 0.0366667 0.0391667
0 0.568333 0.310833 0.035 0.0383333
0 0.397917 0.515417 0.0325 0.0358333
0 0.310417 0.989583 0.0308333 0.0208333
0 0.509583 0.128333 0.0358333 0.045
0 0.954583 0.978333 0.0341667 0.035
0 0.608333 0.893333 0.035 0.0383333
0 0.015 0.350417 0.03 0.0441667
0 0.2325 0.0729167 0.0366667 0.0391667
0 0.32 0.325 0.04 0.04
0 0.786667 0.904583 0.0366667 0.0425
0 0.900417 0.84375 0.0391667 0.0458333
0 0.6625 0.100833 0.035 0.04
0 0.375 0.689583 0.0366667 0.0375
0 0.40375 0.952917 0.0358333 0.0391667
0 0.0108333 0.773333 0.0216667 0.0383333
0 0.34875 0.598333 0.0375 0.0416667
0 0.77125 0.750833 0.0375 0.0383333
0 0.77125 0.202083 0.0308333 0.0325
0 0.462917 0.21875 0.0308333 0.0341667
0 0.33 0.512083 0.0366667 0.0408333
0 0.03875 0.257917 0.0391667 0.0425
0 0.8775 0.791667 0.0316667 0.0333333
0 0.847083 0.28375 0.0308333 0.0341667
0 0.910833 0.705417 0.0316667 0.0358333
0 0.10625 0.744583 0.0358333 0.0391667
0 0.55625 0.984583 0.0358333 0.0308333
0 0.143333 0.780833 0.0333333 0.035
0 0.6975 0.370417 0.0266667 0.0291667
0 0.864583 0.1975 0.0375 0.04
0 0.459167 0.358333 0.0383333 0.0416667
0 0.931667 0.685417 0.035 0.0408333
0 0.297083 0.239167 0.0308333 0.0333333
0 0.666667 0.34125 0.03 0.0325
0 0.260417 0.487083 0.0391667 0.0425
0 0.594167 0.11875 0.0333333 0.0358333
0 0.111667 0.874167 0.0383333 0.0433333
0 0.940417 0.2025 0.0375 0.0416667
0 0.865417 0.239167 0.0291667 0.0316667
0 0.523333 0.2925 0.0383333 0.0433333
0 0.145833 0.839583 0.0333333 0.0325
0 0.167083 0.184583 0.0308333 0.0341667
0 0.0608333 0.123333 0.0366667 0.0383333
0 0.64 0.984167 0.0333333 0.0316667
0 0.843333 0.00958333 0.035 0.0191667
0 0.822917 0.150833 0.0358333 0.0383333
0 0.689583 0.0241667 0.0325 0.035
0 0.349167 0.369167 0.0383333 0.0416667
0 0.855 0.124167 0.0366667 0.0366667
0 0.503333 0.0179167 0.035 0.0341667
0 0.420417 0.445417 0.0325 0.0358333
0 0.0379167 0.894167 0.0341667 0.0383333
0 0.211667 0.200417 0.035 0.0375
0 0.571667 0.0720833 0.0366667 0.0391667
0 0.745417 0.349583 0.0325 0.0341667
0 0.445833 0.0266667 0.035 0.0366667
0 0.4025 0.214167 0.0333333 0.035
0 0.967917 0.1625 0.0358333 0.0366667
0 0.909167 0.923333 0.0366667 0.04
0 0.0995833 0.545 0.0341667 0.035
0 0.295833 0.63375 0.0383333 0.0408333
0 0.02375 0.58625 0.0358333 0.0391667
0 0.22125 0.265417 0.0341667 0.0375
0 0.220417 0.449167 0.0341667 0.0366667
0 0.595417 0.3975 0.0341667 0.0383333
0 0.3775 0.2725 0.035 0.0416667
0 0.0666667 0.78125 0.0333333 0.0341667
0 0.693333 0.117083 0.03 0.0325
0 0.98625 0.730417 0.0275 0.0358333
0 0.917083 0.890833 0.0358333 0.04
0 0.519583 0.894583 0.0325 0.0358333
0 0.01875 0.2025 0.0341667 0.0366667
0 0.295417 0.0425 0.0341667 0.0366667
0 0.0283333 0.67875 0.035 0.0375
0 0.78375 0.27 0.0358333 0.0383333
0 0.155 0.12125 0.0366667 0.0391667
0 0.97625 0.664583 0.0341667 0.0341667
0 0.7125 0.980833 0.03 0.0333333
0 0.61875 0.327083 0.0341667 0.0358333
0 0.60875 0.165 0.0341667 0.0383333
0 0.573333 0.26875 0.0316667 0.0341667
0 0.1275 0.400417 0.0383333 0.0425
0 0.39375 0.137917 0.0358333 0.0375
0 0.259583 0.217083 0.0375 0.0391667
0 0.954167 0.929167 0.035 0.0366667
0 0.527917 0.481667 0.0341667 0.035
0 0.844583 0.854583 0.0341667 0.0375
0 0.56125 0.219583 0.0325 0.0358333
0 0.985 0.075 0.03 0.0383333
0 0.2225 0.13 0.0333333 0.035
0 0.455 0.644167 0.0316667 0.0333333
0 0.857083 0.771667 0.0325 0.035
0 0.479583 0.258333 0.0341667 0.04
0 0.17875 0.60375 0.0341667 0.0375
0 0.16875 0.655833 0.0341667 0.035
0 0.962917 0.04625 0.0325 0.0358333
