0 0.613333 0.289583 0.0333333 0.0391667
0 0.158333 0.974167 0.0316667 0.03
0 0.369583 0.766667 0.0308333 0.035
0 0.467083 0.816667 0.0425 0.0516667
0 0.744167 0.629167 0.0333333 0.04
0 0.4375 0.184583 0.0366667 0.0408333
0 0.819167 0.694583 0.0266667 0.0291667
0 0.255 0.65125 0.0316667 0.0341667
0 0.908333 0.227917 0.0366667 0.0408333
0 0.857917 0.29125 0.0441667 0.0491667
0 0.633333 0.170833 0.0333333 0.035
0 0.946667 0.462083 0.0433333 0.0491667
0 0.552083 0.76375 0.0308333 0.0341667
0 0.169167 0.5775 0.0383333 0.0383333
0 0.83875 0.0804167 0.0308333 0.0358333
0 0.38875 0.538333 0.0375 0.0483333
0 0.005 0.194583 0.01 0.0291667
0 0.125 0.8025 0.0383333 0.045
0 0.0891667 0.69375 0.04 0.0491667
0 0.38 0.993333 0.0316667 0.0133333
0 0.256667 0.332083 0.0416667 0.0475
0 0.611667 0.375417 0.0316667 0.0341667
0 0.28875 0.447917 0.0375 0.0458333
0 0.76625 0.7025 0.0441667 0.05
0 0.3175 0.555833 0.0416667 0.045
0 0.989583 0.392083 0.0208333 0.0375
0 0.752917 0.59 0.0408333 0.045
0 0.785833 0.972917 0.0383333 0.0458333
0 0.284167 0.53 0.0433333 0.05
0 0.0179167 0.575833 0.0358333 0.0416667
0 0.744167 0.374583 0.03 0.0325
0 0.0354167 0.177917 0.0358333 0.0408333
0 0.98875 0.315417 0.0225 0.0308333
0 0.0645833 0.98625 0.0275 0.0275
0 0.12625 0.569167 0.0408333 0.0466667
0 0.0354167 0.0675 0.0408333 0.045
0 0.380833 0.34625 0.045 0.0458333
0 0.46125 0.377917 0.0375 0.0408333
0 0.6825 0.662917 0.035 0.0391667
0 0.703333 0.94875 0.0416667 0.0458333
0 0.74875 0.46125 0.0391667 0.0408333
0 0.69 0.522917 0.0366667 0.0408333
0 0.358333 0.504583 0.0416667 0.0458333
0 0.185 0.425417 0.0383333 0.0408333
0 0.4675 0.555 0.04 0.0433333
0 0.989583 0.82625 0.0191667 0.0375
0 0.844583 0.475833 0.0408333 0.045
0 0.569583 0.547083 0.0391667 0.0408333
0 0.614167 0.620833 0.0333333 0.04
0 0.432083 0.644583 0.0391667 0.0441667
0 0.530833 0.211667 0.0383333 0.04
0 0.0808333 0.613333 0.0416667 0.0433333
0 0.0220833 0.922083 0.0341667 0.0375
0 0.660417 0.750833 0.0375 0.04
0 0.524583 0.84875 0.0325 0.0358333
0 0.308333 0.823333 0.0333333 0.035
0 0.96625 0.521667 0.0375 0.0466667
0 0.635 0.487083 0.0383333 0.0391667
0 0.426667 0.7425 0.0366667 0.0416667
0 0.30375 0.922083 0.0358333 0.0408333
0 0.155833 0.927083 0.04 0.0491667
0 0.44 0.260833 0.035 0.0383333
0 0.0658333 0.506667 0.0333333 0.0383333
0 0.972083 0.179167 0.0358333 0.0433333
0 0.325 0.3225 0.0383333 0.0433333
0 0.85625 0.684583 0.0375 0.0425
0 0.254167 0.774167 0.0333333 0.0366667
0 0.795833 0.504167 0.04 0.0466667
0 0.349583 0.245417 0.0358333 0.0408333
0 0.827917 0.614583 0.0391667 0.0458333
0 0.647917 0.945417 0.0308333 0.0341667
0 0.534167 0.614167 0.0366667 0.0466667
0 0.524167 0.556667 0.04 0.045
0 0.62 0.990833 0.0333333 0.0183333
0 0.3625 0.949583 0.0383333 0.0408333
0 0.864583 0.5475 0.0375 0.045
0 0.567917 0.41 0.0341667 0.0366667
0 0.02 0.860833 0.035 0.0383333
0 0.8675 0.375417 0.0383333 0.0408333
0 0.7475 0.0170833 0.0366667 0.0341667
0 0.542917 0.67375 0.0391667 0.0441667
0 0.404167 0.46 0.0366667 0.04
0 0.675833 0.435 0.0366667 0.0383333
0 0.632917 0.895833 0.0358333 0.0366667
0 0.827917 0.76625 0.0308333 0.0341667
0 0.845833 0.965833 0.0333333 0.035
0 0.0108333 0.8275 0.0216667 0.04
0 0.10375 0.764167 0.0325 0.035
0 0.53 0.261667 0.0383333 0.04
0 0.7425 0.863333 0.0366667 0.04
0 0.7 0.685833 0.035 0.0383333
0 0.989167 0.2525 0.0216667 0.0416667
0 0.902917 0.0208333 0.0358333 0.0416667
0 0.695417 0.167083 0.0358333 0.0391667
0 0.882083 0.337083 0.0375 0.0425
0 0.205 0.902083 0.0333333 0.0341667
0 0.64625 0.603333 0.0341667 0.0366667
0 0.642917 0.337917 0.0325 0.0358333
0 0.889167 0.48375 0.0366667 0.0441667
0 0.1175 0.51125 0.035 0.0375
0 0.534167 0.379583 0.0366667 0.0408333
0 0.829583 0.861667 0.0358333 0.04
0 0.822083 0.139167 0.0358333 0.0383333
0 0.39 0.875833 0.0333333 0.0366667
0 0.32375 0.699167 0.0358333 0.04
0 0.905417 0.936667 0.0341667 0.0383333
0 0.49625 0.4875 0.0375 0.04
0 0.637917 0.430417 0.0358333 0.0375
0 0.772917 0.818333 0.0408333 0.04
0 0.781667 0.175 0.0333333 0.0366667
0 0.2025 0.5475 0.0316667 0.0366667
0 0.651667 0.540833 0.0316667 0.035
0 0.0345833 0.745417 0.0358333 0.0408333
0 0.0216667 0.97625 0.035 0.0391667
0 0.939583 0.115417 0.0325 0.0358333
0 0.64 0.207083 0.035 0.0391667
0 0.71875 0.3275 0.0358333 0.0366667
0 0.817083 0.220833 0.0341667 0.0383333
0 0.889167 0.64 0.0366667 0.0433333
0 0.219167 0.82375 0.035 0.0391667
0 0.107917 0.850833 0.0341667 0.0383333
0 0.9025 0.446667 0.0366667 0.04
0 0.865833 0.73375 0.035 0.0391667
0 0.68125 0.260417 0.0358333 0.0408333
0 0.592083 0.825417 0.0358333 0.0375
0 0.524583 0.33375 0.0375 0.0408333
0 0.939167 0.724583 0.0383333 0.0425
0 0.91375 0.883333 0.0375 0.0383333
0 0.573333 0.497917 0.035 0.0375
0 0.3925 0.257917 0.0333333 0.0375
0 0.125 0.96375 0.0333333 0.0358333
0 0.721667 0.125 0.0366667 0.0433333
0 0.6925 0.857083 0.0316667 0.0358333
0 0.611667 0.795 0.035 0.0366667
0 0.359167 0.827083 0.035 0.0391667
0 0.937917 0.599167 0.0341667 0.0366667
0 0.557083 0.984167 0.0341667 0.0316667
0 0.982917 0.477083 0.0341667 0.0408333
0 0.4275 0.98375 0.0333333 0.0325
0 0.987917 0.612917 0.0225 0.0375
0 0.257917 0.922083 0.0358333 0.0375
0 0.410417 0.795417 0.0325 0.0358333
0 0.46625 0.2075 0.0358333 0.04
0 0.87 0.414167 0.0316667 0.035
0 0.97125 0.920833 0.0291667 0.0333333
0 0.0191667 0.6825 0.035 0.0366667
0 0.3 0.670833 0.035 0.0383333
0 0.774583 0.29 0.0341667 0.035
0 0.914167 0.2675 0.0333333 0.035
0 0.767083 0.0854167 0.0325 0.0341667
0 0.960833 0.788333 0.0316667 0.035
0 0.24625 0.535417 0.0358333 0.0408333
0 0.153333 0.0141667 0.0333333 0.0266667
0 0.4975 0.985 0.0333333 0.03
0 0.788333 0.364167 0.0333333 0.035
0 0.540417 0.498333 0.0325 0.035
0 0.572083 0.32875 0.0358333 0.0391667
0 0.925 0.540417 0.035 0.0391667
0 0.767083 0.91 0.0308333 0.0333333
0 0.987083 0.77375 0.0258333 0.0325
0 0.459167 0.93125 0.0333333 0.0358333
0 0.570417 0.924167 0.0325 0.035
0 0.985 0.10375 0.0283333 0.0325
0 0.585417 0.66625 0.0358333 0.0391667
0 0.94875 0.340833 0.0325 0.035
0 0.96125 0.696667 0.0325 0.035
0 0.692917 0.095 0.0358333 0.0383333
0 0.897083 0.827917 0.0341667 0.0358333
0 0.806667 0.42875 0.035 0.0375
0 0.86125 0.826667 0.0341667 0.0366667
0 0.929583 0.415 0.0358333 0.04
