0 0.7675 0.305833 0.0283333 0.0316667
0 0.994167 0.141667 0.0116667 0.0333333
0 0.00583333 0.39625 0.0116667 0.0325
0 0.245417 0.497917 0.0275 0.0308333
0 0.297083 0.63625 0.0258333 0.0258333
0 0.3875 0.189167 0.0433333 0.05
0 0.815833 0.244583 0.045 0.0491667
0 0.995833 0.682083 0.00833333 0.0308333
0 0.9475 0.813333 0.0333333 0.0333333
0 0.0158333 0.8975 0.0316667 0.045
0 0.831667 0.87125 0.0416667 0.0475
0 0.47375 0.989583 0.0325 0.0191667
0 0.263333 0.711667 0.0383333 0.045
0 0.00708333 0.8325 0.0141667 0.0366667
0 0.443333 0.44125 0.03 0.0325
0 0.68 0.1075 0.0416667 0.0466667
0 0.63625 0.79125 0.0308333 0.0325
0 0.130833 0.567917 0.03 0.0341667
0 0.277083 0.215417 0.0458333 0.0458333
0 0.7 0.876667 0.04 0.0416667
0 0.534167 0.510417 0.035 0.0375
0 0.421667 0.12125 0.045 0.0475
0 0.3475 0.991667 0.035 0.0166667
0 0.155833 0.665833 0.0416667 0.05
0 0.517083 0.375833 0.0375 0.04
0 0.4825 0.00875 0.0383333 0.0175
0 0.370417 0.53 0.0308333 0.0333333
0 0.4125 0.9775 0.0366667 0.0366667
0 0.63375 0.980833 0.0341667 0.0383333
0 0.514167 0.434583 0.0333333 0.0341667
0 0.980417 0.583333 0.0375 0.04
0 0.987083 0.2275 0.0258333 0.035
0 0.681667 0.794167 0.04 0.0483333
0 0.29125 0.161667 0.0308333 0.035
0 0.817083 0.349167 0.0341667 0.0366667
0 0.658333 0.314583 0.0333333 0.0375
0 0.687083 0.0075 0.0308333 0.015
0 0.31875 0.275417 0.0341667 0.0408333
0 0.15 0.21875 0.03 0.0325
0 0.224167 0.198333 0.0366667 0.0433333
0 0.505 0.025 0.0283333 0.0316667
0 0.222917 0.720833 0.0408333 0.045
0 0.577917 0.00958333 0.0308333 0.0191667
0 0.581667 0.87375 0.0366667 0.0408333
0 0.226667 0.0683333 0.0383333 0.045
0 0.404583 0.0429167 0.0341667 0.0375
0 0.3425 0.401667 0.0316667 0.035
0 0.167917 0.449167 0.0375 0.04
0 0.87125 0.0558333 0.0425 0.0433333
0 0.655 0.863333 0.035 0.0416667
0 0.210833 0.562917 0.0333333 0.0375
0 0.34125 0.349167 0.0391667 0.045
0 0.00833333 0.25375 0.0166667 0.0358333
0 0.8675 0.769583 0.0383333 0.0425
0 0.755417 0.858333 0.0375 0.04
0 0.44875 0.279583 0.0375 0.0408333
0 0.0816667 0.400833 0.0316667 0.0366667
0 0.78625 0.760833 0.0358333 0.0416667
0 0.201667 0.649167 0.04 0.045
0 0.245833 0.622083 0.0383333 0.0408333
0 0.969167 0.0420833 0.0366667 0.0408333
0 0.06625 0.0354167 0.0375 0.0408333
0 0.584167 0.948333 0.04 0.0433333
0 0.436667 0.507917 0.0383333 0.0408333
0 0.54 0.293333 0.035 0.04
0 0.124583 0.321667 0.0375 0.0416667
0 0.0233333 0.716667 0.0383333 0.0433333
0 0.880417 0.0141667 0.0375 0.0283333
0 0.275 0.529583 0.04 0.0408333
0 0.31875 0.502083 0.0341667 0.0375
0 0.557917 0.466667 0.0358333 0.04
0 0.520833 0.205833 0.0366667 0.045
0 0.0670833 0.25875 0.0358333 0.0375
0 0.837083 0.587917 0.0325 0.0358333
0 0.0479167 0.423333 0.0308333 0.0333333
0 0.68375 0.0341667 0.0325 0.0366667
0 0.205833 0.520417 0.0366667 0.0391667
0 0.79 0.9125 0.0366667 0.04
0 0.0175 0.192083 0.035 0.0391667
0 0.434583 0.0108333 0.0391667 0.02
0 0.669167 0.0716667 0.0383333 0.04
0 0.930417 0.612917 0.0358333 0.0425
0 0.33625 0.2125 0.0358333 0.0416667
0 0.175833 0.2125 0.035 0.0383333
0 0.46875 0.170833 0.0375 0.0383333
0 0.22 0.275 0.0366667 0.04
0 0.689167 0.450833 0.0366667 0.0366667
0 0.7575 0.26 0.0366667 0.0416667
0 0.679167 0.984167 0.0316667 0.03
0 0.46375 0.209167 0.0391667 0.04
0 0.900833 0.81125 0.035 0.0375
0 0.487917 0.475 0.0358333 0.0383333
0 0.363333 0.447917 0.0383333 0.0408333
0 0.14375 0.0845833 0.0358333 0.0408333
0 0.35625 0.662917 0.0358333 0.0375
0 0.14375 0.902083 0.0325 0.0358333
0 0.0125 0.510417 0.025 0.0408333
0 0.720417 0.95125 0.0341667 0.0375
0 0.0216667 0.65125 0.0383333 0.0408333
0 0.0125 0.0158333 0.025 0.0316667
0 0.713333 0.315417 0.0366667 0.0391667
0 0.294167 0.25375 0.0316667 0.0325
0 0.1975 0.387083 0.035 0.0375
0 0.18625 0.04875 0.0308333 0.0341667
0 0.4175 0.319583 0.0366667 0.0391667
0 0.0595833 0.10875 0.0308333 0.0358333
0 0.354167 0.0395833 0.035 0.0375
0 0.1475 0.528333 0.0333333 0.0366667
0 0.787083 0.954583 0.0325 0.0325
0 0.882083 0.69375 0.0375 0.0408333
0 0.285 0.408333 0.035 0.0366667
0 0.319167 0.119583 0.035 0.0375
0 0.654583 0.2775 0.0375 0.04
0 0.07375 0.185833 0.0308333 0.0333333
0 0.0866667 0.306667 0.0333333 0.0366667
0 0.7575 0.0158333 0.035 0.0316667
0 0.640417 0.148333 0.0358333 0.04
0 0.715417 0.199583 0.0391667 0.0441667
0 0.24625 0.42375 0.0375 0.0375
0 0.391667 0.3475 0.0366667 0.04
0 0.1125 0.65 0.035 0.0366667
0 0.230833 0.152917 0.0366667 0.0408333
0 0.306667 0.455 0.0366667 0.0383333
0 0.274167 0.0125 0.0333333 0.0233333
0 0.241667 0.555417 0.0366667 0.0391667
0 0.267083 0.120833 0.0325 0.035
0 0.07625 0.524583 0.0341667 0.0375
0 0.08375 0.736667 0.0358333 0.0383333
0 0.433333 0.0716667 0.0366667 0.0383333
0 0.72875 0.0883333 0.0358333 0.0383333
0 0.665417 0.191667 0.0358333 0.0366667
0 0.95875 0.720833 0.0291667 0.0333333
0 0.370417 0.139583 0.0325 0.0375
0 0.747083 0.804583 0.0325 0.0358333
0 0.507917 0.917917 0.0341667 0.0358333
0 0.785417 0.103333 0.0358333 0.0366667
0 0.4825 0.312917 0.0316667 0.0325
0 0.582917 0.213333 0.0341667 0.0383333
0 0.571667 0.355417 0.0316667 0.0341667
0 0.157917 0.405 0.0341667 0.0366667
0 0.496667 0.404583 0.0316667 0.0341667
0 0.837083 0.827083 0.0341667 0.0375
0 0.439583 0.235 0.0325 0.0383333
0 0.755 0.126667 0.0333333 0.0366667
0 0.542917 0.179167 0.0308333 0.035
0 0.87875 0.133333 0.0358333 0.04
0 0.09375 0.799167 0.0341667 0.0366667
0 0.54875 0.260417 0.0325 0.0341667
0 0.562917 0.11375 0.0341667 0.0375
0 0.95125 0.894167 0.0325 0.035
0 0.0216667 0.4325 0.0316667 0.0333333
0 0.124583 0.60125 0.0341667 0.0391667
0 0.982917 0.639583 0.0325 0.0358333
0 0.33375 0.578333 0.0358333 0.0383333
0 0.0504167 0.57375 0.0325 0.0358333
0 0.627083 0.326667 0.0325 0.035
0 0.77375 0.692917 0.0341667 0.0375
0 0.259167 0.0825 0.035 0.0383333
0 0.87625 0.219583 0.0308333 0.0325
0 0.502917 0.125 0.0341667 0.0383333
