0 0.379167 0.79375 0.0333333 0.0341667
0 0.8425 0.370417 0.035 0.0375
0 0.62 0.971667 0.0333333 0.035
0 0.322917 0.4775 0.0258333 0.0283333
0 0.915417 0.02 0.0325 0.035
0 0.354167 0.669583 0.0366667 0.0375
0 0.330417 0.74 0.0441667 0.05
0 0.2475 0.895 0.035 0.0366667
0 0.560833 0.635 0.0283333 0.0333333
0 0.123333 0.456667 0.0433333 0.0533333
0 0.0183333 0.139167 0.0366667 0.0483333
0 0.917917 0.68875 0.0441667 0.0525
0 0.990833 0.779167 0.0166667 0.0333333
0 0.0141667 0.899583 0.025 0.0358333
0 0.436667 0.235833 0.0316667 0.0333333
0 0.94125 0.4525 0.0325 0.0366667
0 0.536667 0.735 0.0383333 0.0416667
0 0.48875 0.69375 0.0425 0.0458333
0 0.989583 0.190417 0.0208333 0.0408333
0 0.195833 0.929583 0.0266667 0.0275
0 0.989167 0.246667 0.0216667 0.0383333
0 0.79125 0.693333 0.0408333 0.0433333
0 0.0225 0.961667 0.03 0.0316667
0 0.138333 0.5025 0.03 0.0316667
0 0.821667 0.0358333 0.0366667 0.045
0 0.756667 0.769583 0.0416667 0.0508333
0 0.99375 0.59625 0.0125 0.0308333
0 0.19625 0.3225 0.0375 0.0433333
0 0.304583 0.599583 0.0358333 0.0391667
0 0.127917 0.88 0.0358333 0.04
0 0.21125 0.790417 0.0391667 0.0441667
0 0.03625 0.0791667 0.0358333 0.04
0 0.81625 0.178333 0.0425 0.045
0 0.892917 0.31875 0.0308333 0.0325
0 0.9925 0.64375 0.015 0.0325
0 0.07375 0.02375 0.0391667 0.0458333
0 0.244167 0.840833 0.0333333 0.035
0 0.242083 0.49625 0.0425 0.0458333
0 0.535417 0.424583 0.0341667 0.0375
0 0.26625 0.866667 0.0358333 0.0383333
0 0.612083 0.575 0.0391667 0.0466667
0 0.383333 0.254167 0.0383333 0.04
0 0.212917 0.656667 0.0358333 0.04
0 0.786667 0.125417 0.0416667 0.0475
0 0.794583 0.965833 0.0391667 0.045
0 0.692917 0.89 0.0375 0.0416667
0 0.591667 0.619583 0.04 0.0425
0 0.982917 0.0525 0.0308333 0.0416667
0 0.578333 0.677083 0.04 0.0425
0 0.0308333 0.785 0.035 0.04
0 0.80875 0.753333 0.0341667 0.04
0 0.330833 0.449583 0.035 0.0391667
0 0.9875 0.380417 0.025 0.0341667
0 0.89 0.24625 0.0316667 0.0325
0 0.353333 0.559167 0.035 0.0416667
0 0.987917 0.844167 0.0241667 0.035
0 0.8525 0.4025 0.0316667 0.035
0 0.439167 0.922917 0.0383333 0.0408333
0 0.9825 0.140417 0.035 0.0425
0 0.4375 0.522083 0.0333333 0.0341667
0 0.39125 0.615417 0.0341667 0.0358333
0 0.21875 0.0133333 0.0325 0.025
0 0.439167 0.63 0.0366667 0.04
0 0.154583 0.83875 0.0375 0.0391667
0 0.291667 0.936667 0.04 0.0433333
0 0.025 0.721667 0.03 0.0333333
0 0.719583 0.515417 0.0358333 0.0391667
0 0.51 0.501667 0.0366667 0.0416667
0 0.93125 0.168333 0.0341667 0.0366667
0 0.37875 0.4175 0.0308333 0.0333333
0 0.98875 0.424167 0.0225 0.04
0 0.546667 0.77375 0.0366667 0.0408333
0 0.385 0.93875 0.04 0.0458333
0 0.813333 0.2825 0.0366667 0.0383333
0 0.729167 0.34125 0.0383333 0.0408333
0 0.887083 0.355833 0.0358333 0.0383333
0 0.329583 0.795417 0.0375 0.0408333
0 0.895 0.4625 0.03 0.0316667
0 0.639167 0.0429167 0.0333333 0.0341667
0 0.701667 0.1125 0.0316667 0.035
0 0.942917 0.640417 0.0325 0.0358333
0 0.673333 0.460417 0.0316667 0.0325
0 0.892917 0.536667 0.0391667 0.0433333
0 0.431667 0.492917 0.035 0.0358333
0 0.801667 0.53625 0.04 0.0441667
0 0.353333 0.992083 0.03 0.0158333
0 0.629583 0.420833 0.0341667 0.0366667
0 0.22 0.530833 0.04 0.0466667
0 0.877083 0.297917 0.0341667 0.0358333
0 0.5025 0.26625 0.035 0.0375
0 0.3 0.293333 0.0433333 0.0483333
0 0.790833 0.83625 0.035 0.0391667
0 0.734167 0.154167 0.0383333 0.045
0 0.589167 0.829583 0.0416667 0.0458333
0 0.322083 0.829167 0.0375 0.04
0 0.720417 0.6275 0.0358333 0.0416667
0 0.16875 0.588333 0.0391667 0.045
0 0.380833 0.9 0.0383333 0.04
0 0.68875 0.732917 0.0325 0.0358333
0 0.1 0.385833 0.035 0.0383333
0 0.0329167 0.56625 0.0391667 0.0441667
0 0.440417 0.565833 0.0341667 0.0383333
0 0.51 0.09875 0.035 0.0358333
0 0.792083 0.61125 0.0325 0.0341667
0 0.746667 0.3725 0.0333333 0.035
0 0.30125 0.495417 0.0358333 0.0425
0 0.101667 0.69875 0.035 0.0375
0 0.311667 0.552083 0.0333333 0.0358333
0 0.0133333 0.68375 0.0266667 0.0375
0 0.4825 0.45875 0.0333333 0.0358333
0 0.880417 0.609167 0.0408333 0.0466667
0 0.272083 0.341667 0.0391667 0.0433333
0 0.556667 0.0716667 0.0366667 0.0416667
0 0.0995833 0.80875 0.0391667 0.0491667
0 0.630833 0.09625 0.0283333 0.0291667
0 0.11375 0.58125 0.0408333 0.0441667
0 0.865 0.222917 0.0316667 0.0325
0 0.382917 0.8525 0.0341667 0.035
0 0.159583 0.636667 0.0358333 0.04
0 0.0541667 0.857083 0.0316667 0.0358333
0 0.924167 0.0679167 0.0316667 0.0341667
0 0.140833 0.761667 0.035 0.0383333
0 0.236667 0.439167 0.035 0.0383333
0 0.451667 0.86 0.035 0.0366667
0 0.7075 0.475 0.035 0.0366667
0 0.4375 0.80125 0.035 0.0375
0 0.755 0.5275 0.0316667 0.035
0 0.02 0.50625 0.0366667 0.0391667
0 0.0779167 0.514583 0.0358333 0.0391667
0 0.814583 0.462083 0.0358333 0.0375
0 0.7975 0.42375 0.0366667 0.0408333
0 0.829583 0.817917 0.0358333 0.0375
0 0.4575 0.75125 0.04 0.0408333
0 0.512083 0.343333 0.0341667 0.0383333
0 0.189583 0.480833 0.0375 0.04
0 0.676667 0.596667 0.035 0.0383333
0 0.67625 0.374583 0.0291667 0.0308333
0 0.102917 0.661667 0.0358333 0.0383333
0 0.52125 0.84 0.0325 0.035
0 0.1575 0.710833 0.035 0.0383333
0 0.139583 0.0129167 0.0341667 0.0258333
0 0.759167 0.262917 0.035 0.0375
0 0.0458333 0.9575 0.035 0.0383333
0 0.615417 0.922917 0.0325 0.0358333
0 0.577917 0.29 0.0375 0.04
0 0.899583 0.775 0.0358333 0.0383333
0 0.366667 0.354583 0.0333333 0.0358333
0 0.600417 0.0204167 0.0341667 0.0358333
0 0.450833 0.370833 0.0333333 0.0366667
0 0.420417 0.38375 0.0325 0.0358333
0 0.257083 0.390417 0.0358333 0.0391667
0 0.635 0.525417 0.0383333 0.0425
0 0.884167 0.86125 0.0366667 0.0425
0 0.0229167 0.630833 0.0358333 0.0383333
0 0.546667 0.319167 0.0333333 0.035
0 0.47125 0.2525 0.0375 0.0416667
0 0.175417 0.435 0.0375 0.04
0 0.3325 0.260833 0.0316667 0.035
0 0.6 0.4875 0.035 0.0366667
0 0.15375 0.925833 0.0375 0.0416667
0 0.714167 0.753333 0.035 0.0366667
0 0.68375 0.27375 0.0291667 0.0308333
0 0.944167 0.754167 0.0383333 0.0416667
0 0.872083 0.700417 0.0341667 0.0375
0 0.984583 0.314167 0.0308333 0.0366667
0 0.94625 0.603333 0.0341667 0.035
0 0.496667 0.572917 0.0366667 0.0391667
0 0.66375 0.851667 0.0358333 0.0416667
0 0.53125 0.657917 0.0358333 0.0391667
0 0.767917 0.575833 0.0358333 0.0416667
0 0.0683333 0.7325 0.0333333 0.0366667
0 0.908333 0.725833 0.0333333 0.0366667
0 0.60125 0.357083 0.0325 0.0358333
0 0.944583 0.10625 0.0358333 0.0391667
0 0.0466667 0.460417 0.035 0.0375
0 0.652917 0.135833 0.0341667 0.035
0 0.319167 0.984583 0.03 0.0308333
0 0.37375 0.30375 0.0341667 0.0375
0 0.2975 0.402917 0.035 0.0358333
0 0.662083 0.644167 0.0358333 0.0383333
0 0.480833 0.292083 0.0333333 0.0375
0 0.983333 0.731667 0.0316667 0.035
0 0.924167 0.429167 0.0316667 0.0333333
0 0.740833 0.0366667 0.0333333 0.035
0 0.755833 0.899167 0.0316667 0.0366667
0 0.965833 0.661667 0.0316667 0.0333333
0 0.222083 0.575833 0.0341667 0.0383333
0 0.667083 0.352917 0.0275 0.0291667
0 0.535417 0.191667 0.0375 0.0433333
0 0.25375 0.7725 0.0341667 0.0366667
0 0.737083 0.190417 0.0325 0.0341667
0 0.53125 0.375833 0.0358333 0.04
0 0.559167 0.112917 0.035 0.0375
0 0.905417 0.819583 0.0358333 0.0375
0 0.2525 0.690833 0.035 0.0366667
0 0.01625 0.835 0.0325 0.0383333
0 0.73 0.915 0.035 0.0366667
0 0.0966667 0.893333 0.035 0.0383333
0 0.627917 0.233333 0.0308333 0.0333333
