0 0.1225 0.524583 0.035 0.0358333
0 0.0645833 0.04125 0.0425 0.0475
0 0.688333 0.3225 0.0433333 0.0483333
0 0.217917 0.0995833 0.0375 0.0408333
0 0.787083 0.199583 0.0475 0.0575
0 0.752083 0.135833 0.0325 0.0366667
0 0.10625 0.0783333 0.0325 0.035
0 0.460833 0.949167 0.045 0.045
0 0.508333 0.212083 0.0416667 0.0458333
0 0.7375 0.0075 0.0283333 0.015
0 0.249167 0.09 0.0416667 0.0466667
0 0.00833333 0.219167 0.0166667 0.0333333
0 0.6 0.766667 0.045 0.055
0 0.01875 0.289583 0.0341667 0.0358333
0 0.190833 0.127917 0.035 0.0408333
0 0.63625 0.694167 0.0391667 0.0483333
0 0.71125 0.857083 0.0408333 0.0458333
0 0.50125 0.09125 0.0391667 0.0441667
0 0.238333 0.138333 0.03 0.0333333
0 0.8775 0.455 0.0333333 0.0333333
0 0.0620833 0.572917 0.0391667 0.0475
0 0.31375 0.560417 0.0325 0.0341667
0 0.469583 0.148333 0.0391667 0.045
0 0.251667 0.402083 0.0383333 0.0391667
0 0.95 0.436667 0.04 0.0466667
0 0.179583 0.213333 0.0408333 0.0483333
0 0.8125 0.92375 0.0316667 0.0341667
0 0.539167 0.139583 0.0366667 0.0391667
0 0.359583 0.404167 0.0341667 0.035
0 0.421667 0.1925 0.0433333 0.0483333
0 0.1175 0.17875 0.0316667 0.0325
0 0.03875 0.430833 0.0325 0.035
0 0.735833 0.3425 0.0416667 0.0433333
0 0.551667 0.265833 0.035 0.0366667
0 0.4175 0.277917 0.04 0.0441667
0 0.7225 0.15625 0.0366667 0.0408333
0 0.39625 0.519167 0.0425 0.045
0 0.310833 0.345 0.04 0.045
0 0.88 0.892083 0.0383333 0.0425
0 0.27375 0.152917 0.0325 0.0358333
0 0.16375 0.42125 0.0275 0.0291667
0 0.0279167 0.205833 0.0308333 0.0333333
0 0.00708333 0.375833 0.0141667 0.0316667
0 0.754167 0.611667 0.0416667 0.0433333
0 0.921667 0.92125 0.035 0.0375
0 0.04625 0.27625 0.0325 0.0358333
0 0.469167 0.377083 0.0366667 0.0425
0 0.32375 0.947917 0.0375 0.0408333
0 0.515833 0.744167 0.0366667 0.04
0 0.426667 0.0233333 0.035 0.0383333
0 0.5925 0.115 0.0366667 0.0416667
0 0.2 0.496667 0.035 0.0366667
0 0.587083 0.899167 0.0408333 0.0516667
0 0.78875 0.829583 0.0325 0.0375
0 0.505833 0.804583 0.035 0.0358333
0 0.144583 0.1975 0.0308333 0.035
0 0.885417 0.7275 0.0425 0.0483333
0 0.645 0.015 0.0333333 0.03
0 0.582917 0.0166667 0.0358333 0.0333333
0 0.211667 0.17375 0.04 0.0441667
0 0.752083 0.91375 0.0391667 0.0408333
0 0.24125 0.0241667 0.0358333 0.0366667
0 0.85875 0.845417 0.0408333 0.0475
0 0.813333 0.274583 0.0366667 0.0408333
0 0.550417 0.299583 0.0375 0.0408333
0 0.0908333 0.6725 0.0333333 0.0383333
0 0.610833 0.33375 0.0383333 0.0425
0 0.489167 0.984583 0.0333333 0.0308333
0 0.10875 0.0116667 0.0308333 0.0233333
0 0.393333 0.366667 0.0366667 0.04
0 0.707917 0.0141667 0.0325 0.0266667
0 0.454167 0.0875 0.035 0.0383333
0 0.817917 0.857083 0.0375 0.0408333
0 0.169167 0.0841667 0.0316667 0.0366667
0 0.0108333 0.596667 0.0216667 0.045
0 0.305833 0.460417 0.0366667 0.0425
0 0.77 0.877917 0.0366667 0.0375
0 0.0158333 0.496667 0.0316667 0.0366667
0 0.775417 0.9575 0.0291667 0.03
0 0.117083 0.232083 0.0308333 0.0325
0 0.253333 0.232083 0.0366667 0.0391667
0 0.154583 0.317917 0.0358333 0.0408333
0 0.970833 0.109167 0.04 0.045
0 0.89875 0.0545833 0.0391667 0.0441667
0 0.3475 0.297083 0.0383333 0.0441667
0 0.109583 0.151667 0.0341667 0.035
0 0.524167 0.339167 0.0383333 0.04
0 0.769167 0.17375 0.0333333 0.0358333
0 0.934583 0.844167 0.0358333 0.04
0 0.795833 0.505 0.035 0.0383333
0 0.991667 0.98375 0.0166667 0.0325
0 0.985833 0.515417 0.0283333 0.0408333
0 0.379167 0.19 0.04 0.0483333
0 0.205833 0.0520833 0.0366667 0.0375
0 0.206667 0.652083 0.035 0.0391667
0 0.218333 0.375417 0.035 0.0358333
0 0.340833 0.085 0.0383333 0.0416667
0 0.542083 0.962083 0.0325 0.0325
0 0.7025 0.09375 0.0366667 0.0408333
0 0.545 0.914167 0.0316667 0.035
0 0.160833 0.582917 0.035 0.0375
0 0.1125 0.436667 0.0366667 0.0383333
0 0.932917 0.793333 0.0358333 0.0383333
0 0.567917 0.39 0.0341667 0.0366667
0 0.474583 0.53375 0.0325 0.0341667
0 0.970417 0.8225 0.0358333 0.0383333
0 0.805 0.0679167 0.035 0.0358333
0 0.0466667 0.760417 0.03 0.0308333
0 0.769583 0.0891667 0.0358333 0.045
0 0.949167 0.712083 0.0316667 0.0358333
0 0.314167 0.05875 0.0366667 0.0408333
0 0.858333 0.0470833 0.0366667 0.0408333
0 0.655417 0.985417 0.0325 0.0291667
0 0.584167 0.2125 0.0383333 0.04
0 0.47375 0.24875 0.0375 0.0391667
0 0.370417 0.152083 0.0308333 0.0358333
0 0.749167 0.25625 0.0383333 0.0391667
0 0.804583 0.0158333 0.0325 0.0316667
0 0.834167 0.69 0.0366667 0.0433333
0 0.535417 0.0420833 0.0325 0.0358333
0 0.155833 0.05875 0.0316667 0.0341667
0 0.535833 0.845417 0.035 0.0375
0 0.88 0.649583 0.0383333 0.0425
0 0.663333 0.930833 0.0333333 0.035
0 0.6475 0.819167 0.035 0.0366667
0 0.0204167 0.698333 0.0358333 0.04
0 0.146667 0.0320833 0.0316667 0.0358333
0 0.772917 0.659167 0.0375 0.04
0 0.679167 0.02125 0.03 0.0308333
0 0.565 0.0875 0.0366667 0.04
0 0.879167 0.0954167 0.0316667 0.0341667
0 0.874167 0.98375 0.0316667 0.0308333
0 0.842083 0.559583 0.0325 0.0341667
0 0.317917 0.98875 0.0325 0.0208333
0 0.0116667 0.640833 0.0233333 0.0416667
0 0.189583 0.700417 0.0341667 0.0341667
0 0.04125 0.11625 0.0358333 0.0391667
0 0.14375 0.118333 0.0341667 0.0366667
0 0.0820833 0.325833 0.0308333 0.0316667
0 0.0783333 0.126667 0.035 0.0383333
0 0.963333 0.9375 0.0316667 0.0366667
0 0.43875 0.408333 0.0325 0.035
0 0.320417 0.16 0.0358333 0.0383333
0 0.465417 0.844583 0.0358333 0.0375
0 0.285833 0.0275 0.0366667 0.0383333
0 0.821667 0.98875 0.0316667 0.0225
0 0.366667 0.43625 0.03 0.0308333
0 0.910417 0.974167 0.0325 0.0333333
0 0.689583 0.214167 0.0341667 0.035
0 0.92625 0.56625 0.0325 0.0341667
0 0.655 0.230417 0.035 0.0375
0 0.38 0.0358333 0.0333333 0.0366667
0 0.5075 0.9125 0.0333333 0.035
0 0.415 0.330417 0.0333333 0.0358333
0 0.795417 0.134167 0.0341667 0.0366667
0 0.9825 0.776667 0.0316667 0.0333333
0 0.11 0.504167 0.0316667 0.0333333
0 0.906667 0.5075 0.0316667 0.035
