0 0.236667 0.178333 0.04 0.0416667
0 0.24375 0.675 0.0275 0.0316667
0 0.695417 0.569167 0.0341667 0.035
0 0.0241667 0.602917 0.04 0.0458333
0 0.127917 0.825833 0.0341667 0.0383333
0 0.40375 0.254583 0.0325 0.0391667
0 0.68625 0.682083 0.0325 0.0358333
0 0.814583 0.01 0.0358333 0.02
0 0.26875 0.254583 0.0375 0.0375
0 0.14875 0.504167 0.0358333 0.045
0 0.920833 0.6 0.0333333 0.035
0 0.362083 0.105417 0.0391667 0.0475
0 0.855417 0.58625 0.0375 0.0425
0 0.610417 0.144167 0.0391667 0.045
0 0.232083 0.38375 0.0408333 0.0475
0 0.80625 0.199167 0.0425 0.0516667
0 0.859167 0.736667 0.0466667 0.0466667
0 0.277917 0.854167 0.0341667 0.035
0 0.257083 0.469583 0.0358333 0.0391667
0 0.725833 0.251667 0.045 0.045
0 0.67875 0.369167 0.0341667 0.0383333
0 0.17 0.367917 0.0416667 0.0458333
0 0.0641667 0.400833 0.0416667 0.0483333
0 0.963333 0.24 0.0316667 0.035
0 0.926667 0.40375 0.0383333 0.0375
0 0.00958333 0.43875 0.0191667 0.0375
0 0.03375 0.449583 0.0408333 0.0475
0 0.4925 0.0233333 0.0366667 0.045
0 0.182917 0.32375 0.0391667 0.0425
0 0.243333 0.4325 0.035 0.04
0 0.793333 0.640833 0.0333333 0.0366667
0 0.11375 0.804583 0.0258333 0.0291667
0 0.490417 0.69875 0.0408333 0.0458333
0 0.53 0.0954167 0.04 0.0475
0 0.7375 0.662917 0.045 0.0475
0 0.847083 0.3875 0.0358333 0.0383333
0 0.630417 0.764583 0.0375 0.0408333
0 0.200833 0.433333 0.035 0.04
0 0.747917 0.147083 0.0408333 0.0441667
0 0.99 0.154583 0.02 0.0391667
0 0.43 0.89625 0.04 0.0425
0 0.105 0.355417 0.0366667 0.0391667
0 0.589167 0.695417 0.04 0.0458333
0 0.385833 0.372083 0.03 0.0341667
0 0.693333 0.842917 0.04 0.0425
0 0.252083 0.614583 0.0358333 0.0375
0 0.180417 0.244583 0.0375 0.0441667
0 0.0245833 0.35 0.0358333 0.0383333
0 0.335417 0.924583 0.0425 0.0458333
0 0.292083 0.425833 0.0391667 0.0416667
0 0.92875 0.227083 0.0391667 0.0475
0 0.292083 0.115 0.0341667 0.0366667
0 0.850417 0.535 0.0375 0.0466667
0 0.07375 0.645417 0.0325 0.0341667
0 0.544167 0.41875 0.035 0.0375
0 0.1075 0.277917 0.0333333 0.0358333
0 0.7375 0.489167 0.0366667 0.0416667
0 0.809167 0.603333 0.0383333 0.04
0 0.265 0.75375 0.0383333 0.0425
0 0.299167 0.354167 0.0366667 0.0383333
0 0.3925 0.590833 0.0383333 0.0433333
0 0.0466667 0.99125 0.03 0.0175
0 0.345417 0.730833 0.0341667 0.0366667
0 0.42375 0.79875 0.0358333 0.0408333
0 0.97125 0.107917 0.0358333 0.0425
0 0.857083 0.291667 0.0391667 0.0433333
0 0.335833 0.1675 0.0316667 0.0333333
0 0.967917 0.273333 0.0341667 0.0366667
0 0.0170833 0.0545833 0.0341667 0.0391667
0 0.131667 0.7675 0.0383333 0.04
0 0.975417 0.07375 0.0358333 0.0408333
0 0.449583 0.471667 0.0375 0.04
0 0.761667 0.394583 0.0383333 0.0425
0 0.01125 0.695417 0.0225 0.0358333
0 0.00916667 0.907917 0.0183333 0.0358333
0 0.914167 0.51125 0.0383333 0.0425
0 0.536667 0.63625 0.0366667 0.0425
0 0.886667 0.17625 0.04 0.0458333
0 0.230833 0.329583 0.03 0.0341667
0 0.710833 0.0929167 0.035 0.0375
0 0.526667 0.753333 0.0383333 0.0416667
0 0.194167 0.189583 0.035 0.0375
0 0.0766667 0.519583 0.0366667 0.0425
0 0.912083 0.127917 0.0391667 0.0408333
0 0.837083 0.486667 0.0308333 0.0333333
0 0.548333 0.988333 0.0333333 0.0233333
0 0.8575 0.340417 0.0366667 0.0375
0 0.723333 0.44375 0.0416667 0.0441667
0 0.320417 0.655 0.0358333 0.0383333
0 0.235417 0.739167 0.0325 0.035
0 0.335417 0.201667 0.0375 0.04
0 0.72125 0.290417 0.0391667 0.0425
0 0.257917 0.957917 0.0291667 0.0308333
0 0.690417 0.2175 0.0358333 0.0383333
0 0.559583 0.864583 0.0341667 0.0358333
0 0.569583 0.190417 0.0358333 0.0375
0 0.215 0.84375 0.035 0.0375
0 0.656667 0.652083 0.0316667 0.0358333
0 0.302083 0.812083 0.0325 0.0341667
0 0.220833 0.79 0.035 0.0366667
0 0.307917 0.738333 0.0391667 0.04
0 0.983333 0.0175 0.0333333 0.035
0 0.761667 0.095 0.035 0.0366667
0 0.54375 0.3025 0.0341667 0.0383333
0 0.724583 0.34125 0.0341667 0.0391667
0 0.435 0.592917 0.03 0.0308333
0 0.626667 0.325833 0.035 0.0416667
0 0.02375 0.815 0.0375 0.0416667
0 0.479583 0.364167 0.0358333 0.0416667
0 0.10125 0.699167 0.0325 0.035
0 0.675 0.0683333 0.0366667 0.0383333
0 0.169167 0.672083 0.035 0.0375
0 0.444167 0.98375 0.035 0.0325
0 0.427083 0.659583 0.0341667 0.0375
0 0.398333 0.313333 0.0333333 0.035
0 0.613333 0.25125 0.0333333 0.0375
0 0.939583 0.319167 0.0358333 0.0383333
0 0.05875 0.851667 0.0325 0.0333333
0 0.81 0.254167 0.0316667 0.0333333
0 0.813333 0.11875 0.0366667 0.0391667
0 0.215833 0.682917 0.0283333 0.0308333
0 0.185 0.7175 0.035 0.0366667
0 0.735 0.72125 0.0333333 0.0358333
0 0.07375 0.485417 0.0358333 0.0391667
0 0.692917 0.145 0.0375 0.0416667
0 0.0983333 0.931667 0.035 0.0383333
0 0.152083 0.466667 0.0308333 0.0333333
0 0.250417 0.57125 0.0358333 0.0375
0 0.487917 0.254583 0.0308333 0.0341667
0 0.660417 0.740833 0.0341667 0.0366667
0 0.565 0.11125 0.0333333 0.0358333
0 0.45 0.289167 0.035 0.0383333
0 0.940417 0.0508333 0.0358333 0.0383333
0 0.8775 0.0975 0.0333333 0.035
0 0.305 0.97625 0.0333333 0.0341667
0 0.744167 0.586667 0.0366667 0.0416667
0 0.365 0.462917 0.035 0.0358333
0 0.814583 0.740833 0.0325 0.035
0 0.650417 0.529167 0.0358333 0.0383333
0 0.977917 0.454583 0.0341667 0.0375
0 0.0595833 0.938333 0.0358333 0.04
0 0.56 0.254167 0.035 0.04
0 0.595 0.645 0.0316667 0.035
0 0.505 0.516667 0.0333333 0.035
0 0.47 0.404167 0.0333333 0.0366667
0 0.329583 0.565 0.0325 0.0333333
0 0.2875 0.305417 0.0333333 0.0341667
0 0.894583 0.0229167 0.0341667 0.0375
0 0.0283333 0.77375 0.035 0.0375
0 0.168333 0.782917 0.0366667 0.0408333
0 0.622083 0.886667 0.0308333 0.0316667
0 0.0325 0.65 0.0333333 0.0366667
0 0.572083 0.365833 0.0341667 0.0383333
0 0.01 0.982083 0.02 0.0341667
0 0.8075 0.517917 0.0316667 0.0341667
0 0.225417 0.954583 0.0325 0.0341667
0 0.0883333 0.72625 0.0316667 0.0341667
0 0.17375 0.937917 0.0341667 0.0358333
0 0.244583 0.52375 0.0341667 0.0358333
0 0.104583 0.398333 0.0341667 0.035
0 0.7175 0.525 0.035 0.0366667
0 0.849583 0.44875 0.0375 0.0391667
0 0.86 0.226667 0.0333333 0.0366667
0 0.35 0.86625 0.035 0.0408333
0 0.4775 0.975417 0.0283333 0.0308333
0 0.981667 0.635417 0.0316667 0.0375
0 0.69 0.601667 0.035 0.0383333
0 0.398333 0.395 0.03 0.0316667
0 0.807083 0.0620833 0.0341667 0.0375
0 0.585833 0.337917 0.0316667 0.0375
0 0.63 0.597917 0.0333333 0.0358333
0 0.814167 0.665833 0.0333333 0.0366667
0 0.50875 0.192083 0.0341667 0.0375
0 0.124167 0.588333 0.035 0.0366667
0 0.609583 0.0420833 0.0325 0.0358333
0 0.240833 0.7075 0.0316667 0.035
0 0.518333 0.577917 0.0316667 0.0325
0 0.54125 0.3875 0.0358333 0.0366667
0 0.654167 0.43125 0.035 0.0391667
