0 0.297083 0.280833 0.0325 0.035
0 0.98875 0.588333 0.0225 0.0333333
0 0.0120833 0.4875 0.0241667 0.0416667
0 0.32125 0.0933333 0.0308333 0.0333333
0 0.99375 0.0508333 0.0125 0.03
0 0.05625 0.780417 0.0308333 0.0325
0 0.145417 0.144167 0.0425 0.0483333
0 0.261667 0.0933333 0.0466667 0.0483333
0 0.54875 0.0129167 0.0425 0.0258333
0 0.645 0.315 0.04 0.0433333
0 0.13375 0.00583333 0.0275 0.0116667
0 0.55125 0.887083 0.0341667 0.0475
0 0.9625 0.720833 0.0383333 0.0433333
0 0.0245833 0.352083 0.0325 0.0358333
0 0.577083 0.174583 0.0358333 0.0391667
0 0.384583 0.11875 0.0375 0.0375
0 0.361667 0.983333 0.035 0.0316667
0 0.721667 0.0691667 0.04 0.045
0 0.975417 0.616667 0.0391667 0.0466667
0 0.8425 0.35 0.035 0.0366667
0 0.685 0.0408333 0.0333333 0.035
0 0.26875 0.19125 0.0291667 0.0308333
0 0.417083 0.07375 0.0375 0.0458333
0 0.335833 0.58625 0.0366667 0.0425
0 0.575833 0.335833 0.04 0.0483333
0 0.64625 0.500833 0.0391667 0.0416667
0 0.721667 0.992917 0.0316667 0.0141667
0 0.119167 0.421667 0.0383333 0.0433333
0 0.62875 0.0683333 0.0441667 0.045
0 0.160833 0.786667 0.0366667 0.0383333
0 0.24875 0.31 0.0375 0.04
0 0.5725 0.24125 0.0416667 0.0441667
0 0.0966667 0.3675 0.04 0.0416667
0 0.9475 0.55375 0.0366667 0.0408333
0 0.255417 0.760417 0.0375 0.0441667
0 0.810417 0.703333 0.0408333 0.0483333
0 0.685833 0.46875 0.04 0.0425
0 0.481667 0.095 0.045 0.055
0 0.214583 0.376667 0.0425 0.0416667
0 0.93375 0.803333 0.0375 0.04
0 0.90125 0.864167 0.0358333 0.0483333
0 0.761667 0.3125 0.04 0.0433333
0 0.307083 0.64625 0.0408333 0.0441667
0 0.02625 0.635 0.0325 0.0366667
0 0.635417 0.8975 0.0391667 0.0416667
0 0.0595833 0.1875 0.0341667 0.0383333
0 0.56875 0.439583 0.0375 0.0425
0 0.174583 0.665 0.0425 0.045
0 0.487083 0.289167 0.0408333 0.04
0 0.13625 0.3575 0.0375 0.04
0 0.228333 0.232083 0.04 0.0408333
0 0.20125 0.259583 0.0341667 0.0375
0 0.556667 0.956667 0.0366667 0.0383333
0 0.824583 0.295417 0.0341667 0.0358333
0 0.13 0.51 0.03 0.0316667
0 0.36125 0.2425 0.0358333 0.04
0 0.437083 0.98375 0.0325 0.0325
0 0.883333 0.229583 0.0366667 0.0391667
0 0.316667 0.265 0.0383333 0.0416667
0 0.445833 0.54625 0.0366667 0.0441667
0 0.854167 0.695417 0.04 0.0425
0 0.351667 0.404583 0.035 0.0391667
0 0.485 0.962917 0.0333333 0.0391667
0 0.2775 0.3225 0.04 0.0466667
0 0.85625 0.0929167 0.0358333 0.0408333
0 0.580833 0.0683333 0.035 0.0383333
0 0.73625 0.216667 0.0391667 0.0416667
0 0.787083 0.220417 0.0341667 0.0375
0 0.43625 0.294583 0.0391667 0.0425
0 0.325833 0.36125 0.04 0.0441667
0 0.279167 0.532917 0.0316667 0.0358333
0 0.151667 0.409583 0.04 0.0408333
0 0.287083 0.175 0.0391667 0.04
0 0.840833 0.799167 0.04 0.0433333
0 0.798333 0.94 0.0333333 0.035
0 0.895 0.951667 0.0333333 0.0366667
0 0.122083 0.772083 0.0325 0.0358333
0 0.99 0.70125 0.0183333 0.0341667
0 0.620417 0.975833 0.0291667 0.0316667
0 0.247917 0.0170833 0.0358333 0.0341667
0 0.845 0.2225 0.0366667 0.0416667
0 0.93875 0.977083 0.0375 0.0391667
0 0.749583 0.404167 0.0341667 0.035
0 0.485 0.35 0.0383333 0.04
0 0.365833 0.09375 0.0366667 0.0391667
0 0.702083 0.80375 0.0391667 0.0408333
0 0.264167 0.609583 0.04 0.0425
0 0.380417 0.20625 0.0358333 0.0391667
0 0.905833 0.0270833 0.035 0.0375
0 0.550417 0.14375 0.0358333 0.0391667
0 0.336667 0.32875 0.035 0.0375
0 0.814583 0.0216667 0.0358333 0.04
0 0.58875 0.989583 0.0275 0.0191667
0 0.512083 0.0154167 0.0358333 0.0291667
0 0.104583 0.10625 0.0341667 0.0375
0 0.98875 0.767917 0.0208333 0.0375
0 0.451667 0.195417 0.0366667 0.0391667
0 0.455 0.23125 0.0366667 0.0391667
0 0.0929167 0.680833 0.0325 0.0383333
0 0.538333 0.50125 0.035 0.0375
0 0.1425 0.245 0.035 0.0383333
0 0.757917 0.982083 0.0341667 0.0341667
0 0.569167 0.0429167 0.0333333 0.0375
0 0.112917 0.64375 0.0358333 0.0408333
0 0.96125 0.901667 0.0358333 0.0416667
0 0.773333 0.0283333 0.0366667 0.0383333
0 0.814167 0.877083 0.0333333 0.0358333
0 0.386667 0.301667 0.0366667 0.0383333
0 0.702083 0.33625 0.0358333 0.0391667
0 0.454167 0.389583 0.0366667 0.0425
0 0.9375 0.749167 0.0383333 0.0416667
0 0.0166667 0.0975 0.0316667 0.035
0 0.412083 0.0166667 0.0325 0.0333333
0 0.406667 0.502917 0.0333333 0.0358333
0 0.922083 0.609583 0.0325 0.0341667
0 0.39 0.40625 0.0316667 0.0341667
0 0.0966667 0.0533333 0.0316667 0.0333333
0 0.377083 0.02125 0.0358333 0.0408333
0 0.0825 0.415417 0.0366667 0.0408333
0 0.773333 0.756667 0.0383333 0.0416667
0 0.90125 0.985833 0.0325 0.0266667
0 0.325417 0.510833 0.0358333 0.04
0 0.87 0.827917 0.035 0.0375
0 0.404583 0.3625 0.0325 0.035
0 0.21 0.5575 0.0366667 0.0416667
0 0.0208333 0.575833 0.035 0.0416667
0 0.517917 0.414583 0.0358333 0.0408333
0 0.951667 0.66125 0.0316667 0.0341667
0 0.982083 0.0129167 0.0341667 0.0241667
0 0.666667 0.816667 0.0333333 0.0366667
0 0.0358333 0.227917 0.03 0.0341667
0 0.95375 0.185417 0.0308333 0.0325
0 0.2075 0.46875 0.0366667 0.0425
0 0.13625 0.203333 0.0325 0.0366667
0 0.784583 0.963333 0.0325 0.035
0 0.43875 0.1375 0.0325 0.0366667
0 0.925417 0.0566667 0.0325 0.0333333
0 0.352917 0.526667 0.0391667 0.04
0 0.723333 0.167917 0.0333333 0.0375
0 0.954583 0.145417 0.0341667 0.0341667
0 0.293333 0.474583 0.0333333 0.0375
0 0.720833 0.912083 0.035 0.0375
0 0.4025 0.265417 0.0366667 0.0375
0 0.32625 0.433333 0.0341667 0.0383333
0 0.4825 0.0295833 0.0366667 0.0375
0 0.770417 0.904583 0.0358333 0.0391667
0 0.155833 0.3025 0.035 0.0383333
0 0.01625 0.52125 0.0325 0.0408333
0 0.239167 0.702083 0.0333333 0.0358333
0 0.08125 0.515417 0.0308333 0.0341667
0 0.450833 0.3575 0.0333333 0.0383333
0 0.0229167 0.409167 0.0325 0.035
0 0.454583 0.467917 0.0341667 0.0375
0 0.89625 0.765833 0.0325 0.035
0 0.690417 0.193333 0.0341667 0.0383333
0 0.378333 0.453333 0.0366667 0.04
0 0.0275 0.035 0.0333333 0.0366667
0 0.475417 0.51 0.0375 0.04
0 0.0604167 0.3 0.0358333 0.0383333
0 0.602083 0.407083 0.0358333 0.0391667
0 0.415833 0.42 0.0316667 0.0333333
0 0.26875 0.495 0.0358333 0.0416667
0 0.30875 0.4 0.0358333 0.0383333
0 0.100417 0.533333 0.0325 0.035
0 0.102083 0.455417 0.0341667 0.0375
0 0.04875 0.470833 0.0341667 0.0383333
0 0.674167 0.954583 0.0333333 0.0341667
0 0.32125 0.200833 0.0325 0.035
