0 0.671667 0.675417 0.0483333 0.0558333
0 0.884583 0.119583 0.0308333 0.0325
0 0.424167 0.95625 0.0366667 0.0391667
0 0.848333 0.325 0.0433333 0.0533333
0 0.00541667 0.770417 0.0108333 0.0325
0 0.145833 0.423333 0.035 0.0383333
0 0.635833 0.16125 0.045 0.0541667
0 0.605417 0.57 0.0391667 0.0483333
0 0.0483333 0.568333 0.0433333 0.0533333
0 0.78125 0.355417 0.0408333 0.0491667
0 0.66625 0.21375 0.0491667 0.0575
0 0.995417 0.766667 0.00916667 0.0333333
0 0.686667 0.790417 0.0383333 0.0425
0 0.514167 0.326667 0.0416667 0.0466667
0 0.135417 0.00958333 0.0341667 0.0191667
0 0.00791667 0.696667 0.0158333 0.035
0 0.41125 0.718333 0.0275 0.0316667
0 0.779583 0.739167 0.0408333 0.0466667
0 0.994583 0.679583 0.0108333 0.0325
0 0.367917 0.915833 0.0291667 0.035
0 0.915417 0.365 0.0325 0.035
0 0.09 0.8575 0.0466667 0.055
0 0.187083 0.992917 0.0308333 0.0141667
0 0.569583 0.534167 0.0475 0.0483333
0 0.677083 0.844583 0.0391667 0.0425
0 0.160417 0.565417 0.0425 0.0458333
0 0.28125 0.96 0.0358333 0.04
0 0.844583 0.417917 0.0291667 0.0341667
0 0.379167 0.977083 0.04 0.0458333
0 0.460833 0.422083 0.04 0.0441667
0 0.49 0.718333 0.0383333 0.0416667
0 0.9925 0.63875 0.015 0.0341667
0 0.850833 0.0370833 0.0383333 0.0408333
0 0.0720833 0.714167 0.0441667 0.0516667
0 0.495 0.59625 0.0366667 0.0391667
0 0.0391667 0.1275 0.0216667 0.025
0 0.75625 0.98 0.0391667 0.04
0 0.192083 0.75875 0.0375 0.0491667
0 0.236667 0.38 0.035 0.035
0 0.912917 0.653333 0.0391667 0.0516667
0 0.77375 0.541667 0.0358333 0.0416667
0 0.767083 0.891667 0.0375 0.0433333
0 0.32 0.810833 0.0383333 0.0433333
0 0.430417 0.297083 0.0408333 0.0508333
0 0.35 0.45625 0.035 0.0391667
0 0.0916667 0.940417 0.045 0.0458333
0 0.687083 0.154167 0.0391667 0.04
0 0.764167 0.397083 0.035 0.0408333
0 0.652917 0.34625 0.0375 0.0441667
0 0.68625 0.273333 0.0391667 0.0466667
0 0.132083 0.626667 0.0358333 0.0383333
0 0.333333 0.299167 0.0316667 0.0333333
0 0.97625 0.582083 0.0391667 0.0441667
0 0.554583 0.572083 0.0441667 0.0491667
0 0.112083 0.476667 0.0391667 0.0416667
0 0.305417 0.717083 0.0441667 0.0525
0 0.12125 0.894167 0.0441667 0.045
0 0.715 0.397917 0.04 0.0475
0 0.710417 0.0995833 0.0408333 0.0441667
0 0.6175 0.239167 0.04 0.0416667
0 0.162083 0.94625 0.0275 0.0325
0 0.0325 0.825 0.0366667 0.0433333
0 0.932917 0.727917 0.0375 0.0425
0 0.462917 0.815417 0.0358333 0.0391667
0 0.74625 0.1575 0.0391667 0.0466667
0 0.320833 0.475833 0.04 0.0483333
0 0.715833 0.7325 0.0333333 0.0366667
0 0.78375 0.0704167 0.0425 0.0525
0 0.893333 0.623333 0.0333333 0.0383333
0 0.257083 0.586667 0.0375 0.045
0 0.6025 0.5025 0.0383333 0.0416667
0 0.232917 0.74 0.0425 0.0433333
0 0.0508333 0.615417 0.0366667 0.0425
0 0.562917 0.202917 0.0375 0.0425
0 0.380833 0.581667 0.0416667 0.045
0 0.775417 0.4475 0.0358333 0.0366667
0 0.445417 0.990417 0.0308333 0.0191667
0 0.194583 0.0145833 0.0375 0.0291667
0 0.15125 0.9125 0.0358333 0.0383333
0 0.1825 0.879583 0.04 0.0425
0 0.01 0.0608333 0.02 0.0383333
0 0.908333 0.235417 0.04 0.0441667
0 0.434167 0.570417 0.04 0.0458333
0 0.22375 0.922917 0.0358333 0.0408333
0 0.462917 0.6175 0.0341667 0.0366667
0 0.7325 0.62625 0.0366667 0.0391667
0 0.396667 0.274167 0.0366667 0.04
0 0.568333 0.928333 0.04 0.0433333
0 0.785 0.675 0.0383333 0.04
0 0.3625 0.246667 0.035 0.0383333
0 0.909167 0.435417 0.035 0.0391667
0 0.504167 0.386667 0.0416667 0.0466667
0 0.440833 0.717083 0.0366667 0.0408333
0 0.950417 0.255417 0.0391667 0.0458333
0 0.94375 0.218333 0.0375 0.0383333
0 0.69125 0.46375 0.0425 0.0475
0 0.9575 0.0558333 0.0416667 0.0416667
0 0.814583 0.359583 0.0391667 0.0408333
0 0.712917 0.494167 0.0358333 0.04
0 0.455417 0.475 0.0391667 0.045
0 0.386667 0.895417 0.0333333 0.0375
0 0.265417 0.857917 0.0391667 0.0408333
0 0.523333 0.939583 0.0416667 0.0475
0 0.752083 0.927917 0.0391667 0.0458333
0 0.92375 0.604167 0.0375 0.0416667
0 0.6575 0.989583 0.035 0.0208333
0 0.39 0.38125 0.0383333 0.0458333
0 0.59625 0.7 0.0341667 0.0366667
0 0.515 0.4925 0.0316667 0.035
0 0.11625 0.0283333 0.0375 0.0416667
0 0.315 0.285 0.0333333 0.035
0 0.025 0.0325 0.0366667 0.0383333
0 0.0475 0.889583 0.0366667 0.0391667
0 0.84125 0.732917 0.0375 0.0408333
0 0.798333 0.4875 0.0366667 0.04
0 0.552083 0.715833 0.0408333 0.0416667
0 0.934583 0.935417 0.0408333 0.0408333
0 0.36 0.709167 0.0366667 0.04
0 0.919583 0.0958333 0.0408333 0.0466667
0 0.139167 0.699583 0.0383333 0.0391667
0 0.254167 0.91 0.0383333 0.0416667
0 0.824167 0.985417 0.035 0.0291667
0 0.558333 0.38625 0.03 0.0325
0 0.622083 0.817917 0.0375 0.0425
0 0.3225 0.610417 0.0383333 0.0425
0 0.283333 0.786667 0.0366667 0.04
0 0.349583 0.890833 0.0341667 0.0366667
0 0.85625 0.364583 0.0308333 0.0325
0 0.569167 0.98375 0.0333333 0.0308333
0 0.72375 0.339583 0.0358333 0.0391667
0 0.283333 0.65125 0.0366667 0.0408333
0 0.205 0.82375 0.0366667 0.0391667
0 0.511667 0.220417 0.0383333 0.0425
0 0.609167 0.03625 0.035 0.0391667
0 0.165833 0.824583 0.0366667 0.0425
0 0.189583 0.540833 0.0375 0.04
0 0.5225 0.982083 0.0366667 0.0358333
0 0.91625 0.568333 0.0358333 0.0383333
0 0.18625 0.624583 0.0358333 0.0391667
0 0.724167 0.563333 0.03 0.0333333
0 0.792083 0.8925 0.0325 0.035
0 0.838333 0.591667 0.0366667 0.04
0 0.945 0.8875 0.0383333 0.0433333
0 0.825 0.817083 0.035 0.0375
0 0.875 0.410833 0.0333333 0.035
0 0.33375 0.965833 0.0358333 0.0383333
0 0.0841667 0.0683333 0.035 0.0366667
0 0.826667 0.62875 0.035 0.0375
0 0.9425 0.1475 0.04 0.045
0 0.71625 0.96375 0.0325 0.0341667
0 0.487083 0.67375 0.0341667 0.0375
0 0.75375 0.478333 0.0325 0.0366667
0 0.534167 0.52125 0.0366667 0.0441667
0 0.73125 0.869583 0.0358333 0.0375
0 0.199583 0.49625 0.0325 0.0341667
0 0.500417 0.81375 0.0375 0.0391667
0 0.5075 0.2675 0.0366667 0.04
0 0.835 0.152083 0.0333333 0.0358333
0 0.841667 0.653333 0.0333333 0.0366667
0 0.672083 0.62625 0.0308333 0.0341667
0 0.0629167 0.52625 0.0358333 0.0391667
0 0.719167 0.835 0.0383333 0.04
0 0.673333 0.950833 0.0316667 0.0333333
0 0.589167 0.122917 0.0316667 0.0341667
0 0.10625 0.720833 0.0341667 0.0383333
0 0.36125 0.84375 0.0341667 0.0391667
0 0.6825 0.554167 0.04 0.04
0 0.654583 0.0125 0.0391667 0.025
0 0.430833 0.812917 0.0366667 0.0408333
0 0.98625 0.324167 0.0241667 0.035
0 0.905 0.0295833 0.0383333 0.0408333
0 0.64625 0.458333 0.0358333 0.0383333
0 0.384167 0.745 0.035 0.04
0 0.3625 0.41875 0.035 0.0375
0 0.684167 0.345833 0.0366667 0.0416667
0 0.825 0.0933333 0.0383333 0.04
0 0.7975 0.960833 0.0366667 0.0416667
0 0.587083 0.28375 0.0375 0.0408333
0 0.469167 0.87 0.0333333 0.0366667
0 0.0670833 0.650833 0.0341667 0.035
0 0.838333 0.222917 0.0366667 0.0375
0 0.0370833 0.69625 0.0358333 0.0391667
0 0.880417 0.492083 0.0358333 0.0391667
0 0.64125 0.918333 0.0325 0.035
0 0.79625 0.234167 0.0358333 0.04
0 0.98 0.5225 0.035 0.0366667
0 0.662083 0.732083 0.0341667 0.0375
0 0.852917 0.835417 0.0375 0.0441667
0 0.3325 0.364583 0.035 0.0391667
0 0.205417 0.407083 0.0341667 0.0358333
0 0.227083 0.692083 0.0291667 0.0341667
0 0.14875 0.78 0.0341667 0.0366667
0 0.984167 0.394583 0.0316667 0.0341667
0 0.195 0.691667 0.035 0.0383333
0 0.437917 0.362917 0.0341667 0.0358333
0 0.897917 0.796667 0.0325 0.0366667
0 0.654167 0.286667 0.03 0.0333333
0 0.0391667 0.779583 0.035 0.0375
0 0.620833 0.771667 0.0366667 0.0383333
0 0.679583 0.891667 0.0341667 0.0366667
0 0.82125 0.912917 0.0341667 0.0375
0 0.828333 0.1875 0.035 0.0383333
0 0.625417 0.358333 0.0341667 0.0383333
0 0.574167 0.795833 0.0366667 0.04
0 0.386667 0.683333 0.0333333 0.0366667
0 0.5875 0.367917 0.035 0.0375
0 0.41375 0.463333 0.0325 0.0366667
0 0.435 0.901667 0.035 0.0383333
0 0.88625 0.376667 0.0325 0.0383333
0 0.468333 0.328333 0.0366667 0.04
0 0.742917 0.06 0.0358333 0.0416667
0 0.669583 0.100417 0.0341667 0.0375
0 0.4025 0.489167 0.0333333 0.0366667
