0 0.37 0.0075 0.0316667 0.015
0 0.5925 0.705417 0.0466667 0.0508333
0 0.138333 0.652917 0.0333333 0.0391667
0 0.95 0.025 0.0316667 0.0366667
0 0.990417 0.00833333 0.0191667 0.0166667
0 0.0945833 0.0579167 0.0341667 0.0375
0 0.4075 0.435833 0.0483333 0.0516667
0 0.496667 0.39625 0.0433333 0.0475
0 0.0466667 0.0175 0.0366667 0.035
0 0.217083 0.239583 0.0375 0.0408333
0 0.706667 0.59875 0.03 0.0325
0 0.808333 0.0283333 0.0333333 0.0333333
0 0.746667 0.318333 0.045 0.0516667
0 0.29125 0.2 0.0391667 0.0433333
0 0.840417 0.62375 0.0425 0.0425
0 0.4525 0.320833 0.0383333 0.04
0 0.19125 0.114583 0.0391667 0.0525
0 0.0633333 0.469167 0.04 0.045
0 0.885 0.702083 0.0433333 0.0458333
0 0.71125 0.26875 0.0308333 0.0341667
0 0.235 0.689583 0.0433333 0.0541667
0 0.35625 0.213333 0.0375 0.0433333
0 0.415 0.01625 0.035 0.0325
0 0.659167 0.300417 0.045 0.0491667
0 0.46 0.852083 0.0333333 0.0375
0 0.0941667 0.615417 0.04 0.0425
0 0.367917 0.41125 0.0358333 0.0375
0 0.722083 0.154583 0.0358333 0.0425
0 0.640417 0.953333 0.0375 0.0416667
0 0.0404167 0.7175 0.0408333 0.0466667
0 0.0516667 0.16625 0.0416667 0.0441667
0 0.166667 0.98875 0.0233333 0.0225
0 0.0275 0.569583 0.04 0.0441667
0 0.834583 0.0570833 0.0341667 0.0425
0 0.9925 0.468333 0.015 0.035
0 0.0633333 0.200833 0.0416667 0.045
0 0.765417 0.9875 0.0291667 0.0233333
0 0.0220833 0.24125 0.0425 0.0508333
0 0.374167 0.552917 0.0366667 0.0425
0 0.0770833 0.579167 0.0408333 0.045
0 0.363333 0.745417 0.0366667 0.0408333
0 0.379583 0.131667 0.0341667 0.0383333
0 0.152917 0.47 0.0341667 0.0383333
0 0.97125 0.499583 0.0358333 0.0391667
0 0.00875 0.6375 0.0175 0.035
0 0.405417 0.365417 0.0341667 0.0391667
0 0.04875 0.12 0.0425 0.0466667
0 0.483333 0.2125 0.0416667 0.0466667
0 0.139583 0.22125 0.0358333 0.0391667
0 0.202917 0.2725 0.0391667 0.05
0 0.0179167 0.0595833 0.0358333 0.0458333
0 0.178333 0.6675 0.03 0.0316667
0 0.42375 0.191667 0.0425 0.045
0 0.0595833 0.7725 0.0375 0.0466667
0 0.166667 0.420833 0.04 0.045
0 0.935417 0.584583 0.0391667 0.0458333
0 0.893333 0.53375 0.0383333 0.0458333
0 0.128333 0.335 0.04 0.0483333
0 0.612083 0.863333 0.0375 0.05
0 0.762917 0.572083 0.0375 0.0391667
0 0.0408333 0.8325 0.04 0.0433333
0 0.436667 0.93 0.0366667 0.04
0 0.562917 0.35625 0.0375 0.0391667
0 0.8575 0.09125 0.0316667 0.0341667
0 0.690833 0.93375 0.0383333 0.0425
0 0.104167 0.43625 0.0333333 0.0375
0 0.1425 0.536667 0.0383333 0.0416667
0 0.78 0.821667 0.0383333 0.0433333
0 0.95875 0.754583 0.0341667 0.0391667
0 0.144583 0.0108333 0.0341667 0.02
0 0.75875 0.05875 0.0375 0.0391667
0 0.130833 0.15875 0.0366667 0.0391667
0 0.473333 0.986667 0.0333333 0.0266667
0 0.361667 0.275833 0.0416667 0.0416667
0 0.545417 0.29875 0.0375 0.0441667
0 0.595833 0.759167 0.0333333 0.0366667
0 0.292083 0.237083 0.0358333 0.0391667
0 0.250833 0.532083 0.0366667 0.0391667
0 0.820833 0.273333 0.0383333 0.0466667
0 0.719583 0.1175 0.0375 0.0383333
0 0.885833 0.0466667 0.0333333 0.0366667
0 0.925 0.786667 0.035 0.04
0 0.72375 0.771667 0.0358333 0.0383333
0 0.628333 0.384167 0.0383333 0.0433333
0 0.2925 0.11625 0.035 0.0375
0 0.543333 0.22625 0.035 0.0375
0 0.812917 0.772083 0.0358333 0.0408333
0 0.8225 0.855417 0.0383333 0.0425
0 0.01625 0.6775 0.0325 0.0416667
0 0.641667 0.6675 0.0366667 0.0416667
0 0.472917 0.14375 0.0375 0.0408333
0 0.0120833 0.7575 0.0241667 0.0416667
0 0.509167 0.877083 0.0366667 0.0391667
0 0.667917 0.835417 0.0391667 0.0458333
0 0.968333 0.697917 0.035 0.0391667
0 0.277083 0.568333 0.0325 0.0366667
0 0.79125 0.2025 0.0375 0.0383333
0 0.95875 0.0991667 0.0358333 0.0383333
0 0.394583 0.321667 0.0375 0.04
0 0.505417 0.05625 0.0291667 0.0325
0 0.988333 0.794583 0.0233333 0.0375
0 0.7425 0.249583 0.0333333 0.0358333
0 0.67875 0.71875 0.0375 0.0441667
0 0.989167 0.13125 0.0216667 0.0425
0 0.93875 0.132083 0.0375 0.0408333
0 0.890417 0.122083 0.0325 0.0375
0 0.58375 0.135417 0.0358333 0.0375
0 0.352917 0.0933333 0.0358333 0.04
0 0.801667 0.127917 0.035 0.0375
0 0.3475 0.98375 0.0333333 0.0308333
0 0.949583 0.644167 0.0341667 0.0366667
0 0.720833 0.8975 0.035 0.0383333
0 0.18625 0.5475 0.0358333 0.04
0 0.152083 0.595833 0.0325 0.0366667
0 0.557083 0.897917 0.0358333 0.0391667
0 0.498333 0.479167 0.035 0.0383333
0 0.43125 0.0733333 0.0358333 0.04
0 0.630417 0.2325 0.0375 0.0416667
0 0.454583 0.3525 0.0358333 0.0383333
0 0.794167 0.165 0.0366667 0.04
0 0.305833 0.989583 0.0333333 0.0191667
0 0.28625 0.30875 0.0341667 0.0375
0 0.8625 0.174583 0.035 0.0391667
0 0.76375 0.9125 0.0358333 0.0366667
0 0.659167 0.748333 0.0366667 0.0383333
0 0.795 0.949167 0.0383333 0.04
0 0.177083 0.30625 0.0358333 0.0408333
0 0.967083 0.935417 0.0375 0.0375
0 0.674167 0.14 0.04 0.0433333
0 0.4925 0.29125 0.0383333 0.0391667
0 0.759167 0.0945833 0.035 0.0375
0 0.52125 0.0829167 0.0341667 0.0375
0 0.025 0.604167 0.035 0.0366667
0 0.71125 0.0604167 0.0308333 0.0341667
0 0.862917 0.809167 0.0358333 0.04
0 0.201667 0.732917 0.0366667 0.0408333
0 0.68875 0.213333 0.0358333 0.0383333
0 0.0425 0.49875 0.035 0.0375
0 0.429583 0.14625 0.0375 0.0391667
0 0.747083 0.2125 0.0391667 0.0416667
0 0.115417 0.120833 0.0358333 0.0366667
0 0.875417 0.91625 0.0341667 0.0408333
0 0.5375 0.73625 0.0316667 0.0341667
0 0.243333 0.0175 0.035 0.035
0 0.126667 0.493333 0.0366667 0.0383333
0 0.285833 0.3975 0.0366667 0.0416667
0 0.08875 0.5225 0.0358333 0.0416667
0 0.547083 0.98 0.0325 0.0316667
0 0.599583 0.8 0.0325 0.035
0 0.17875 0.20375 0.0308333 0.0325
0 0.573333 0.840833 0.0316667 0.035
0 0.172083 0.02125 0.0325 0.0358333
0 0.162083 0.742083 0.0325 0.0375
0 0.212083 0.375417 0.0325 0.0358333
0 0.718333 0.654167 0.035 0.0366667
0 0.86 0.2675 0.035 0.04
0 0.78875 0.295833 0.0358333 0.0383333
0 0.4575 0.785833 0.035 0.0383333
0 0.418333 0.552083 0.035 0.0375
0 0.259167 0.142083 0.0333333 0.0358333
0 0.925 0.01375 0.035 0.0275
0 0.334583 0.59875 0.0341667 0.0358333
0 0.259167 0.613333 0.035 0.0383333
0 0.1225 0.673333 0.0333333 0.0366667
0 0.0558333 0.432917 0.0316667 0.0358333
0 0.705833 0.309583 0.035 0.0408333
0 0.985833 0.85 0.0283333 0.0366667
0 0.0691667 0.308333 0.0333333 0.0383333
0 0.214583 0.4975 0.0325 0.035
0 0.92625 0.0608333 0.0358333 0.04
