0 0.00541667 0.846667 0.0108333 0.0283333
0 0.61875 0.0125 0.0391667 0.025
0 0.347083 0.995 0.0275 0.01
0 0.0129167 0.88 0.0258333 0.03
0 0.5575 0.385833 0.0283333 0.035
0 0.12 0.8775 0.045 0.0466667
0 0.515 0.432917 0.0383333 0.0408333
0 0.784167 0.737083 0.0416667 0.0491667
0 0.273333 0.844583 0.0466667 0.0508333
0 0.147917 0.6125 0.0525 0.0533333
0 0.684583 0.917917 0.0391667 0.0441667
0 0.21 0.394583 0.04 0.0441667
0 0.45375 0.788333 0.0291667 0.035
0 0.64375 0.722917 0.0425 0.0441667
0 0.980833 0.552083 0.0366667 0.0458333
0 0.493333 0.342917 0.0383333 0.0458333
0 0.790417 0.27625 0.0425 0.0491667
0 0.792917 0.38125 0.0375 0.0441667
0 0.160417 0.37 0.0358333 0.04
0 0.854167 0.0245833 0.0433333 0.0458333
0 0.930833 0.725417 0.0416667 0.0441667
0 0.04 0.706667 0.045 0.0516667
0 0.384583 0.7775 0.0375 0.045
0 0.00666667 0.1325 0.0133333 0.0333333
0 0.597917 0.249167 0.0408333 0.0483333
0 0.769583 0.504583 0.0475 0.0541667
0 0.30625 0.761667 0.0475 0.045
0 0.519167 0.65 0.0433333 0.0566667
0 0.121667 0.0879167 0.04 0.0508333
0 0.0604167 0.434167 0.0391667 0.0466667
0 0.767917 0.3175 0.0408333 0.0483333
0 0.5775 0.9475 0.0316667 0.0383333
0 0.874167 0.4675 0.0316667 0.0366667
0 0.136667 0.311667 0.035 0.0416667
0 0.477917 0.739167 0.0408333 0.0466667
0 0.345 0.855417 0.0283333 0.0308333
0 0.0879167 0.68 0.0325 0.0466667
0 0.390833 0.993333 0.0283333 0.0133333
0 0.844583 0.2925 0.0375 0.0433333
0 0.637917 0.65875 0.0358333 0.0391667
0 0.192083 0.62625 0.0375 0.0408333
0 0.4625 0.846667 0.03 0.0316667
0 0.145833 0.970833 0.035 0.0366667
0 0.410417 0.387083 0.0425 0.0458333
0 0.934583 0.317083 0.0375 0.0475
0 0.839167 0.645417 0.035 0.0391667
0 0.384167 0.710417 0.0416667 0.0425
0 0.545833 0.103333 0.0366667 0.045
0 0.102083 0.642083 0.0391667 0.0458333
0 0.26875 0.992083 0.0291667 0.0158333
0 0.114167 0.0154167 0.0383333 0.0308333
0 0.0516667 0.610417 0.0416667 0.0475
0 0.765417 0.599583 0.0425 0.0475
0 0.215 0.585417 0.0416667 0.0441667
0 0.792083 0.65 0.0391667 0.045
0 0.0991667 0.92625 0.03 0.0325
0 0.1575 0.42375 0.0416667 0.0441667
0 0.823333 0.780833 0.04 0.0466667
0 0.325 0.226667 0.0416667 0.0483333
0 0.976667 0.09125 0.0366667 0.0375
0 0.62 0.474167 0.0366667 0.04
0 0.483333 0.145417 0.0383333 0.0441667
0 0.619583 0.51875 0.0408333 0.0425
0 0.531667 0.369583 0.04 0.0441667
0 0.04 0.943333 0.0383333 0.0383333
0 0.377083 0.857917 0.0408333 0.0458333
0 0.229167 0.919583 0.0316667 0.0341667
0 0.963333 0.375 0.0416667 0.045
0 0.72625 0.35875 0.0391667 0.0441667
0 0.159583 0.765417 0.0375 0.0425
0 0.155833 0.68625 0.0383333 0.0441667
0 0.161667 0.0175 0.0333333 0.0333333
0 0.905833 0.792083 0.0366667 0.0408333
0 0.400833 0.428333 0.0366667 0.04
0 0.334583 0.33125 0.0391667 0.0441667
0 0.593333 0.0508333 0.0366667 0.0416667
0 0.747083 0.859583 0.0358333 0.0391667
0 0.255417 0.935833 0.0391667 0.0433333
0 0.1225 0.570417 0.0383333 0.0441667
0 0.22625 0.752917 0.0358333 0.0408333
0 0.4075 0.242917 0.04 0.0408333
0 0.11625 0.712917 0.0391667 0.0408333
0 0.855417 0.50125 0.0375 0.0408333
0 0.497917 0.95375 0.0375 0.0425
0 0.0533333 0.985833 0.0333333 0.0283333
0 0.847917 0.7175 0.0358333 0.0433333
0 0.610417 0.42125 0.0391667 0.0425
0 0.367917 0.4575 0.0358333 0.0383333
0 0.103333 0.987917 0.035 0.0241667
0 0.895833 0.4875 0.0316667 0.0333333
0 0.544167 0.739583 0.04 0.0425
0 0.480833 0.6775 0.0333333 0.0366667
0 0.284167 0.700833 0.0366667 0.0416667
0 0.718333 0.698333 0.0383333 0.04
0 0.457917 0.57375 0.0308333 0.0341667
0 0.571667 0.585 0.035 0.0416667
0 0.233333 0.504167 0.0416667 0.0483333
0 0.29125 0.275417 0.0341667 0.0358333
0 0.950833 0.124583 0.0333333 0.0358333
0 0.644167 0.27625 0.035 0.0375
0 0.97875 0.611667 0.0358333 0.04
0 0.36875 0.637083 0.0391667 0.0425
0 0.465417 0.622083 0.0341667 0.0358333
0 0.680833 0.564167 0.0383333 0.0416667
0 0.0920833 0.829583 0.0358333 0.0408333
0 0.6475 0.442917 0.0366667 0.0441667
0 0.967917 0.265417 0.0375 0.0391667
0 0.7975 0.0870833 0.0366667 0.0408333
0 0.215 0.805417 0.0383333 0.0425
0 0.507917 0.219167 0.0358333 0.04
0 0.7625 0.0729167 0.0366667 0.0408333
0 0.584167 0.3125 0.0366667 0.04
0 0.0179167 0.472083 0.0358333 0.0391667
0 0.525 0.304167 0.035 0.0366667
0 0.811667 0.517917 0.04 0.0458333
0 0.86125 0.105417 0.0375 0.0391667
0 0.743333 0.409167 0.035 0.0366667
0 0.1175 0.534167 0.03 0.0316667
0 0.675 0.774167 0.0333333 0.035
0 0.0979167 0.49125 0.0375 0.0391667
0 0.640833 0.58125 0.04 0.0408333
0 0.810417 0.212083 0.0375 0.0391667
0 0.916667 0.17 0.0366667 0.04
0 0.882083 0.29375 0.0375 0.0391667
0 0.6975 0.115417 0.035 0.0375
0 0.455 0.99125 0.0316667 0.0175
0 0.0304167 0.144583 0.0341667 0.0375
0 0.222083 0.2825 0.0375 0.0416667
0 0.76125 0.222083 0.0358333 0.0375
0 0.620833 0.109583 0.035 0.0375
0 0.172083 0.929167 0.0358333 0.04
0 0.0241667 0.57125 0.0383333 0.0425
0 0.7325 0.776667 0.0366667 0.04
0 0.26375 0.651667 0.0375 0.0416667
0 0.68875 0.523333 0.0358333 0.04
0 0.0475 0.840833 0.035 0.04
0 0.615 0.783333 0.0383333 0.04
0 0.642917 0.846667 0.0308333 0.0333333
0 0.7975 0.46375 0.0366667 0.0391667
0 0.613333 0.357917 0.035 0.0391667
0 0.54875 0.212083 0.0375 0.0425
0 0.0108333 0.66 0.0216667 0.0383333
0 0.571667 0.647917 0.0333333 0.0358333
0 0.459167 0.456667 0.04 0.045
0 0.366667 0.50625 0.0333333 0.0358333
0 0.370417 0.362917 0.0341667 0.0391667
0 0.339167 0.957917 0.03 0.0325
0 0.493333 0.702917 0.0333333 0.0375
0 0.85625 0.204583 0.0341667 0.0358333
0 0.411667 0.679583 0.0366667 0.0441667
0 0.190833 0.747917 0.0333333 0.0391667
0 0.2575 0.335417 0.0366667 0.0425
0 0.18875 0.98125 0.0341667 0.0358333
0 0.660417 0.876667 0.0341667 0.0366667
0 0.741667 0.145 0.0316667 0.0333333
0 0.662083 0.380417 0.0341667 0.0375
0 0.59375 0.725833 0.0341667 0.0383333
0 0.0625 0.06125 0.0383333 0.0441667
0 0.220833 0.67 0.035 0.0383333
0 0.5425 0.0133333 0.035 0.0266667
0 0.168333 0.817083 0.0333333 0.0358333
0 0.328333 0.629167 0.0383333 0.0383333
0 0.65625 0.302917 0.0341667 0.0375
0 0.839167 0.680417 0.035 0.0375
0 0.55875 0.33375 0.0358333 0.0391667
0 0.642917 0.208333 0.0341667 0.035
0 0.46875 0.527083 0.0358333 0.0391667
0 0.334583 0.51375 0.0358333 0.0391667
0 0.91875 0.54625 0.0341667 0.0375
0 0.810833 0.60625 0.035 0.0375
0 0.894167 0.68625 0.0333333 0.0341667
0 0.71875 0.5625 0.0358333 0.0416667
0 0.0166667 0.0658333 0.0333333 0.0416667
0 0.679583 0.425 0.0375 0.04
0 0.71375 0.06625 0.0341667 0.0375
0 0.267917 0.969167 0.0325 0.035
0 0.69625 0.221667 0.0341667 0.0366667
0 0.305 0.400833 0.035 0.0383333
0 0.574583 0.280417 0.0358333 0.0375
0 0.871667 0.4025 0.0366667 0.0416667
0 0.701667 0.288333 0.035 0.0383333
0 0.83375 0.350417 0.0358333 0.0375
0 0.312917 0.84625 0.0375 0.0375
0 0.359167 0.91 0.0333333 0.035
0 0.520417 0.6125 0.0341667 0.0383333
0 0.550417 0.845833 0.0358333 0.0383333
0 0.402917 0.585833 0.0341667 0.0366667
0 0.577083 0.1525 0.0341667 0.0383333
0 0.458333 0.28375 0.0316667 0.0341667
0 0.567917 0.455417 0.0358333 0.0375
0 0.0895833 0.554167 0.0325 0.0366667
0 0.42375 0.880833 0.0341667 0.0383333
0 0.431667 0.1525 0.035 0.0383333
0 0.906667 0.43 0.0333333 0.0366667
0 0.41625 0.627083 0.0358333 0.0408333
0 0.734167 0.205 0.0333333 0.0366667
0 0.875833 0.57875 0.035 0.0375
0 0.50875 0.824167 0.0358333 0.0383333
0 0.348333 0.732083 0.035 0.0408333
0 0.929167 0.653333 0.0333333 0.035
0 0.205 0.9 0.0333333 0.035
0 0.179583 0.484167 0.0341667 0.0383333
0 0.4375 0.836667 0.0333333 0.0366667
0 0.939583 0.462083 0.0325 0.0358333
0 0.43625 0.5175 0.0341667 0.04
0 0.162083 0.875833 0.0341667 0.0383333
0 0.454167 0.36375 0.0333333 0.0375
0 0.508333 0.4975 0.0333333 0.0366667
0 0.56125 0.525417 0.0341667 0.0375
