0 0.62875 0.658333 0.0408333 0.0483333
0 0.64375 0.939167 0.0458333 0.0483333
0 0.822083 0.909167 0.0391667 0.0383333
0 0.36125 0.995 0.0291667 0.01
0 0.585417 0.599167 0.0408333 0.0483333
0 0.695 0.689583 0.0383333 0.0425
0 0.682083 0.814167 0.0275 0.0316667
0 0.584583 0.00666667 0.0291667 0.0133333
0 0.1075 0.934583 0.0366667 0.0375
0 0.205 0.92375 0.0433333 0.0491667
0 0.202083 0.00458333 0.0275 0.00916667
0 0.583333 0.131667 0.04 0.0466667
0 0.992917 0.897917 0.0141667 0.0358333
0 0.845417 0.820833 0.0425 0.05
0 0.740833 0.0229167 0.0383333 0.0458333
0 0.20125 0.252917 0.0458333 0.0508333
0 0.45 0.121667 0.0433333 0.0483333
0 0.890417 0.362083 0.0375 0.0425
0 0.875 0.889167 0.0433333 0.0566667
0 0.755417 0.71875 0.0375 0.0391667
0 0.35125 0.884583 0.0425 0.0491667
0 0.43125 0.3475 0.0425 0.05
0 0.572917 0.849167 0.0408333 0.0516667
0 0.0141667 0.515 0.0283333 0.035
0 0.499583 0.60375 0.0408333 0.0425
0 0.674167 0.741667 0.045 0.0533333
0 0.512917 0.7975 0.0358333 0.0383333
0 0.01875 0.992083 0.0275 0.0158333
0 0.897083 0.539583 0.0425 0.0425
0 0.72375 0.757083 0.0308333 0.0325
0 0.73875 0.401667 0.0425 0.0433333
0 0.575833 0.519167 0.035 0.0433333
0 0.1725 0.521667 0.035 0.04
0 0.6875 0.959167 0.0383333 0.0433333
0 0.4875 0.894583 0.0316667 0.0341667
0 0.850833 0.363333 0.0316667 0.0333333
0 0.92 0.42375 0.0416667 0.0441667
0 0.403333 0.879167 0.0366667 0.04
0 0.53 0.075 0.0383333 0.04
0 0.242917 0.950833 0.0425 0.045
0 0.706667 0.121667 0.0316667 0.035
0 0.725417 0.0641667 0.0391667 0.0416667
0 0.369583 0.959167 0.0358333 0.0383333
0 0.26375 0.869167 0.0341667 0.0366667
0 0.21 0.506667 0.04 0.0416667
0 0.835 0.582917 0.04 0.0441667
0 0.839167 0.529583 0.04 0.0425
0 0.2675 0.991667 0.0316667 0.0166667
0 0.489583 0.0970833 0.0291667 0.0325
0 0.660417 0.695417 0.0325 0.0358333
0 0.989167 0.752083 0.02 0.0391667
0 0.15375 0.0845833 0.0391667 0.0441667
0 0.327917 0.425833 0.0408333 0.0466667
0 0.0629167 0.335833 0.0391667 0.0466667
0 0.532083 0.977083 0.0391667 0.0425
0 0.98875 0.496667 0.0225 0.0433333
0 0.81625 0.315833 0.0325 0.035
0 0.775417 0.805833 0.0408333 0.045
0 0.792917 0.61625 0.0358333 0.0375
0 0.385833 0.02 0.035 0.0366667
0 0.114583 0.242917 0.0391667 0.0441667
0 0.165417 0.884583 0.0325 0.0375
0 0.01875 0.449583 0.0375 0.0425
0 0.8125 0.6675 0.0383333 0.0466667
0 0.0754167 0.5225 0.0391667 0.0466667
0 0.445 0.0420833 0.0433333 0.0441667
0 0.611667 0.975417 0.0366667 0.0408333
0 0.199583 0.42625 0.0375 0.0425
0 0.906667 0.255833 0.0383333 0.0416667
0 0.936667 0.8475 0.0366667 0.04
0 0.315 0.368333 0.035 0.0383333
0 0.7175 0.841667 0.0366667 0.0416667
0 0.39375 0.81125 0.0375 0.0458333
0 0.802917 0.392917 0.0375 0.0375
0 0.0158333 0.17375 0.0316667 0.0408333
0 0.947083 0.719583 0.0391667 0.0408333
0 0.331667 0.247083 0.0383333 0.0441667
0 0.92875 0.315417 0.0358333 0.0375
0 0.286667 0.217917 0.04 0.0475
0 0.265417 0.0520833 0.0341667 0.0375
0 0.584583 0.0741667 0.0375 0.0433333
0 0.325 0.135 0.03 0.035
0 0.6275 0.906667 0.0383333 0.0416667
0 0.936667 0.979167 0.0333333 0.0383333
0 0.982083 0.849167 0.0358333 0.0433333
0 0.877083 0.0341667 0.0341667 0.0366667
0 0.439167 0.8 0.0366667 0.0433333
0 0.72125 0.664167 0.0391667 0.0433333
0 0.17125 0.3725 0.0308333 0.0333333
0 0.06875 0.220417 0.0375 0.0408333
0 0.9525 0.33125 0.03 0.0308333
0 0.03625 0.494583 0.0358333 0.0391667
0 0.0770833 0.055 0.0341667 0.0366667
0 0.4875 0.175417 0.0383333 0.0375
0 0.166667 0.0366667 0.035 0.0366667
0 0.61125 0.0145833 0.0341667 0.0291667
0 0.168333 0.957917 0.035 0.0375
0 0.652917 0.07875 0.0375 0.0425
0 0.892917 0.4625 0.0375 0.0416667
0 0.225833 0.3825 0.0366667 0.04
0 0.940417 0.0120833 0.0358333 0.0241667
0 0.500833 0.862083 0.0366667 0.0408333
0 0.0679167 0.10375 0.0375 0.0391667
0 0.7425 0.52625 0.0333333 0.0358333
0 0.90125 0.782917 0.0358333 0.0408333
0 0.985833 0.924583 0.0283333 0.0391667
0 0.117083 0.290833 0.0358333 0.0383333
0 0.33625 0.961667 0.0341667 0.0366667
0 0.49375 0.9225 0.0375 0.04
0 0.21625 0.147917 0.0358333 0.0408333
0 0.449167 0.266667 0.0366667 0.04
0 0.593333 0.6425 0.0366667 0.04
0 0.974167 0.406667 0.03 0.0333333
0 0.3575 0.8525 0.0366667 0.04
0 0.0779167 0.141667 0.0308333 0.0333333
0 0.765 0.866667 0.0383333 0.04
0 0.626667 0.8275 0.0366667 0.0383333
0 0.15875 0.429167 0.0375 0.04
0 0.220417 0.1975 0.0325 0.035
0 0.367083 0.07375 0.0358333 0.0391667
0 0.0229167 0.0575 0.0391667 0.0416667
0 0.116667 0.1825 0.035 0.0366667
0 0.0791667 0.477917 0.0316667 0.0325
0 0.432917 0.91 0.0358333 0.04
0 0.115 0.988333 0.0333333 0.0216667
0 0.128333 0.46125 0.0366667 0.0375
0 0.120833 0.552917 0.0333333 0.0375
0 0.879583 0.970417 0.0375 0.0391667
0 0.27 0.386667 0.035 0.0383333
0 0.782917 0.934167 0.0325 0.035
0 0.04375 0.290833 0.0341667 0.0383333
0 0.387917 0.2625 0.0325 0.035
0 0.930833 0.672083 0.0333333 0.0358333
0 0.06 0.0145833 0.0366667 0.0291667
0 0.309583 0.919167 0.0358333 0.0383333
0 0.140417 0.35 0.0358333 0.04
0 0.50375 0.752917 0.0358333 0.0391667
0 0.830417 0.98875 0.0325 0.0208333
0 0.460833 0.233333 0.035 0.0366667
0 0.110833 0.41125 0.0366667 0.0391667
0 0.0845833 0.374583 0.0325 0.0358333
0 0.565833 0.771667 0.0333333 0.0383333
0 0.692917 0.62 0.0341667 0.0366667
0 0.315 0.989167 0.035 0.0216667
0 0.30875 0.82625 0.0325 0.0358333
0 0.578333 0.164583 0.035 0.0375
0 0.620417 0.768333 0.0308333 0.0333333
0 0.8 0.432083 0.035 0.0375
0 0.128333 0.112917 0.0366667 0.0391667
0 0.215833 0.0216667 0.035 0.0383333
0 0.427083 0.16625 0.0341667 0.0375
0 0.535417 0.247917 0.0341667 0.0391667
0 0.0483333 0.575833 0.0316667 0.035
0 0.254583 0.454167 0.0325 0.0366667
0 0.49875 0.035 0.0325 0.035
0 0.298333 0.339583 0.035 0.0391667
0 0.385833 0.184583 0.0316667 0.0391667
0 0.63875 0.158333 0.0341667 0.0383333
0 0.84625 0.772917 0.0325 0.0358333
0 0.339583 0.3125 0.0341667 0.0366667
