0 0.629167 0.254167 0.0283333 0.03
0 0.975833 0.688333 0.045 0.0516667
0 0.747083 0.335417 0.0425 0.0541667
0 0.574167 0.238333 0.0433333 0.055
0 0.235417 0.331667 0.0458333 0.0516667
0 0.991667 0.533333 0.0166667 0.0433333
0 0.0108333 0.663333 0.0216667 0.04
0 0.310833 0.01375 0.0466667 0.0275
0 0.136667 0.314583 0.0333333 0.0358333
0 0.6075 0.87 0.04 0.045
0 0.287083 0.373333 0.0341667 0.0333333
0 0.605 0.6975 0.0466667 0.0433333
0 0.00875 0.4975 0.0175 0.0383333
0 0.947083 0.0704167 0.0375 0.0475
0 0.399167 0.936667 0.03 0.0333333
0 0.3475 0.379583 0.04 0.0508333
0 0.757083 0.24375 0.0358333 0.0391667
0 0.548333 0.724167 0.0316667 0.0366667
0 0.861667 0.0433333 0.0416667 0.05
0 0.238333 0.642083 0.0366667 0.0408333
0 0.332083 0.300417 0.0408333 0.0475
0 0.91625 0.0133333 0.0341667 0.025
0 0.372917 0.172083 0.0408333 0.0408333
0 0.424583 0.295417 0.0425 0.0458333
0 0.724167 0.0970833 0.0416667 0.0441667
0 0.382917 0.00875 0.0325 0.0175
0 0.54 0.1725 0.04 0.045
0 0.48875 0.584583 0.0375 0.0441667
0 0.295833 0.46125 0.04 0.0408333
0 0.447917 0.07625 0.0408333 0.0491667
0 0.284583 0.972917 0.0375 0.0441667
0 0.100833 0.9625 0.04 0.0433333
0 0.652083 0.337917 0.0375 0.0458333
0 0.14875 0.1175 0.0408333 0.04
0 0.09375 0.225833 0.0375 0.045
0 0.908333 0.54125 0.0416667 0.0425
0 0.852917 0.48 0.0408333 0.05
0 0.0629167 0.69375 0.0391667 0.0458333
0 0.959583 0.139167 0.0341667 0.0383333
0 0.435833 0.571667 0.04 0.0433333
0 0.352917 0.961667 0.0391667 0.0483333
0 0.698333 0.553333 0.0333333 0.0383333
0 0.489167 0.942083 0.0416667 0.0425
0 0.665 0.161667 0.0366667 0.04
0 0.837917 0.319583 0.0391667 0.0425
0 0.0804167 0.485833 0.0375 0.04
0 0.711667 0.255 0.0383333 0.0416667
0 0.144167 0.98875 0.0383333 0.0225
0 0.124583 0.947083 0.0308333 0.0341667
0 0.725 0.172917 0.0333333 0.0375
0 0.465833 0.18625 0.0333333 0.0358333
0 0.749167 0.134583 0.035 0.0375
0 0.01625 0.902917 0.0325 0.0441667
0 0.24375 0.516667 0.0408333 0.0466667
0 0.875833 0.653333 0.0333333 0.0383333
0 0.0595833 0.79 0.0391667 0.045
0 0.142083 0.627083 0.0325 0.0358333
0 0.035 0.981667 0.0366667 0.0366667
0 0.619583 0.431667 0.0375 0.0416667
0 0.0454167 0.426667 0.0375 0.045
0 0.645417 0.642917 0.0375 0.0425
0 0.340417 0.694167 0.0341667 0.0366667
0 0.01125 0.760417 0.0225 0.0441667
0 0.990417 0.430417 0.0191667 0.0408333
0 0.932083 0.363333 0.0358333 0.04
0 0.941667 0.603333 0.0333333 0.035
0 0.0379167 0.30125 0.0325 0.0358333
0 0.543333 0.0920833 0.0383333 0.0425
0 0.616667 0.607083 0.0366667 0.0391667
0 0.493333 0.4125 0.0283333 0.0316667
0 0.105417 0.870417 0.0358333 0.0391667
0 0.911667 0.454167 0.0416667 0.045
0 0.346667 0.05875 0.04 0.0441667
0 0.195417 0.366667 0.0408333 0.045
0 0.24375 0.824167 0.0291667 0.03
0 0.427917 0.467917 0.0375 0.0425
0 0.1925 0.56625 0.0383333 0.0408333
0 0.480417 0.0133333 0.0408333 0.0266667
0 0.799167 0.0675 0.0383333 0.0416667
0 0.388333 0.989583 0.0316667 0.0191667
0 0.235417 0.0620833 0.0358333 0.0391667
0 0.753333 0.54 0.0366667 0.0383333
0 0.7625 0.59125 0.03 0.0341667
0 0.95625 0.0170833 0.0341667 0.0341667
0 0.375417 0.743333 0.0358333 0.04
0 0.124167 0.781667 0.0316667 0.035
0 0.956667 0.519167 0.0283333 0.0316667
0 0.365833 0.326667 0.0366667 0.0383333
0 0.16625 0.230833 0.0358333 0.04
0 0.275 0.495417 0.0383333 0.0408333
0 0.212083 0.246667 0.0375 0.0416667
0 0.9875 0.96875 0.0233333 0.0341667
0 0.51125 0.667917 0.0341667 0.0391667
0 0.594167 0.755833 0.0333333 0.0366667
0 0.3925 0.810417 0.04 0.0408333
0 0.415 0.671667 0.0383333 0.0416667
0 0.61375 0.0858333 0.0375 0.0416667
0 0.0325 0.877083 0.035 0.0391667
0 0.0566667 0.617083 0.04 0.0441667
0 0.79125 0.466667 0.0358333 0.0366667
0 0.175833 0.837083 0.0333333 0.0375
0 0.82625 0.0145833 0.0358333 0.0291667
0 0.2 0.95 0.0316667 0.0366667
0 0.035 0.214583 0.035 0.0391667
0 0.712917 0.735 0.0375 0.04
0 0.953333 0.312917 0.035 0.0391667
0 0.470833 0.812917 0.0266667 0.0291667
0 0.13375 0.428333 0.0325 0.035
0 0.297917 0.615 0.0358333 0.0433333
0 0.484167 0.6225 0.035 0.0366667
0 0.132917 0.691667 0.0375 0.0416667
0 0.45375 0.7775 0.0341667 0.0366667
0 0.365 0.2225 0.0366667 0.04
0 0.54375 0.61875 0.0341667 0.0375
0 0.57 0.318333 0.0366667 0.04
0 0.2725 0.4275 0.03 0.0333333
0 0.29875 0.934167 0.0308333 0.0333333
0 0.18125 0.8925 0.0341667 0.0383333
0 0.340833 0.600417 0.0366667 0.0425
0 0.580833 0.0370833 0.035 0.0358333
0 0.325833 0.81625 0.035 0.0391667
0 0.92 0.672083 0.0333333 0.0358333
0 0.7075 0.627083 0.0366667 0.0425
0 0.41875 0.404167 0.0375 0.0433333
0 0.144583 0.540417 0.0341667 0.0391667
0 0.319583 0.14875 0.0325 0.0358333
0 0.309583 0.54375 0.0325 0.0358333
0 0.565833 0.560417 0.0383333 0.0425
0 0.45625 0.149167 0.0375 0.0383333
0 0.139583 0.162917 0.0341667 0.0341667
0 0.27625 0.806667 0.0341667 0.0366667
0 0.665833 0.497083 0.035 0.0375
0 0.211667 0.150417 0.0333333 0.0358333
0 0.11 0.339583 0.035 0.0391667
0 0.941667 0.229167 0.0366667 0.0383333
0 0.06875 0.845 0.0358333 0.0383333
0 0.1875 0.751667 0.0366667 0.04
0 0.6075 0.364583 0.0283333 0.0308333
0 0.510833 0.03625 0.0366667 0.0408333
0 0.0766667 0.74 0.0366667 0.04
0 0.351667 0.50625 0.0366667 0.0425
0 0.695 0.775417 0.035 0.0391667
0 0.630417 0.0445833 0.0325 0.0358333
0 0.45875 0.682083 0.0341667 0.0375
0 0.810417 0.6375 0.0358333 0.0383333
0 0.825417 0.581667 0.0308333 0.0333333
0 0.192083 0.62 0.0358333 0.0383333
0 0.0675 0.5475 0.035 0.04
0 0.655 0.125 0.0383333 0.0416667
0 0.0245833 0.602917 0.0341667 0.0375
0 0.395833 0.62625 0.035 0.0391667
0 0.759583 0.0345833 0.0341667 0.0375
0 0.8275 0.162917 0.035 0.0375
0 0.433333 0.2325 0.0316667 0.035
0 0.455833 0.848333 0.035 0.0366667
0 0.349167 0.724167 0.0366667 0.0383333
0 0.2275 0.5575 0.035 0.0366667
0 0.361667 0.457917 0.035 0.0375
0 0.522917 0.4425 0.0358333 0.0416667
0 0.217917 0.196667 0.0358333 0.0383333
0 0.396667 0.9025 0.035 0.0383333
0 0.075 0.288333 0.0366667 0.0416667
0 0.18875 0.415 0.0358333 0.04
0 0.195833 0.672083 0.035 0.0375
0 0.4175 0.986667 0.03 0.025
0 0.529583 0.8975 0.0325 0.035
0 0.469167 0.4875 0.0333333 0.0366667
0 0.2375 0.86625 0.035 0.0375
0 0.475417 0.365 0.0308333 0.0333333
0 0.41625 0.852083 0.0325 0.0358333
0 0.27375 0.874583 0.0325 0.0358333
0 0.02125 0.363333 0.0341667 0.0383333
0 0.905 0.150417 0.035 0.0375
0 0.861667 0.725833 0.0316667 0.035
0 0.09875 0.625417 0.0358333 0.0391667
0 0.792083 0.116667 0.0341667 0.0383333
0 0.2075 0.4725 0.035 0.04
0 0.832083 0.204583 0.0341667 0.0375
0 0.7575 0.757917 0.035 0.0391667
0 0.850833 0.564583 0.03 0.0308333
0 0.876667 0.229167 0.035 0.0383333
0 0.584167 0.153333 0.035 0.0366667
0 0.569583 0.432083 0.0325 0.0358333
0 0.50625 0.730833 0.0341667 0.0383333
