0 0.415417 0.99125 0.0358333 0.0158333
0 0.99375 0.349583 0.0125 0.0341667
0 0.779583 0.61625 0.0308333 0.0341667
0 0.06625 0.279167 0.0375 0.0433333
0 0.984583 0.73875 0.0308333 0.0391667
0 0.295 0.307917 0.0283333 0.0308333
0 0.954167 0.847083 0.0416667 0.0508333
0 0.17125 0.913333 0.0341667 0.0366667
0 0.832917 0.850833 0.0375 0.0383333
0 0.5475 0.8325 0.03 0.0333333
0 0.00916667 0.20875 0.0183333 0.0375
0 0.99125 0.380417 0.0175 0.0341667
0 0.10375 0.015 0.0358333 0.0283333
0 0.969167 0.261667 0.0366667 0.0383333
0 0.825417 0.739583 0.0475 0.0591667
0 0.130833 0.180417 0.0433333 0.0475
0 0.637083 0.760417 0.0391667 0.0508333
0 0.489583 0.107083 0.0391667 0.0441667
0 0.840833 0.404167 0.0433333 0.045
0 0.732083 0.164167 0.0375 0.0416667
0 0.00541667 0.285417 0.0108333 0.0308333
0 0.745833 0.0516667 0.0383333 0.0416667
0 0.734167 0.396667 0.0283333 0.03
0 0.03375 0.632083 0.0341667 0.0375
0 0.340833 0.85625 0.0383333 0.0441667
0 0.419167 0.29375 0.035 0.0391667
0 0.245417 0.36375 0.0391667 0.0508333
0 0.817083 0.991667 0.0308333 0.0166667
0 0.77125 0.927917 0.0341667 0.0358333
0 0.0733333 0.167083 0.0383333 0.0475
0 0.210833 0.806667 0.0433333 0.0433333
0 0.88 0.0120833 0.035 0.0241667
0 0.885 0.783333 0.0383333 0.0416667
0 0.76 0.955833 0.0366667 0.0416667
0 0.470417 0.975417 0.0358333 0.0391667
0 0.0308333 0.230833 0.0433333 0.0466667
0 0.221667 0.0183333 0.04 0.0366667
0 0.427083 0.32625 0.0375 0.0458333
0 0.505833 0.789583 0.04 0.0425
0 0.844583 0.153333 0.0408333 0.04
0 0.50375 0.739167 0.0391667 0.0416667
0 0.395417 0.829167 0.0391667 0.0433333
0 0.91375 0.348333 0.0275 0.0316667
0 0.602083 0.844583 0.0425 0.0441667
0 0.921667 0.969167 0.0333333 0.035
0 0.404583 0.9725 0.0325 0.035
0 0.31375 0.810833 0.0375 0.0416667
0 0.700833 0.607083 0.04 0.0441667
0 0.125 0.46125 0.0383333 0.0425
0 0.32875 0.396667 0.0375 0.0416667
0 0.427083 0.641667 0.0358333 0.04
0 0.99 0.834167 0.0183333 0.0383333
0 0.556667 0.175 0.04 0.0416667
0 0.814583 0.895417 0.0408333 0.0441667
0 0.92875 0.596667 0.0341667 0.04
0 0.957917 0.297083 0.0325 0.0358333
0 0.875417 0.112083 0.0325 0.0341667
0 0.0866667 0.07375 0.0366667 0.0475
0 0.332917 0.04375 0.0375 0.0391667
0 0.98375 0.421667 0.0325 0.04
0 0.0129167 0.53375 0.0258333 0.0425
0 0.843333 0.475833 0.0366667 0.04
0 0.522083 0.25875 0.0391667 0.0491667
0 0.09 0.9625 0.04 0.04
0 0.0154167 0.59375 0.0308333 0.0391667
0 0.08875 0.250833 0.0391667 0.0433333
0 0.649583 0.94875 0.0375 0.0391667
0 0.594583 0.670833 0.0358333 0.04
0 0.0791667 0.38375 0.0333333 0.0375
0 0.781667 0.747917 0.0333333 0.0375
0 0.515 0.895833 0.035 0.0383333
0 0.47625 0.855 0.0375 0.0416667
0 0.602083 0.148333 0.0408333 0.04
0 0.602917 0.07 0.0341667 0.0383333
0 0.798333 0.647917 0.04 0.0408333
0 0.125417 0.505417 0.0341667 0.0391667
0 0.548333 0.912083 0.04 0.0458333
0 0.0283333 0.936667 0.035 0.0366667
0 0.452083 0.1425 0.0341667 0.0383333
0 0.785833 0.145 0.0366667 0.04
0 0.983333 0.488333 0.0333333 0.04
0 0.350417 0.907917 0.0375 0.0408333
0 0.883333 0.9725 0.0316667 0.0333333
0 0.607917 0.585 0.0375 0.0416667
0 0.0129167 0.428333 0.0258333 0.045
0 0.3775 0.0129167 0.0383333 0.0258333
0 0.942083 0.56375 0.0358333 0.0391667
0 0.92375 0.470417 0.0375 0.0408333
0 0.775417 0.494583 0.0391667 0.0441667
0 0.0154167 0.0241667 0.0308333 0.035
0 0.785417 0.830417 0.0341667 0.0358333
0 0.845417 0.374583 0.0341667 0.0391667
0 0.579583 0.745417 0.0391667 0.0408333
0 0.25375 0.32875 0.0341667 0.0375
0 0.93625 0.673333 0.0341667 0.0383333
0 0.688333 0.1 0.0366667 0.0416667
0 0.03625 0.434167 0.0325 0.0366667
0 0.354583 0.958333 0.0325 0.035
0 0.5625 0.56625 0.0316667 0.0341667
0 0.456667 0.0675 0.04 0.04
0 0.0204167 0.0954167 0.0358333 0.0408333
0 0.145833 0.339167 0.035 0.0366667
0 0.53625 0.605833 0.0341667 0.035
0 0.975417 0.886667 0.0325 0.0333333
0 0.56 0.975833 0.0316667 0.0366667
0 0.749167 0.562917 0.04 0.0408333
0 0.637083 0.2075 0.0341667 0.0366667
0 0.4125 0.7625 0.0366667 0.04
0 0.690833 0.543333 0.0366667 0.0416667
0 0.649167 0.124583 0.0366667 0.0408333
0 0.192083 0.11875 0.0358333 0.0375
0 0.4575 0.8075 0.0383333 0.0416667
0 0.621667 0.00958333 0.035 0.0191667
0 0.286667 0.921667 0.0383333 0.0416667
0 0.162083 0.955833 0.0358333 0.0366667
0 0.15875 0.0191667 0.0358333 0.035
0 0.722083 0.65 0.0358333 0.0383333
0 0.602917 0.25125 0.0375 0.0391667
0 0.035 0.48875 0.0333333 0.0375
0 0.7025 0.88125 0.0333333 0.0358333
0 0.47625 0.775417 0.0358333 0.0408333
0 0.25 0.0683333 0.0383333 0.04
0 0.169583 0.238333 0.0341667 0.0366667
0 0.515417 0.17375 0.0308333 0.0341667
0 0.59875 0.794167 0.0358333 0.0383333
0 0.703333 0.94875 0.035 0.0358333
0 0.693333 0.444583 0.0316667 0.0341667
0 0.0725 0.447917 0.0383333 0.0408333
0 0.663333 0.529167 0.03 0.0333333
0 0.355 0.0745833 0.0316667 0.0341667
0 0.302917 0.1575 0.0308333 0.035
0 0.737083 0.7025 0.0358333 0.0366667
0 0.327917 0.287083 0.0358333 0.0391667
0 0.12875 0.280833 0.0291667 0.0316667
0 0.846667 0.583333 0.0316667 0.0366667
0 0.247917 0.897083 0.0341667 0.0375
0 0.605 0.635833 0.0366667 0.0383333
0 0.204167 0.515 0.0333333 0.0366667
0 0.407083 0.190833 0.0358333 0.0383333
0 0.421667 0.859167 0.0383333 0.04
0 0.839167 0.98125 0.0316667 0.0325
0 0.18875 0.849167 0.0358333 0.04
0 0.599167 0.90125 0.0366667 0.0391667
0 0.345417 0.11 0.0341667 0.0366667
0 0.783333 0.0220833 0.0333333 0.0358333
0 0.940833 0.370417 0.0333333 0.0375
0 0.892083 0.685 0.0358333 0.0383333
0 0.200417 0.385417 0.0358333 0.0391667
0 0.66375 0.700833 0.0341667 0.0383333
0 0.100833 0.568333 0.0333333 0.0366667
0 0.917083 0.766667 0.0358333 0.0383333
0 0.48125 0.244167 0.0375 0.0433333
0 0.710833 0.82 0.035 0.0366667
0 0.480417 0.6675 0.0341667 0.0383333
0 0.142917 0.377917 0.0358333 0.0391667
0 0.56875 0.0433333 0.0325 0.0366667
0 0.89375 0.630417 0.0341667 0.0391667
0 0.4375 0.919583 0.035 0.0375
0 0.129167 0.0579167 0.0333333 0.0358333
0 0.68125 0.0554167 0.0375 0.0391667
0 0.128333 0.4175 0.035 0.0383333
0 0.545 0.7075 0.035 0.04
0 0.830417 0.680833 0.0358333 0.0383333
0 0.220833 0.3225 0.0333333 0.0366667
0 0.78375 0.537083 0.0325 0.0358333
0 0.67375 0.837083 0.0341667 0.0391667
0 0.648333 0.88875 0.035 0.0391667
0 0.36875 0.297917 0.0358333 0.0375
0 0.215833 0.085 0.035 0.0416667
0 0.159583 0.12875 0.0341667 0.0375
0 0.23 0.217917 0.0333333 0.0358333
0 0.167083 0.30875 0.0341667 0.0375
