0 0.317917 0.632083 0.0375 0.0425
0 0.675 0.497917 0.0316667 0.0325
0 0.775 0.573333 0.0316667 0.0366667
0 0.216667 0.1675 0.035 0.0383333
0 0.3075 0.60625 0.0333333 0.0375
0 0.337917 0.1525 0.0291667 0.0316667
0 0.995 0.115 0.01 0.03
0 0.795417 0.404583 0.0458333 0.0475
0 0.315 0.915833 0.0333333 0.035
0 0.735833 0.44375 0.0433333 0.0508333
0 0.724167 0.405417 0.0316667 0.0325
0 0.142917 0.154167 0.0358333 0.04
0 0.7025 0.432083 0.03 0.0308333
0 0.0783333 0.4 0.0283333 0.035
0 0.975 0.0283333 0.0316667 0.035
0 0.384583 0.93125 0.0408333 0.0491667
0 0.753333 0.13875 0.0266667 0.0325
0 0.00583333 0.885 0.0116667 0.0266667
0 0.609167 0.519583 0.035 0.0425
0 0.9675 0.33875 0.03 0.0325
0 0.465 0.805 0.0466667 0.055
0 0.907917 0.0658333 0.0391667 0.0483333
0 0.816667 0.989167 0.0333333 0.02
0 0.345 0.708333 0.035 0.035
0 0.10375 0.235417 0.0408333 0.0441667
0 0.283333 0.237083 0.0383333 0.0441667
0 0.537083 0.412917 0.0375 0.0458333
0 0.454583 0.227083 0.0458333 0.0508333
0 0.6725 0.546667 0.0383333 0.0433333
0 0.575417 0.66625 0.0408333 0.0491667
0 0.560417 0.246667 0.0408333 0.0533333
0 0.802917 0.68875 0.0325 0.0341667
0 0.86375 0.3025 0.0291667 0.0316667
0 0.270417 0.118333 0.0375 0.045
0 0.98 0.975 0.0383333 0.04
0 0.71 0.125417 0.0366667 0.0391667
0 0.08625 0.559167 0.0441667 0.0533333
0 0.684167 0.66375 0.0433333 0.0441667
0 0.45875 0.865417 0.0358333 0.0391667
0 0.609583 0.32 0.0425 0.05
0 0.875833 0.97 0.0366667 0.0433333
0 0.684583 0.2875 0.0375 0.0416667
0 0.96125 0.204167 0.0391667 0.0416667
0 0.18625 0.466667 0.0308333 0.035
0 0.26125 0.914583 0.0375 0.0425
0 0.117083 0.990833 0.0325 0.0183333
0 0.5775 0.553333 0.0383333 0.0433333
0 0.3475 0.00958333 0.0366667 0.0191667
0 0.134167 0.714583 0.03 0.0375
0 0.836667 0.511667 0.035 0.0383333
0 0.0441667 0.383333 0.04 0.045
0 0.724167 0.737083 0.0383333 0.0408333
0 0.132917 0.271667 0.0341667 0.0383333
0 0.949583 0.509167 0.0358333 0.0383333
0 0.737083 0.0420833 0.0358333 0.0375
0 0.5575 0.304167 0.04 0.0433333
0 0.488333 0.203333 0.035 0.0383333
0 0.198333 0.7575 0.0316667 0.0316667
0 0.1575 0.42875 0.0366667 0.0441667
0 0.311667 0.678333 0.0366667 0.0433333
0 0.927917 0.31625 0.0391667 0.0408333
0 0.65625 0.21125 0.0408333 0.0458333
0 0.257083 0.276667 0.0325 0.035
0 0.589583 0.474167 0.0391667 0.0433333
0 0.88625 0.359167 0.0408333 0.045
0 0.684583 0.10625 0.0341667 0.0391667
0 0.305833 0.3725 0.0366667 0.0416667
0 0.889167 0.167917 0.0366667 0.0408333
0 0.456667 0.423333 0.0366667 0.0416667
0 0.225417 0.0529167 0.0308333 0.0325
0 0.667917 0.164167 0.0408333 0.0466667
0 0.633333 0.68375 0.0383333 0.0391667
0 0.814167 0.341667 0.0316667 0.0333333
0 0.145417 0.61375 0.0308333 0.0325
0 0.1225 0.392083 0.0366667 0.0408333
0 0.855 0.02625 0.0333333 0.0391667
0 0.644583 0.5925 0.0375 0.0416667
0 0.850833 0.229583 0.035 0.0391667
0 0.0829167 0.214167 0.0308333 0.0316667
0 0.754583 0.31875 0.0358333 0.0375
0 0.662083 0.822917 0.0375 0.0425
0 0.842917 0.354167 0.0341667 0.035
0 0.5625 0.12375 0.0383333 0.0425
0 0.723333 0.22875 0.0333333 0.0358333
0 0.22875 0.8425 0.0375 0.04
0 0.339583 0.179167 0.0391667 0.0433333
0 0.644167 0.249583 0.0366667 0.0391667
0 0.24 0.712917 0.035 0.0375
0 0.0529167 0.8825 0.0375 0.0416667
0 0.62875 0.0825 0.0341667 0.0366667
0 0.01375 0.346667 0.0275 0.0416667
0 0.74375 0.54 0.0391667 0.0416667
0 0.587083 0.167917 0.0375 0.0458333
0 0.0216667 0.237083 0.0316667 0.0358333
0 0.0604167 0.680833 0.0358333 0.0416667
0 0.211667 0.136667 0.0366667 0.04
0 0.01375 0.837083 0.0275 0.0391667
0 0.45125 0.69 0.0325 0.0366667
0 0.184167 0.284583 0.035 0.0375
0 0.0104167 0.61375 0.0208333 0.0375
0 0.844583 0.27 0.0375 0.0416667
0 0.417917 0.468333 0.0375 0.0433333
0 0.825 0.0883333 0.035 0.0383333
0 0.20875 0.2275 0.0308333 0.0316667
0 0.367083 0.452083 0.0358333 0.0375
0 0.142917 0.78375 0.0375 0.0425
0 0.537083 0.0254167 0.0375 0.0408333
0 0.589167 0.035 0.0366667 0.04
0 0.227083 0.985417 0.0375 0.0291667
0 0.794167 0.18125 0.035 0.0391667
0 0.409167 0.886667 0.0383333 0.0383333
0 0.3625 0.756667 0.0333333 0.0366667
0 0.396667 0.164583 0.035 0.0391667
0 0.485833 0.763333 0.035 0.0383333
0 0.65875 0.725 0.0291667 0.0316667
0 0.0904167 0.832917 0.0391667 0.0408333
0 0.631667 0.636667 0.035 0.0366667
0 0.308333 0.3325 0.0383333 0.0416667
0 0.525833 0.3575 0.0366667 0.0383333
0 0.984583 0.91875 0.0275 0.0291667
0 0.50875 0.607083 0.0375 0.0425
0 0.3075 0.73125 0.0283333 0.0308333
0 0.762083 0.09 0.0358333 0.0383333
0 0.51 0.0816667 0.0383333 0.0433333
0 0.199583 0.0875 0.0341667 0.0366667
0 0.315 0.852083 0.0333333 0.0358333
0 0.427083 0.56375 0.0391667 0.0425
0 0.485 0.299167 0.035 0.04
0 0.3325 0.424583 0.0333333 0.0358333
0 0.330833 0.0670833 0.0333333 0.0358333
0 0.490417 0.88375 0.0375 0.0408333
0 0.205833 0.944583 0.035 0.0391667
0 0.9025 0.305 0.0316667 0.0333333
0 0.1425 0.33625 0.0366667 0.0408333
0 0.977917 0.155833 0.0358333 0.0383333
0 0.420833 0.384167 0.035 0.0383333
0 0.0608333 0.4975 0.035 0.04
0 0.56125 0.715417 0.0358333 0.0375
0 0.4325 0.839583 0.0333333 0.0358333
0 0.30375 0.487917 0.0341667 0.0375
0 0.36125 0.831667 0.0341667 0.0383333
0 0.136667 0.864583 0.0316667 0.0341667
0 0.722083 0.0758333 0.0358333 0.0383333
0 0.69125 0.35 0.0325 0.035
0 0.28 0.423333 0.0333333 0.0366667
0 0.704167 0.565417 0.0333333 0.0358333
0 0.479583 0.338333 0.0325 0.035
0 0.375833 0.607917 0.03 0.0325
0 0.377917 0.41625 0.0358333 0.0391667
0 0.45875 0.632917 0.0391667 0.0408333
0 0.89375 0.2025 0.0341667 0.035
0 0.102083 0.495833 0.0341667 0.0383333
0 0.0329167 0.802083 0.0341667 0.0341667
0 0.514583 0.18375 0.0308333 0.0341667
0 0.502917 0.378333 0.0308333 0.0333333
0 0.849167 0.41 0.0333333 0.035
0 0.845 0.57875 0.0316667 0.0341667
0 0.365417 0.334583 0.0358333 0.0375
0 0.44125 0.725417 0.0325 0.0358333
0 0.0425 0.555833 0.035 0.0366667
0 0.899583 0.630417 0.0308333 0.0308333
0 0.2 0.409583 0.035 0.0358333
0 0.0470833 0.335417 0.0341667 0.0375
0 0.165417 0.565 0.0341667 0.0366667
0 0.499583 0.52125 0.0358333 0.0375
0 0.255833 0.57125 0.0333333 0.0375
0 0.644167 0.425 0.0316667 0.0333333
0 0.299167 0.942083 0.035 0.0375
0 0.606667 0.410417 0.0333333 0.0375
0 0.809583 0.257917 0.0308333 0.0358333
0 0.351667 0.239583 0.0333333 0.0375
0 0.424167 0.284583 0.035 0.0375
0 0.414167 0.0375 0.035 0.0383333
0 0.5425 0.445833 0.0333333 0.0366667
0 0.360833 0.115417 0.03 0.0325
0 0.42125 0.613333 0.0341667 0.0366667
0 0.58625 0.28875 0.0358333 0.0391667
0 0.456667 0.0716667 0.0366667 0.04
0 0.853333 0.614167 0.0333333 0.0366667
0 0.572083 0.387917 0.0341667 0.0358333
0 0.405417 0.215417 0.0391667 0.0425
0 0.252917 0.17875 0.0341667 0.0358333
0 0.452917 0.166667 0.0325 0.035
0 0.43 0.529167 0.035 0.0366667
0 0.600417 0.215833 0.0375 0.0383333
