0 0.4025 0.11 0.0216667 0.0233333
0 0.991667 0.174167 0.015 0.0416667
0 0.710417 0.96875 0.0291667 0.0325
0 0.3525 0.00583333 0.03 0.0116667
0 0.05125 0.435 0.0308333 0.035
0 0.227917 0.74 0.0341667 0.0366667
0 0.660833 0.889583 0.0466667 0.0475
0 0.568333 0.454167 0.045 0.045
0 0.94375 0.175 0.0441667 0.0466667
0 0.20625 0.69375 0.0375 0.0375
0 0.95125 0.662917 0.0275 0.0291667
0 0.210833 0.00916667 0.0333333 0.0183333
0 0.78125 0.83625 0.0325 0.0391667
0 0.6875 0.46625 0.0466667 0.0508333
0 0.216667 0.125417 0.0333333 0.0375
0 0.0216667 0.115417 0.0366667 0.0425
0 0.638333 0.769583 0.045 0.0558333
0 0.516667 0.55375 0.0433333 0.0491667
0 0.334583 0.0483333 0.0425 0.0516667
0 0.250417 0.805833 0.0358333 0.0366667
0 0.225417 0.33 0.0375 0.0416667
0 0.539583 0.0266667 0.0291667 0.0316667
0 0.965833 0.342083 0.0383333 0.0425
0 0.78625 0.637917 0.0375 0.0408333
0 0.465833 0.945 0.03 0.0316667
0 0.69125 0.772083 0.0325 0.0341667
0 0.244167 0.844167 0.0366667 0.0416667
0 0.0470833 0.2275 0.0291667 0.0316667
0 0.476667 0.632083 0.0383333 0.0458333
0 0.940833 0.880833 0.0366667 0.04
0 0.9925 0.379167 0.015 0.0383333
0 0.238333 0.06375 0.0366667 0.0408333
0 0.720417 0.58375 0.0441667 0.0508333
0 0.463333 0.905417 0.04 0.0408333
0 0.7325 0.860417 0.0433333 0.0491667
0 0.359583 0.778333 0.0408333 0.05
0 0.160417 0.460833 0.0408333 0.0416667
0 0.5225 0.732083 0.03 0.0325
0 0.801667 0.271667 0.0366667 0.0383333
0 0.572917 0.710833 0.0375 0.0416667
0 0.849583 0.49875 0.0375 0.0408333
0 0.109583 0.945 0.0308333 0.0316667
0 0.129167 0.115417 0.04 0.0425
0 0.740833 0.989167 0.03 0.0183333
0 0.5275 0.09375 0.0316667 0.0358333
0 0.488333 0.808333 0.0283333 0.0316667
0 0.56875 0.830833 0.0375 0.0416667
0 0.440417 0.7675 0.0408333 0.0433333
0 0.504167 0.9525 0.03 0.0333333
0 0.991667 0.692917 0.0166667 0.0341667
0 0.870417 0.372917 0.0358333 0.0358333
0 0.949167 0.380833 0.0366667 0.0383333
0 0.0291667 0.0720833 0.0383333 0.0425
0 0.790833 0.807917 0.0383333 0.0425
0 0.6575 0.98625 0.0316667 0.0258333
0 0.21375 0.231667 0.0375 0.04
0 0.718333 0.692917 0.0366667 0.0458333
0 0.82 0.738333 0.0266667 0.0283333
0 0.980833 0.556667 0.0383333 0.04
0 0.805417 0.974583 0.0291667 0.0308333
0 0.395 0.642917 0.03 0.0325
0 0.764583 0.445 0.0375 0.0383333
0 0.0570833 0.464583 0.0375 0.0391667
0 0.250833 0.916667 0.03 0.0333333
0 0.812917 0.919167 0.0358333 0.04
0 0.6225 0.98125 0.0283333 0.0308333
0 0.85 0.832083 0.0416667 0.0458333
0 0.318333 0.72875 0.0316667 0.0375
0 0.610417 0.944583 0.0358333 0.0391667
0 0.7575 0.724167 0.0333333 0.0383333
0 0.0670833 0.885 0.0341667 0.0366667
0 0.847917 0.981667 0.0358333 0.0366667
0 0.310833 0.104583 0.0366667 0.0441667
0 0.161667 0.745417 0.035 0.0408333
0 0.839583 0.397083 0.0375 0.0425
0 0.1375 0.910417 0.0316667 0.0341667
0 0.480417 0.0195833 0.0341667 0.0358333
0 0.183333 0.314583 0.0333333 0.0358333
0 0.673333 0.68375 0.0366667 0.0391667
0 0.612917 0.540833 0.0375 0.04
0 0.1725 0.806667 0.0316667 0.035
0 0.599167 0.132917 0.0333333 0.0358333
0 0.157917 0.245 0.0291667 0.0316667
0 0.109583 0.496667 0.0358333 0.0416667
0 0.424167 0.94625 0.0333333 0.0358333
0 0.075 0.0270833 0.0383333 0.0408333
0 0.337083 0.69625 0.0358333 0.0391667
0 0.55875 0.64375 0.0341667 0.0341667
0 0.320833 0.602083 0.0383333 0.0441667
0 0.11 0.405833 0.035 0.0383333
0 0.514583 0.670417 0.0375 0.0408333
0 0.085 0.378333 0.0366667 0.04
0 0.219167 0.0316667 0.0333333 0.035
0 0.10375 0.33 0.0358333 0.0383333
0 0.983333 0.24625 0.03 0.0375
0 0.485 0.92875 0.03 0.0308333
0 0.483333 0.985417 0.0283333 0.0275
0 0.4125 0.13375 0.0283333 0.0308333
0 0.954167 0.427917 0.0366667 0.0408333
0 0.627083 0.829167 0.0375 0.0416667
0 0.540833 0.59125 0.0283333 0.0308333
0 0.0195833 0.89 0.0325 0.035
0 0.382917 0.248333 0.0375 0.0383333
0 0.5875 0.883333 0.0383333 0.0383333
0 0.375833 0.941667 0.0366667 0.0383333
0 0.86375 0.700833 0.0391667 0.0433333
0 0.956667 0.9875 0.0333333 0.0233333
0 0.387917 0.0958333 0.0341667 0.0383333
0 0.199583 0.965833 0.0308333 0.03
0 0.555833 0.941667 0.035 0.0383333
0 0.35375 0.989583 0.0325 0.0208333
0 0.965 0.805417 0.03 0.0341667
0 0.260417 0.344583 0.0375 0.0408333
0 0.586667 0.67625 0.0316667 0.0325
0 0.260833 0.984583 0.0333333 0.0308333
0 0.768333 0.767083 0.035 0.0391667
0 0.0679167 0.855417 0.0341667 0.0375
0 0.10125 0.9775 0.0358333 0.0366667
0 0.454583 0.56 0.0325 0.035
0 0.988333 0.958333 0.0216667 0.0333333
0 0.693333 0.385 0.0316667 0.035
0 0.603333 0.625 0.03 0.0333333
0 0.18625 0.3925 0.0358333 0.0383333
0 0.0370833 0.9825 0.0325 0.0333333
0 0.307917 0.1925 0.0325 0.035
0 0.233333 0.9325 0.0283333 0.03
0 0.705 0.65125 0.0366667 0.0375
0 0.509583 0.8525 0.0325 0.035
0 0.409583 0.824167 0.0325 0.0333333
0 0.0208333 0.351667 0.035 0.0383333
0 0.107917 0.279167 0.0358333 0.0383333
0 0.63375 0.659583 0.0341667 0.0375
0 0.982083 0.900833 0.0291667 0.0316667
0 0.888333 0.72 0.0333333 0.035
0 0.0754167 0.18 0.0291667 0.0316667
0 0.846667 0.877083 0.035 0.0375
0 0.921667 0.93125 0.035 0.0375
0 0.587083 0.515417 0.0341667 0.0391667
0 0.662083 0.55375 0.0308333 0.0341667
0 0.0841667 0.23 0.03 0.0316667
0 0.862083 0.606667 0.0325 0.035
0 0.284167 0.302917 0.0333333 0.0341667
0 0.749167 0.941667 0.0333333 0.0366667
0 0.20125 0.157083 0.0358333 0.0391667
0 0.872917 0.460417 0.0358333 0.0375
0 0.3075 0.830417 0.0333333 0.0358333
0 0.839167 0.309167 0.0366667 0.0383333
0 0.25625 0.182083 0.0325 0.0341667
0 0.268333 0.897083 0.0283333 0.0291667
0 0.16125 0.1925 0.0358333 0.0383333
0 0.372083 0.15625 0.0341667 0.0358333
0 0.584583 0.08875 0.0308333 0.0325
0 0.195417 0.925 0.0291667 0.0316667
0 0.45625 0.71 0.0308333 0.0316667
0 0.408333 0.912083 0.0316667 0.0358333
0 0.689583 0.849167 0.0341667 0.04
