0 0.910833 0.560833 0.0366667 0.04
0 0.00666667 0.994583 0.0133333 0.0108333
0 0.909583 0.0391667 0.0408333 0.0533333
0 0.388333 0.0154167 0.0416667 0.0308333
0 0.824167 0.77375 0.025 0.0275
0 0.180833 0.349583 0.0316667 0.0358333
0 0.789583 0.19125 0.0341667 0.0341667
0 0.410833 0.979583 0.0333333 0.0375
0 0.1 0.939167 0.0333333 0.0383333
0 0.763333 0.426667 0.0333333 0.0333333
0 0.714167 0.272917 0.0283333 0.0308333
0 0.302083 0.18625 0.0425 0.0475
0 0.805417 0.583333 0.0358333 0.0433333
0 0.34875 0.577083 0.0391667 0.0408333
0 0.86375 0.05125 0.0408333 0.0491667
0 0.332083 0.362917 0.0408333 0.0408333
0 0.596667 0.65875 0.0416667 0.0458333
0 0.630417 0.127083 0.0441667 0.0475
0 0.005 0.9575 0.01 0.0316667
0 0.0516667 0.773333 0.04 0.0416667
0 0.0591667 0.0841667 0.0333333 0.0383333
0 0.427917 0.174583 0.0341667 0.0358333
0 0.678333 0.131667 0.04 0.0466667
0 0.12125 0.391667 0.0391667 0.0383333
0 0.0191667 0.64625 0.0316667 0.0325
0 0.501667 0.803333 0.0383333 0.0383333
0 0.170833 0.764583 0.0366667 0.0441667
0 0.70625 0.50625 0.0441667 0.0525
0 0.330417 0.27 0.0341667 0.04
0 0.267917 0.89 0.0308333 0.0316667
0 0.141667 0.0991667 0.04 0.0483333
0 0.479167 0.435833 0.04 0.0466667
0 0.14875 0.219583 0.0358333 0.0408333
0 0.743333 0.535833 0.0383333 0.0433333
0 0.72625 0.223333 0.0408333 0.0466667
0 0.01375 0.4375 0.0275 0.0383333
0 0.357083 0.25875 0.0375 0.0391667
0 0.575 0.406667 0.04 0.0433333
0 0.137917 0.31625 0.0391667 0.0441667
0 0.249167 0.870417 0.04 0.0425
0 0.470833 0.89625 0.0333333 0.0375
0 0.294167 0.0320833 0.035 0.0375
0 0.0420833 0.3375 0.0375 0.0366667
0 0.276667 0.27 0.035 0.035
0 0.3175 0.01 0.04 0.02
0 0.782917 0.2525 0.0341667 0.0383333
0 0.533333 0.242083 0.0383333 0.0425
0 0.21375 0.985 0.0341667 0.0283333
0 0.0133333 0.881667 0.0266667 0.0433333
0 0.465417 0.39375 0.0375 0.0425
0 0.01125 0.1775 0.0225 0.0466667
0 0.101667 0.178333 0.04 0.05
0 0.576667 0.549583 0.025 0.0291667
0 0.13625 0.675 0.0358333 0.04
0 0.408333 0.532083 0.0383333 0.0408333
0 0.54625 0.189167 0.0425 0.05
0 0.678333 0.350833 0.0366667 0.0416667
0 0.275417 0.62375 0.0325 0.0325
0 0.0416667 0.508333 0.0383333 0.0383333
0 0.0983333 0.514167 0.0383333 0.0383333
0 0.913333 0.329583 0.0333333 0.0358333
0 0.970833 0.10625 0.03 0.0358333
0 0.794583 0.504583 0.0325 0.0358333
0 0.16625 0.589583 0.0291667 0.0308333
0 0.575 0.0670833 0.0416667 0.0458333
0 0.0529167 0.15875 0.0341667 0.0391667
0 0.0104167 0.693333 0.0208333 0.0416667
0 0.84125 0.565833 0.0375 0.04
0 0.800417 0.378333 0.0375 0.0383333
0 0.931667 0.222083 0.035 0.0375
0 0.885417 0.21125 0.0341667 0.0341667
0 0.255 0.47625 0.04 0.0441667
0 0.144583 0.15 0.0375 0.045
0 0.433333 0.83875 0.04 0.0425
0 0.0995833 0.7275 0.0325 0.035
0 0.0133333 0.790417 0.0266667 0.0408333
0 0.147917 0.92875 0.0391667 0.0441667
0 0.865833 0.0983333 0.0316667 0.0333333
0 0.0466667 0.632083 0.0333333 0.0375
0 0.139583 0.720833 0.0308333 0.0333333
0 0.497083 0.08 0.0375 0.0416667
0 0.259583 0.100417 0.0341667 0.0358333
0 0.505833 0.71125 0.0316667 0.0341667
0 0.61875 0.29 0.0375 0.04
0 0.62375 0.24375 0.0358333 0.0375
0 0.98875 0.035 0.0225 0.035
0 0.1475 0.5225 0.0333333 0.035
0 0.61875 0.517083 0.0341667 0.0358333
0 0.0779167 0.904167 0.0325 0.035
0 0.0775 0.4125 0.035 0.0366667
0 0.41875 0.360833 0.0308333 0.0333333
0 0.44125 0.285833 0.0375 0.045
0 0.386667 0.726667 0.0366667 0.0383333
0 0.73375 0.619167 0.0375 0.0416667
0 0.332917 0.216667 0.0358333 0.0383333
0 0.505 0.577917 0.0366667 0.0375
0 0.45875 0.541667 0.0341667 0.0366667
0 0.73625 0.145417 0.0358333 0.0358333
0 0.0220833 0.744583 0.0341667 0.0375
0 0.392917 0.851667 0.0358333 0.0383333
0 0.255417 0.829583 0.0291667 0.0308333
0 0.429167 0.0395833 0.0366667 0.0391667
0 0.417083 0.86875 0.0358333 0.0375
0 0.117083 0.5425 0.0325 0.035
0 0.312917 0.694167 0.0358333 0.04
0 0.26625 0.7 0.0325 0.035
0 0.28375 0.41125 0.0341667 0.0375
0 0.06625 0.27375 0.0358333 0.0391667
0 0.247083 0.324167 0.0341667 0.035
0 0.181667 0.4825 0.0266667 0.0283333
0 0.86625 0.1325 0.0341667 0.0366667
0 0.941667 0.150833 0.035 0.0366667
0 0.816667 0.288333 0.0316667 0.0333333
0 0.109167 0.876667 0.035 0.0383333
0 0.337083 0.745417 0.0341667 0.0358333
0 0.94 0.374167 0.035 0.0383333
0 0.51375 0.133333 0.0358333 0.04
0 0.414167 0.779167 0.035 0.0366667
0 0.29 0.238333 0.035 0.04
0 0.844167 0.52125 0.0366667 0.0391667
0 0.432917 0.102083 0.0341667 0.0375
0 0.46 0.633333 0.0366667 0.04
0 0.985 0.426667 0.03 0.0383333
0 0.750833 0.0145833 0.035 0.0291667
0 0.309167 0.829583 0.0333333 0.0358333
0 0.629583 0.642083 0.0341667 0.0375
0 0.364583 0.648333 0.0308333 0.0333333
0 0.21875 0.3725 0.0358333 0.0383333
0 0.0866667 0.47 0.035 0.0366667
0 0.34875 0.3275 0.0325 0.0333333
0 0.33375 0.1 0.0341667 0.035
0 0.505417 0.64125 0.0358333 0.0358333
0 0.155 0.65 0.0333333 0.035
0 0.237917 0.281667 0.0341667 0.035
0 0.0295833 0.844583 0.0325 0.0358333
0 0.515833 0.299583 0.0366667 0.0408333
0 0.73375 0.43 0.0341667 0.0383333
0 0.05875 0.734167 0.0358333 0.0383333
0 0.71 0.30625 0.0366667 0.0391667
0 0.112917 0.274167 0.0341667 0.0366667
0 0.29625 0.542917 0.0341667 0.0375
0 0.417917 0.244583 0.0375 0.0425
0 0.448333 0.479167 0.035 0.0366667
0 0.177917 0.850417 0.0341667 0.0358333
0 0.53 0.402917 0.0366667 0.0425
0 0.257083 0.5925 0.0325 0.035
0 0.74125 0.0545833 0.0341667 0.0358333
0 0.5175 0.547083 0.0366667 0.0375
0 0.677083 0.477917 0.0325 0.0358333
0 0.598333 0.479583 0.035 0.0375
0 0.62 0.404167 0.035 0.0366667
0 0.28375 0.494583 0.0341667 0.0375
0 0.603333 0.5475 0.0316667 0.0333333
0 0.374167 0.418333 0.0333333 0.035
0 0.292917 0.754583 0.0325 0.0341667
0 0.555833 0.316667 0.0366667 0.04
0 0.0441667 0.945 0.0366667 0.0383333
0 0.859583 0.425 0.0341667 0.0366667
0 0.40625 0.582083 0.0341667 0.0375
0 0.28 0.151667 0.0283333 0.03
0 0.206667 0.954167 0.035 0.0366667
0 0.466667 0.19625 0.035 0.0375
0 0.61625 0.18375 0.0308333 0.0325
0 0.54375 0.522083 0.0325 0.0358333
0 0.377917 0.0716667 0.0341667 0.0383333
0 0.803333 0.332083 0.035 0.0358333
0 0.233333 0.13125 0.0333333 0.0358333
0 0.42375 0.392917 0.0358333 0.0375
0 0.321667 0.955833 0.0316667 0.0333333
0 0.0170833 0.529167 0.0325 0.035
0 0.0925 0.980833 0.035 0.035
0 0.652917 0.604583 0.0358333 0.0391667
0 0.7 0.56125 0.0333333 0.0375
0 0.5075 0.203333 0.035 0.04
