0 0.707083 0.995417 0.0291667 0.00916667
0 0.13375 0.315 0.0441667 0.0466667
0 0.99625 0.765417 0.0075 0.0325
0 0.605 0.56625 0.0383333 0.0491667
0 0.52125 0.713333 0.0341667 0.04
0 0.37625 0.167917 0.0441667 0.0475
0 0.459583 0.684583 0.0408333 0.0441667
0 0.00958333 0.990833 0.0191667 0.0183333
0 0.724167 0.773333 0.0366667 0.04
0 0.839167 0.602083 0.0333333 0.0375
0 0.0804167 0.0241667 0.0408333 0.04
0 0.434167 0.0625 0.0366667 0.04
0 0.272083 0.795 0.0391667 0.05
0 0.660833 0.395417 0.03 0.0325
0 0.680833 0.98375 0.035 0.0325
0 0.43875 0.562917 0.0375 0.0391667
0 0.189167 0.990833 0.0316667 0.0183333
0 0.0520833 0.567917 0.0391667 0.0425
0 0.551667 0.7525 0.0316667 0.0316667
0 0.604583 0.974167 0.0325 0.0366667
0 0.815 0.84375 0.035 0.0391667
0 0.39875 0.70875 0.0408333 0.0508333
0 0.0133333 0.465833 0.0266667 0.0416667
0 0.388333 0.785417 0.035 0.0375
0 0.359583 0.10875 0.0441667 0.0475
0 0.77375 0.635 0.0375 0.04
0 0.388333 0.22375 0.0366667 0.0425
0 0.44625 0.00958333 0.0358333 0.0175
0 0.36375 0.919167 0.0375 0.0433333
0 0.547083 0.139167 0.0375 0.0466667
0 0.2625 0.99125 0.0333333 0.0175
0 0.476667 0.97 0.0283333 0.0316667
0 0.59 0.168333 0.0316667 0.035
0 0.710833 0.378333 0.04 0.0433333
0 0.231667 0.40625 0.0366667 0.0391667
0 0.939167 0.740417 0.0433333 0.0475
0 0.832917 0.305417 0.0408333 0.0441667
0 0.0895833 0.962917 0.0408333 0.0458333
0 0.783333 0.0375 0.0383333 0.0416667
0 0.180417 0.67625 0.0375 0.0425
0 0.45625 0.14375 0.0291667 0.0308333
0 0.939583 0.866667 0.0375 0.0416667
0 0.111667 0.780417 0.0366667 0.0375
0 0.992083 0.19625 0.0158333 0.0341667
0 0.04 0.0395833 0.0383333 0.0441667
0 0.699583 0.632083 0.0441667 0.0425
0 0.2625 0.73875 0.0416667 0.0458333
0 0.0183333 0.223333 0.035 0.0383333
0 0.56125 0.5025 0.0391667 0.0433333
0 0.82375 0.97125 0.0341667 0.0358333
0 0.558333 0.966667 0.0366667 0.0433333
0 0.220833 0.74 0.04 0.0433333
0 0.66375 0.514167 0.0391667 0.045
0 0.335833 0.929167 0.0316667 0.04
0 0.0366667 0.502917 0.04 0.0425
0 0.10125 0.814167 0.0341667 0.04
0 0.00666667 0.12125 0.0133333 0.0308333
0 0.19625 0.1825 0.0391667 0.0433333
0 0.527083 0.986667 0.0325 0.025
0 0.549583 0.6325 0.0358333 0.0416667
0 0.745417 0.567917 0.0391667 0.0425
0 0.782917 0.270417 0.0358333 0.0425
0 0.96125 0.812083 0.0308333 0.0358333
0 0.720833 0.975 0.0316667 0.035
0 0.59625 0.803333 0.0341667 0.0366667
0 0.810833 0.872083 0.03 0.0308333
0 0.760417 0.822917 0.0391667 0.0441667
0 0.0708333 0.20125 0.0366667 0.0408333
0 0.0158333 0.35875 0.0316667 0.0425
0 0.62625 0.77375 0.0291667 0.0308333
0 0.705 0.479167 0.0383333 0.0466667
0 0.9075 0.221667 0.0333333 0.035
0 0.0995833 0.371667 0.0291667 0.0316667
0 0.264167 0.0383333 0.0383333 0.0416667
0 0.01125 0.408333 0.0225 0.0383333
0 0.279583 0.239167 0.0341667 0.0366667
0 0.96 0.539583 0.0333333 0.0341667
0 0.882917 0.641667 0.0341667 0.0366667
0 0.15375 0.79125 0.0341667 0.0375
0 0.187083 0.0125 0.0358333 0.0233333
0 0.56 0.923333 0.04 0.0416667
0 0.432083 0.600833 0.0375 0.0416667
0 0.117083 0.929167 0.0375 0.0416667
0 0.60375 0.73875 0.0375 0.0408333
0 0.223333 0.131667 0.0316667 0.035
0 0.10375 0.72 0.0325 0.0366667
0 0.947083 0.28375 0.0358333 0.0375
0 0.04875 0.935 0.0358333 0.04
0 0.655833 0.00958333 0.0333333 0.0191667
0 0.243333 0.624167 0.035 0.0383333
0 0.7425 0.634583 0.0383333 0.0425
0 0.310833 0.69875 0.04 0.0425
0 0.833333 0.508333 0.0283333 0.0316667
0 0.555833 0.0725 0.0366667 0.04
0 0.337083 0.870417 0.0358333 0.0408333
0 0.957917 0.4675 0.0375 0.0416667
0 0.02375 0.1 0.0275 0.03
0 0.380417 0.04125 0.0375 0.0441667
0 0.568333 0.855833 0.0366667 0.0383333
0 0.413333 0.15625 0.0383333 0.0408333
0 0.211667 0.89 0.0366667 0.04
0 0.575833 0.702083 0.0333333 0.0358333
0 0.506667 0.5875 0.035 0.0383333
0 0.51 0.921667 0.03 0.0316667
0 0.39375 0.985833 0.0325 0.0283333
0 0.0958333 0.10125 0.035 0.0375
0 0.884167 0.552917 0.0383333 0.0408333
0 0.68 0.912917 0.0333333 0.0358333
0 0.90875 0.85625 0.0308333 0.0341667
0 0.188333 0.23125 0.035 0.0408333
0 0.391667 0.872083 0.04 0.0408333
0 0.05625 0.884583 0.0408333 0.0458333
0 0.859167 0.834167 0.035 0.0383333
0 0.594167 0.650833 0.035 0.0366667
0 0.888333 0.265833 0.0383333 0.0416667
0 0.960833 0.402917 0.0283333 0.0325
0 0.66875 0.753333 0.0391667 0.04
0 0.50375 0.768333 0.0308333 0.035
0 0.16125 0.613333 0.0341667 0.035
0 0.607083 0.133333 0.0308333 0.0333333
0 0.494167 0.7325 0.035 0.04
0 0.920833 0.677917 0.035 0.0375
0 0.165 0.0429167 0.0333333 0.0341667
0 0.863333 0.432083 0.035 0.0391667
0 0.15125 0.978333 0.0308333 0.0333333
0 0.172917 0.935417 0.0325 0.0375
0 0.924583 0.530417 0.0358333 0.0391667
0 0.135417 0.252917 0.0341667 0.0375
0 0.870417 0.9525 0.0325 0.0366667
0 0.952083 0.91125 0.0291667 0.0308333
0 0.474167 0.933333 0.0383333 0.0383333
0 0.535 0.825 0.0333333 0.0366667
0 0.229167 0.0541667 0.0316667 0.035
0 0.850833 0.8875 0.0366667 0.0383333
0 0.767083 0.730833 0.0358333 0.04
0 0.23125 0.320417 0.0341667 0.0375
0 0.260417 0.6875 0.0375 0.04
0 0.340417 0.798333 0.0391667 0.045
0 0.875417 0.463333 0.0358333 0.0383333
0 0.325833 0.13625 0.04 0.0425
0 0.267917 0.187083 0.0375 0.0408333
0 0.307083 0.170833 0.0341667 0.0383333
0 0.14 0.0170833 0.035 0.0341667
0 0.400417 0.109167 0.0375 0.04
0 0.842083 0.656667 0.0341667 0.0366667
0 0.856667 0.513333 0.0333333 0.0366667
0 0.64125 0.87125 0.0341667 0.0358333
0 0.743333 0.94125 0.0366667 0.0425
0 0.925 0.455 0.035 0.0416667
0 0.45625 0.875417 0.0375 0.0408333
0 0.305833 0.615417 0.03 0.0308333
0 0.716667 0.425833 0.035 0.0383333
0 0.86375 0.748333 0.0291667 0.0316667
0 0.895417 0.762917 0.0341667 0.0358333
0 0.780417 0.903333 0.0341667 0.0383333
0 0.464167 0.185417 0.0333333 0.0375
0 0.81 0.615833 0.0316667 0.035
0 0.49625 0.0779167 0.0358333 0.0391667
0 0.808333 0.665833 0.035 0.04
0 0.0545833 0.14 0.0308333 0.0333333
0 0.0970833 0.2375 0.0341667 0.0366667
0 0.990417 0.710417 0.0191667 0.0291667
0 0.154167 0.900833 0.0383333 0.0416667
0 0.828333 0.7725 0.0333333 0.035
0 0.734167 0.0466667 0.035 0.0383333
0 0.260833 0.2875 0.0316667 0.035
0 0.0716667 0.38125 0.035 0.0375
0 0.50875 0.0383333 0.0358333 0.0383333
0 0.351667 0.250833 0.0333333 0.0366667
0 0.700833 0.866667 0.0316667 0.035
0 0.842917 0.454583 0.0325 0.0358333
0 0.24 0.220417 0.0316667 0.0358333
0 0.424583 0.840833 0.0358333 0.0366667
0 0.629583 0.0995833 0.0325 0.0358333
0 0.904583 0.5975 0.0358333 0.0366667
0 0.297917 0.93375 0.0358333 0.0391667
0 0.1425 0.37875 0.0366667 0.0391667
0 0.2225 0.849583 0.035 0.0375
0 0.115417 0.85875 0.0341667 0.0375
0 0.0841667 0.432917 0.035 0.0375
0 0.03375 0.97 0.0358333 0.0383333
0 0.597083 0.911667 0.0308333 0.0333333
0 0.25375 0.0908333 0.0341667 0.0366667
0 0.785833 0.990833 0.0333333 0.0183333
0 0.50875 0.877083 0.0341667 0.0391667
0 0.666667 0.8225 0.035 0.0366667
0 0.140833 0.0708333 0.0366667 0.0383333
0 0.88875 0.9025 0.0341667 0.0383333
0 0.91625 0.983333 0.0325 0.0316667
0 0.294583 0.0841667 0.0341667 0.0366667
0 0.807083 0.510417 0.0325 0.0358333
