0 0.186667 0.28375 0.04 0.0491667
0 0.215833 0.189167 0.0366667 0.0416667
0 0.304167 0.785417 0.02 0.0208333
0 0.852917 0.805 0.0408333 0.04
0 0.120833 0.0304167 0.035 0.0375
0 0.990833 0.24125 0.0166667 0.0441667
0 0.701667 0.482083 0.0383333 0.0408333
0 0.497083 0.0270833 0.0408333 0.0491667
0 0.794167 0.99 0.03 0.02
0 0.26 0.375 0.0316667 0.0366667
0 0.497083 0.136667 0.0325 0.0366667
0 0.267917 0.712083 0.0375 0.0375
0 0.469583 0.786667 0.0375 0.045
0 0.10875 0.255417 0.0441667 0.0491667
0 0.8775 0.992083 0.0316667 0.0158333
0 0.476667 0.42125 0.0333333 0.0375
0 0.213333 0.979167 0.0383333 0.04
0 0.5625 0.163333 0.0416667 0.0516667
0 0.964583 0.9425 0.0375 0.0466667
0 0.2025 0.799167 0.0416667 0.0516667
0 0.995 0.03625 0.01 0.0308333
0 0.411667 0.135833 0.0433333 0.0466667
0 0.305833 0.0116667 0.0416667 0.0233333
0 0.710417 0.368333 0.0408333 0.0433333
0 0.947917 0.434167 0.0391667 0.0416667
0 0.705 0.582917 0.045 0.0475
0 0.143333 0.215833 0.0416667 0.0466667
0 0.967083 0.0375 0.0375 0.045
0 0.2725 0.227083 0.0283333 0.0341667
0 0.00583333 0.709167 0.0116667 0.0333333
0 0.111667 0.885 0.0416667 0.045
0 0.02875 0.0775 0.0275 0.0283333
0 0.235 0.948333 0.0433333 0.05
0 0.22875 0.22625 0.0375 0.0425
0 0.525833 0.669583 0.0416667 0.0458333
0 0.331667 0.118333 0.0383333 0.0416667
0 0.4725 0.1275 0.0316667 0.04
0 0.440833 0.10625 0.0416667 0.0441667
0 0.111667 0.0554167 0.035 0.0358333
0 0.304583 0.405417 0.0308333 0.0358333
0 0.98375 0.278333 0.0291667 0.0333333
0 0.979583 0.124167 0.0408333 0.05
0 0.505 0.10625 0.035 0.0391667
0 0.828333 0.100833 0.04 0.0416667
0 0.298333 0.621667 0.0316667 0.03
0 0.619167 0.35 0.04 0.045
0 0.942083 0.305417 0.0441667 0.0508333
0 0.289167 0.354167 0.0316667 0.0366667
0 0.319583 0.0383333 0.0358333 0.0416667
0 0.637083 0.666667 0.0358333 0.0483333
0 0.7775 0.3725 0.0416667 0.0433333
0 0.132917 0.366667 0.0325 0.035
0 0.412083 0.63 0.0391667 0.045
0 0.3125 0.196667 0.04 0.0466667
0 0.735 0.542917 0.0333333 0.0358333
0 0.879167 0.4825 0.035 0.04
0 0.602083 0.472083 0.0375 0.0441667
0 0.0733333 0.32375 0.0383333 0.0441667
0 0.7525 0.840833 0.0383333 0.04
0 0.255833 0.774167 0.035 0.0383333
0 0.53625 0.418333 0.0308333 0.0333333
0 0.0591667 0.160833 0.0366667 0.04
0 0.0245833 0.259583 0.0391667 0.0441667
0 0.0129167 0.60625 0.0258333 0.0308333
0 0.06125 0.959583 0.0358333 0.0391667
0 0.539583 0.565833 0.0391667 0.04
0 0.246667 0.310833 0.0366667 0.0416667
0 0.2475 0.497917 0.035 0.0375
0 0.285 0.908333 0.0383333 0.04
0 0.795417 0.0366667 0.0358333 0.0383333
0 0.492083 0.319583 0.0341667 0.0358333
0 0.520417 0.477917 0.0308333 0.0341667
0 0.461667 0.643333 0.0383333 0.0416667
0 0.803333 0.45875 0.0366667 0.0408333
0 0.448333 0.519167 0.0383333 0.0433333
0 0.51 0.3625 0.035 0.0383333
0 0.569167 0.09 0.04 0.045
0 0.349167 0.52125 0.0366667 0.0391667
0 0.355833 0.7575 0.0366667 0.0416667
0 0.194583 0.896667 0.0391667 0.0416667
0 0.234167 0.02625 0.0316667 0.0341667
0 0.740417 0.406667 0.0391667 0.0433333
0 0.561667 0.450833 0.0383333 0.0416667
0 0.954167 0.23 0.0366667 0.0383333
0 0.106667 0.640417 0.0333333 0.0358333
0 0.105833 0.20125 0.0366667 0.0391667
0 0.760833 0.0275 0.0383333 0.0433333
0 0.161667 0.819167 0.035 0.04
0 0.542917 0.334167 0.0375 0.0433333
0 0.340833 0.71625 0.04 0.0458333
0 0.5025 0.176667 0.035 0.0383333
0 0.0129167 0.469167 0.0258333 0.04
0 0.01875 0.641667 0.0358333 0.04
0 0.452917 0.600833 0.0375 0.0466667
0 0.164583 0.0891667 0.0341667 0.0366667
0 0.9225 0.133333 0.0366667 0.0416667
0 0.40375 0.52125 0.0375 0.0441667
0 0.0791667 0.54125 0.035 0.0391667
0 0.14875 0.76625 0.0341667 0.0391667
0 0.394583 0.410833 0.0375 0.04
0 0.200833 0.742083 0.04 0.0458333
0 0.19375 0.865833 0.0308333 0.0316667
0 0.37125 0.0816667 0.0375 0.0416667
0 0.74625 0.104583 0.0375 0.0391667
0 0.54875 0.21625 0.0391667 0.0441667
0 0.516667 0.524167 0.0366667 0.0383333
0 0.33625 0.397083 0.0375 0.0425
0 0.0458333 0.101667 0.035 0.04
0 0.0541667 0.57375 0.035 0.0391667
0 0.6275 0.187917 0.0383333 0.0391667
0 0.1 0.68 0.03 0.0333333
0 0.0379167 0.8625 0.0391667 0.045
0 0.3125 0.342083 0.0366667 0.0391667
0 0.289167 0.0858333 0.0383333 0.045
0 0.0225 0.987083 0.0366667 0.0258333
0 0.201667 0.502917 0.035 0.0391667
0 0.506667 0.399583 0.0366667 0.0408333
0 0.622083 0.570833 0.0375 0.0383333
0 0.419583 0.29625 0.0341667 0.0375
0 0.370833 0.02 0.035 0.04
0 0.724583 0.1975 0.0341667 0.0366667
0 0.738333 0.985417 0.035 0.0291667
0 0.419583 0.18 0.0358333 0.04
0 0.28 0.456667 0.0366667 0.0416667
0 0.102917 0.737917 0.0325 0.0358333
0 0.892917 0.0679167 0.0375 0.0408333
0 0.780417 0.215833 0.0358333 0.0416667
0 0.201667 0.595 0.0366667 0.0383333
0 0.1225 0.112917 0.0333333 0.0375
0 0.166667 0.985 0.0366667 0.03
0 0.0908333 0.99 0.035 0.0183333
0 0.768333 0.0766667 0.0366667 0.04
0 0.839583 0.025 0.0341667 0.0366667
0 0.72125 0.0770833 0.0325 0.0358333
0 0.829583 0.383333 0.0358333 0.0383333
0 0.200417 0.158333 0.0325 0.0366667
0 0.38875 0.677083 0.0341667 0.0358333
0 0.389583 0.227083 0.0341667 0.0375
0 0.615833 0.507083 0.0316667 0.0341667
0 0.570833 0.65625 0.035 0.0375
0 0.93875 0.800833 0.0325 0.035
0 0.200833 0.410417 0.0383333 0.0441667
0 0.739583 0.328333 0.0358333 0.0416667
0 0.83875 0.410417 0.0341667 0.0358333
0 0.43375 0.4675 0.0341667 0.0366667
0 0.101667 0.802917 0.0383333 0.0408333
0 0.337083 0.3025 0.0358333 0.0383333
0 0.0575 0.804167 0.0316667 0.0366667
0 0.1325 0.665 0.0333333 0.0383333
0 0.562083 0.75 0.0358333 0.04
0 0.245417 0.425 0.0375 0.0416667
0 0.35375 0.5825 0.0358333 0.04
0 0.533333 0.614583 0.035 0.0358333
0 0.925 0.827083 0.0316667 0.0358333
0 0.01125 0.765 0.0225 0.0316667
0 0.562083 0.270833 0.0358333 0.04
0 0.14375 0.509583 0.0358333 0.0375
0 0.622083 0.02875 0.0341667 0.0358333
0 0.0670833 0.46875 0.0358333 0.0391667
0 0.30875 0.959167 0.0308333 0.03
0 0.723333 0.257083 0.0333333 0.0358333
0 0.985417 0.914583 0.0291667 0.0375
0 0.744583 0.95 0.0325 0.035
0 0.0379167 0.692083 0.0358333 0.0391667
0 0.0366667 0.894583 0.0333333 0.0341667
0 0.02125 0.94625 0.0341667 0.0375
0 0.145 0.4175 0.0316667 0.035
0 0.375833 0.175833 0.035 0.0366667
0 0.50125 0.0670833 0.0341667 0.0358333
0 0.247917 0.08125 0.0358333 0.0375
0 0.0720833 0.915833 0.0325 0.035
0 0.813333 0.494167 0.035 0.0383333
0 0.678333 0.229583 0.035 0.0375
0 0.0229167 0.378333 0.0308333 0.0333333
0 0.18125 0.655417 0.0341667 0.0391667
0 0.330417 0.654583 0.0341667 0.0358333
0 0.230833 0.83 0.0333333 0.0366667
0 0.840417 0.14875 0.0325 0.0358333
0 0.599167 0.2975 0.035 0.0383333
0 0.567917 0.382917 0.0291667 0.0325
0 0.0858333 0.399583 0.0366667 0.0391667
0 0.666667 0.31125 0.035 0.0391667
0 0.224167 0.36 0.035 0.0366667
0 0.503333 0.232083 0.0316667 0.0325
0 0.982917 0.0725 0.0341667 0.0366667
0 0.02125 0.524167 0.0358333 0.04
0 0.463333 0.253333 0.0316667 0.035
0 0.676667 0.0341667 0.0333333 0.0366667
0 0.66125 0.400833 0.0375 0.04
0 0.84875 0.319583 0.0291667 0.0325
0 0.857917 0.21375 0.0325 0.0358333
0 0.272917 0.559583 0.0341667 0.0375
0 0.375417 0.634167 0.0325 0.0366667
0 0.3375 0.255417 0.035 0.0375
0 0.2025 0.542083 0.0333333 0.0375
0 0.31 0.51125 0.035 0.0375
0 0.95375 0.164583 0.0341667 0.0358333
0 0.236667 0.692083 0.0333333 0.0358333
0 0.9025 0.218333 0.0316667 0.0366667
