0 0.989167 0.989583 0.0216667 0.0191667
0 0.292083 0.990417 0.0258333 0.0191667
0 0.57125 0.279167 0.0341667 0.0383333
0 0.553333 0.5875 0.03 0.0316667
0 0.0208333 0.3325 0.0416667 0.0533333
0 0.347083 0.01 0.0291667 0.02
0 0.611667 0.9925 0.03 0.015
0 0.0775 0.385833 0.0433333 0.0466667
0 0.145417 0.6725 0.0308333 0.035
0 0.874583 0.985833 0.0341667 0.0283333
0 0.015 0.01125 0.03 0.0225
0 0.177083 0.16 0.0291667 0.0316667
0 0.114167 0.994167 0.03 0.0116667
0 0.1525 0.852083 0.04 0.0508333
0 0.620417 0.567917 0.0425 0.0475
0 0.987083 0.6175 0.0258333 0.04
0 0.13625 0.160833 0.0408333 0.0466667
0 0.622083 0.470417 0.0408333 0.0525
0 0.0729167 0.83625 0.0408333 0.0525
0 0.44875 0.5075 0.0275 0.03
0 0.957083 0.442083 0.0341667 0.0358333
0 0.9875 0.214167 0.025 0.0383333
0 0.92375 0.20375 0.0425 0.0441667
0 0.10375 0.00833333 0.0391667 0.015
0 0.875 0.63875 0.0333333 0.0358333
0 0.654583 0.319167 0.0325 0.035
0 0.695833 0.745417 0.0366667 0.0391667
0 0.100417 0.191667 0.0408333 0.05
0 0.672083 0.565833 0.0408333 0.0466667
0 0.815833 0.39125 0.04 0.0441667
0 0.66375 0.990833 0.0291667 0.0183333
0 0.94875 0.541667 0.0408333 0.0433333
0 0.667083 0.22875 0.0375 0.0408333
0 0.520833 0.59875 0.0383333 0.0458333
0 0.104583 0.284583 0.0425 0.0458333
0 0.990833 0.345833 0.0166667 0.0383333
0 0.927917 0.2625 0.0375 0.0433333
0 0.15125 0.09375 0.0425 0.0491667
0 0.742083 0.37125 0.0425 0.0475
0 0.73875 0.703333 0.0375 0.0416667
0 0.21625 0.719167 0.0358333 0.0433333
0 0.214583 0.817083 0.0391667 0.0425
0 0.2675 0.0075 0.0283333 0.015
0 0.957917 0.887917 0.0358333 0.0391667
0 0.744583 0.965 0.0275 0.03
0 0.985417 0.550833 0.0291667 0.0383333
0 0.5425 0.83125 0.0416667 0.0475
0 0.04125 0.364167 0.0441667 0.0433333
0 0.825 0.706667 0.0366667 0.0433333
0 0.55 0.750417 0.0433333 0.0458333
0 0.17875 0.113333 0.0375 0.0433333
0 0.0104167 0.244583 0.0208333 0.0408333
0 0.374167 0.1125 0.0366667 0.045
0 0.833333 0.88875 0.0383333 0.0441667
0 0.738333 0.558333 0.0366667 0.0433333
0 0.37125 0.778333 0.0375 0.0416667
0 0.99125 0.910833 0.0158333 0.0333333
0 0.964167 0.491667 0.0316667 0.0383333
0 0.71875 0.307083 0.0391667 0.0458333
0 0.830417 0.582917 0.0391667 0.0425
0 0.776667 0.6325 0.0366667 0.04
0 0.1375 0.719583 0.0366667 0.0441667
0 0.758333 0.780833 0.04 0.0466667
0 0.495833 0.424167 0.04 0.0466667
0 0.910417 0.827917 0.0391667 0.0408333
0 0.271667 0.89375 0.0366667 0.0425
0 0.951667 0.37125 0.035 0.0425
0 0.78625 0.714583 0.0325 0.0441667
0 0.644583 0.705 0.0391667 0.045
0 0.4175 0.954167 0.0383333 0.04
0 0.363333 0.673333 0.0366667 0.0416667
0 0.592083 0.881667 0.0391667 0.0433333
0 0.189167 0.78375 0.04 0.0441667
0 0.80375 0.160417 0.0375 0.0408333
0 0.323333 0.5725 0.035 0.0383333
0 0.832083 0.656667 0.0358333 0.0383333
0 0.751667 0.62875 0.03 0.0325
0 0.839583 0.801667 0.0375 0.0416667
0 0.723333 0.44375 0.0366667 0.0408333
0 0.13875 0.0333333 0.0375 0.0433333
0 0.417083 0.611667 0.0358333 0.0383333
0 0.434583 0.4675 0.0375 0.04
0 0.685833 0.51375 0.04 0.0408333
0 0.674167 0.374583 0.0283333 0.0325
0 0.9375 0.335417 0.0366667 0.0425
0 0.518333 0.655417 0.0366667 0.0425
0 0.3325 0.990417 0.0333333 0.0191667
0 0.587083 0.605417 0.0358333 0.0375
0 0.702083 0.817083 0.0375 0.0408333
0 0.950833 0.125417 0.0366667 0.0408333
0 0.32125 0.0166667 0.0308333 0.0316667
0 0.208333 0.0275 0.0316667 0.0333333
0 0.80125 0.983333 0.0308333 0.0333333
0 0.853333 0.286667 0.035 0.0383333
0 0.193333 0.0754167 0.035 0.0375
0 0.94625 0.63125 0.0375 0.0408333
0 0.911667 0.0458333 0.0333333 0.0366667
0 0.970417 0.84375 0.0308333 0.0325
0 0.387083 0.892083 0.0341667 0.0375
0 0.0679167 0.947917 0.0341667 0.0391667
0 0.392917 0.97125 0.0325 0.0358333
0 0.913333 0.468333 0.0333333 0.0366667
0 0.191667 0.656667 0.035 0.0366667
0 0.253333 0.672917 0.0366667 0.0391667
0 0.214583 0.18875 0.0358333 0.0375
0 0.102917 0.0733333 0.0308333 0.0333333
0 0.98875 0.177083 0.0191667 0.0391667
0 0.647917 0.940417 0.0358333 0.0391667
0 0.4575 0.0116667 0.035 0.0216667
0 0.138333 0.217917 0.0366667 0.0425
0 0.987917 0.415417 0.0241667 0.0358333
0 0.469167 0.784167 0.0366667 0.04
0 0.4875 0.887917 0.0333333 0.0391667
0 0.607917 0.383333 0.0358333 0.04
0 0.781667 0.418333 0.0366667 0.04
0 0.2425 0.851667 0.0316667 0.035
0 0.0254167 0.8 0.0308333 0.0333333
0 0.45875 0.935833 0.0325 0.0366667
0 0.911667 0.38125 0.0316667 0.0341667
0 0.807917 0.339583 0.0358333 0.0358333
0 0.105 0.84 0.035 0.0383333
0 0.585417 0.950417 0.0341667 0.0375
0 0.425833 0.575 0.0366667 0.04
0 0.08375 0.984167 0.0358333 0.0316667
0 0.92 0.568333 0.035 0.0383333
0 0.360833 0.844167 0.035 0.0383333
0 0.129167 0.780417 0.0416667 0.0458333
0 0.234583 0.9075 0.0308333 0.0333333
0 0.923333 0.885833 0.0316667 0.0333333
0 0.499167 0.322083 0.0333333 0.0358333
0 0.545417 0.702083 0.0325 0.0358333
0 0.0479167 0.91625 0.0358333 0.0408333
0 0.519167 0.477083 0.0333333 0.0358333
0 0.1525 0.91875 0.0333333 0.0375
0 0.6675 0.866667 0.0366667 0.0383333
0 0.857917 0.535833 0.0341667 0.0383333
0 0.7225 0.9275 0.035 0.0383333
0 0.431667 0.765417 0.0333333 0.0358333
0 0.308333 0.739167 0.0333333 0.0366667
0 0.48 0.99 0.0316667 0.0183333
0 0.634583 0.895417 0.0325 0.0358333
0 0.239583 0.0525 0.0308333 0.0333333
0 0.24125 0.211667 0.0341667 0.0366667
0 0.24625 0.0904167 0.0358333 0.0391667
0 0.0595833 0.07375 0.0358333 0.0425
0 0.184583 0.282083 0.0341667 0.0341667
0 0.0633333 0.177083 0.04 0.0425
0 0.755 0.862083 0.035 0.0391667
0 0.805833 0.928333 0.035 0.0366667
0 0.234167 0.947917 0.035 0.0391667
0 0.0704167 0.259583 0.0341667 0.0408333
0 0.520833 0.946667 0.03 0.0316667
0 0.624583 0.80625 0.0341667 0.0358333
0 0.220417 0.77 0.0375 0.0383333
0 0.271667 0.1175 0.0316667 0.0333333
0 0.12875 0.935417 0.0358333 0.0391667
0 0.932083 0.985833 0.0291667 0.025
0 0.83875 0.854167 0.0358333 0.0383333
0 0.33625 0.93 0.0341667 0.0383333
0 0.39 0.0125 0.0316667 0.0233333
0 0.180833 0.890417 0.035 0.0391667
0 0.0608333 0.2925 0.035 0.0383333
0 0.02625 0.875 0.0358333 0.0383333
0 0.338333 0.230417 0.035 0.0391667
0 0.92125 0.795833 0.0358333 0.0366667
0 0.0541667 0.0325 0.0333333 0.0366667
