0 0.564167 0.0583333 0.0516667 0.0583333
0 0.0683333 0.420417 0.0383333 0.0425
0 0.49625 0.279583 0.0291667 0.0308333
0 0.829583 0.0104167 0.0391667 0.0208333
0 0.991667 0.92625 0.0166667 0.0341667
0 0.7125 0.194583 0.0466667 0.0575
0 0.67375 0.56625 0.0291667 0.0325
0 0.978333 0.08 0.0333333 0.0333333
0 0.3675 0.12625 0.0416667 0.0508333
0 0.38125 0.820417 0.0408333 0.0508333
0 0.14875 0.24625 0.0375 0.0441667
0 0.81625 0.919583 0.0441667 0.0475
0 0.00875 0.17625 0.0175 0.0425
0 0.0870833 0.7525 0.0475 0.055
0 0.08 0.47125 0.045 0.0525
0 0.300417 0.305417 0.0475 0.0541667
0 0.00666667 0.91125 0.0133333 0.0325
0 0.783333 0.28 0.0283333 0.03
0 0.634167 0.19625 0.035 0.0375
0 0.279167 0.2125 0.0433333 0.0466667
0 0.992083 0.145417 0.0158333 0.0358333
0 0.77375 0.105417 0.0425 0.0475
0 0.323333 0.45625 0.0383333 0.0475
0 0.406667 0.0741667 0.0333333 0.0383333
0 0.44375 0.0145833 0.0391667 0.0291667
0 0.923333 0.938333 0.0283333 0.0366667
0 0.78625 0.14 0.0291667 0.0333333
0 0.73125 0.318333 0.0391667 0.0433333
0 0.229583 0.55 0.0325 0.035
0 0.538333 0.409583 0.0383333 0.0425
0 0.0104167 0.61875 0.0208333 0.0408333
0 0.579583 0.439583 0.0425 0.0441667
0 0.622917 0.0270833 0.0408333 0.0458333
0 0.565417 0.550833 0.0325 0.035
0 0.3175 0.00875 0.0316667 0.0175
0 0.711667 0.397083 0.045 0.0475
0 0.115 0.00958333 0.0383333 0.0191667
0 0.24 0.810833 0.0433333 0.0416667
0 0.43375 0.851667 0.0358333 0.0383333
0 0.694167 0.28 0.045 0.0516667
0 0.206667 0.521667 0.0383333 0.0483333
0 0.377083 0.211667 0.0408333 0.045
0 0.525 0.515417 0.0416667 0.0475
0 0.0125 0.990833 0.025 0.0166667
0 0.279167 0.742917 0.0416667 0.0475
0 0.6425 0.155 0.0383333 0.0416667
0 0.74 0.895 0.0383333 0.0433333
0 0.170833 0.71875 0.045 0.0508333
0 0.26125 0.636667 0.0391667 0.05
0 0.642083 0.467083 0.0425 0.0508333
0 0.555833 0.2675 0.0416667 0.0483333
0 0.4525 0.67 0.0333333 0.0366667
0 0.62125 0.11125 0.0425 0.0475
0 0.89625 0.883333 0.0408333 0.045
0 0.528333 0.581667 0.04 0.045
0 0.757083 0.0525 0.0325 0.0333333
0 0.552917 0.317083 0.0441667 0.0441667
0 0.490417 0.2175 0.0441667 0.0466667
0 0.134167 0.559167 0.0416667 0.0466667
0 0.0766667 0.35 0.04 0.045
0 0.0191667 0.0766667 0.0383333 0.0466667
0 0.0820833 0.602917 0.0341667 0.0391667
0 0.874167 0.985417 0.0333333 0.0291667
0 0.787917 0.771667 0.0341667 0.035
0 0.442917 0.61 0.0408333 0.0483333
0 0.165833 0.450833 0.0416667 0.0466667
0 0.145 0.3525 0.0316667 0.0333333
0 0.90625 0.433333 0.0408333 0.0416667
0 0.340833 0.512917 0.0383333 0.0408333
0 0.787917 0.535833 0.0391667 0.0416667
0 0.85875 0.813333 0.0341667 0.0366667
0 0.29625 0.375833 0.0325 0.035
0 0.265 0.01125 0.035 0.0208333
0 0.319167 0.54375 0.0416667 0.0475
0 0.07375 0.981667 0.0358333 0.0366667
0 0.863333 0.767083 0.035 0.0375
0 0.0220833 0.122917 0.0391667 0.0408333
0 0.799583 0.31 0.0391667 0.0483333
0 0.505417 0.06125 0.0375 0.0425
0 0.87875 0.47625 0.0358333 0.0391667
0 0.234583 0.15125 0.0375 0.0458333
0 0.271667 0.434583 0.0383333 0.0425
0 0.437083 0.146667 0.0408333 0.0433333
0 0.63625 0.607917 0.0375 0.0408333
0 0.456667 0.5325 0.0416667 0.05
0 0.786667 0.3475 0.0366667 0.04
0 0.385417 0.375833 0.0358333 0.0383333
0 0.14125 0.07875 0.0325 0.0375
0 0.82 0.215833 0.0416667 0.0466667
0 0.65 0.931667 0.0283333 0.03
0 0.55875 0.6925 0.0341667 0.0366667
0 0.290833 0.0583333 0.0383333 0.0433333
0 0.00916667 0.347083 0.0183333 0.0408333
0 0.394583 0.29875 0.0375 0.0408333
0 0.144583 0.1725 0.0341667 0.04
0 0.163333 0.604167 0.04 0.0433333
0 0.32 0.668333 0.0366667 0.0433333
0 0.59375 0.517917 0.0308333 0.0341667
0 0.0491667 0.5275 0.04 0.045
0 0.06 0.805417 0.0333333 0.0358333
0 0.841667 0.3725 0.0383333 0.0416667
0 0.0691667 0.159583 0.035 0.0375
0 0.862083 0.0583333 0.0375 0.04
0 0.60125 0.924583 0.0341667 0.0375
0 0.07125 0.27125 0.0375 0.0425
0 0.0195833 0.671667 0.0341667 0.0366667
0 0.811667 0.482083 0.0366667 0.0425
0 0.860417 0.194583 0.0325 0.0341667
0 0.9675 0.7725 0.035 0.0383333
0 0.35875 0.704583 0.0358333 0.0408333
0 0.38125 0.425833 0.0375 0.0416667
0 0.465833 0.49625 0.0383333 0.0441667
0 0.06 0.0420833 0.035 0.0391667
0 0.629167 0.534167 0.0366667 0.0416667
0 0.2525 0.290833 0.04 0.0433333
0 0.209167 0.201667 0.0333333 0.0366667
0 0.15625 0.519583 0.0341667 0.0375
0 0.815 0.119583 0.0366667 0.0391667
0 0.714167 0.975 0.0366667 0.0383333
0 0.739167 0.1825 0.0316667 0.0333333
0 0.535833 0.234583 0.0383333 0.0408333
0 0.790417 0.947083 0.0341667 0.0391667
0 0.1825 0.572083 0.04 0.0458333
0 0.0275 0.2825 0.0366667 0.04
0 0.976667 0.251667 0.035 0.0383333
0 0.01125 0.21375 0.0225 0.0391667
0 0.115833 0.496667 0.0333333 0.0366667
0 0.6075 0.981667 0.03 0.0316667
0 0.385 0.555 0.0383333 0.0416667
0 0.3025 0.252917 0.0383333 0.0408333
0 0.0479167 0.5875 0.0358333 0.04
0 0.0929167 0.928333 0.0375 0.0416667
0 0.0770833 0.68625 0.0408333 0.0441667
0 0.23625 0.750417 0.0358333 0.0391667
0 0.0579167 0.233333 0.0341667 0.0366667
0 0.671667 0.608333 0.035 0.0383333
0 0.405417 0.47375 0.0341667 0.0358333
0 0.115417 0.0625 0.0358333 0.04
0 0.231667 0.895417 0.035 0.0358333
0 0.439583 0.74625 0.0341667 0.0391667
0 0.470417 0.289167 0.0325 0.0366667
0 0.617917 0.2925 0.0325 0.0366667
0 0.0183333 0.76875 0.0333333 0.0375
0 0.2175 0.404167 0.035 0.04
0 0.475 0.341667 0.035 0.035
0 0.887917 0.350833 0.0358333 0.0416667
0 0.985417 0.367083 0.0291667 0.0375
0 0.54 0.674167 0.0333333 0.0366667
0 0.119583 0.416667 0.0375 0.04
0 0.1375 0.84625 0.0316667 0.0341667
0 0.503333 0.728333 0.035 0.0366667
0 0.664583 0.38 0.0375 0.04
0 0.84875 0.411667 0.0375 0.04
0 0.0175 0.0129167 0.035 0.0258333
0 0.982917 0.6925 0.0341667 0.0383333
0 0.274167 0.848333 0.0333333 0.0333333
0 0.988333 0.309167 0.0233333 0.0366667
0 0.90625 0.1825 0.0341667 0.0383333
0 0.764167 0.4375 0.0366667 0.0383333
0 0.4325 0.565417 0.035 0.0408333
0 0.37 0.254583 0.0333333 0.0358333
0 0.229583 0.635417 0.0358333 0.0425
0 0.187917 0.63875 0.0391667 0.0475
0 0.345 0.795833 0.0366667 0.04
0 0.917917 0.140833 0.0341667 0.0383333
0 0.53 0.166667 0.0366667 0.04
0 0.2875 0.579167 0.0383333 0.04
0 0.114167 0.64125 0.0366667 0.0425
0 0.94375 0.36875 0.0358333 0.0391667
0 0.588333 0.4025 0.0366667 0.04
0 0.79875 0.2525 0.0358333 0.04
0 0.172917 0.219167 0.0325 0.0366667
0 0.119583 0.131667 0.0325 0.035
0 0.490833 0.626667 0.0333333 0.0366667
0 0.837917 0.440833 0.0341667 0.0366667
0 0.924583 0.0816667 0.0375 0.04
0 0.627083 0.249167 0.0325 0.035
0 0.430833 0.185 0.0383333 0.04
0 0.867917 0.274583 0.0341667 0.0358333
0 0.54625 0.0166667 0.0341667 0.0333333
0 0.957083 0.180833 0.0341667 0.0383333
0 0.165 0.300833 0.0333333 0.0366667
0 0.22 0.321667 0.0366667 0.04
0 0.193333 0.81375 0.0316667 0.0341667
0 0.32125 0.0729167 0.0358333 0.0408333
0 0.1675 0.665 0.0383333 0.0416667
0 0.18 0.120417 0.035 0.0391667
0 0.950833 0.4025 0.0333333 0.035
0 0.254167 0.49375 0.035 0.0391667
0 0.4 0.51375 0.0333333 0.0375
0 0.335833 0.232917 0.035 0.0408333
0 0.490833 0.48 0.0333333 0.04
0 0.0458333 0.368333 0.0366667 0.0416667
0 0.2075 0.9225 0.0316667 0.0333333
0 0.957917 0.299167 0.0341667 0.0366667
0 0.897917 0.305 0.0375 0.0416667
0 0.5625 0.62625 0.0366667 0.0391667
0 0.667917 0.98375 0.0341667 0.0325
0 0.163333 0.02 0.0333333 0.035
0 0.647917 0.42875 0.0358333 0.0408333
0 0.1825 0.375417 0.0366667 0.0391667
0 0.870417 0.239583 0.0325 0.0358333
0 0.96625 0.945833 0.0325 0.0333333
0 0.88875 0.94875 0.0358333 0.0391667
0 0.73375 0.579583 0.0341667 0.0375
0 0.47 0.189583 0.0366667 0.0391667
0 0.102083 0.5425 0.0341667 0.0383333
0 0.700833 0.522083 0.0366667 0.0391667
0 0.70625 0.477083 0.0375 0.0391667
0 0.34625 0.3125 0.0341667 0.0383333
0 0.53 0.453333 0.0316667 0.035
0 0.711667 0.244167 0.0333333 0.0383333
0 0.7 0.149167 0.0333333 0.0383333
0 0.4875 0.376667 0.0316667 0.0333333
