0 0.0808333 0.717917 0.0383333 0.0408333
0 0.803333 0.647083 0.035 0.0391667
0 0.995833 0.859167 0.00833333 0.0333333
0 0.717917 0.825417 0.0375 0.0408333
0 0.0191667 0.44875 0.0383333 0.0425
0 0.518333 0.722917 0.045 0.0458333
0 0.908333 0.950417 0.0266667 0.0291667
0 0.670417 0.1925 0.0291667 0.0316667
0 0.780417 0.79 0.0325 0.035
0 0.98875 0.5 0.0225 0.0383333
0 0.419583 0.00541667 0.0308333 0.0108333
0 0.894167 0.201667 0.0333333 0.0366667
0 0.44375 0.647083 0.0458333 0.0525
0 0.778333 0.5975 0.0333333 0.0383333
0 0.995 0.200417 0.01 0.0308333
0 0.962083 0.4925 0.0291667 0.03
0 0.147083 0.00916667 0.0358333 0.0183333
0 0.1275 0.13375 0.0416667 0.0475
0 0.180417 0.0229167 0.0391667 0.0458333
0 0.794167 0.3425 0.0316667 0.0333333
0 0.0570833 0.172917 0.0358333 0.0391667
0 0.97 0.395833 0.0333333 0.035
0 0.528333 0.5925 0.04 0.045
0 0.609167 0.84375 0.0316667 0.0341667
0 0.18 0.18 0.0283333 0.03
0 0.600833 0.7475 0.0383333 0.045
0 0.390833 0.734167 0.0366667 0.0433333
0 0.85625 0.521667 0.0408333 0.0466667
0 0.987917 0.581667 0.0241667 0.0283333
0 0.9625 0.85875 0.0266667 0.0275
0 0.601667 0.7 0.0283333 0.0316667
0 0.644167 0.798333 0.0366667 0.0383333
0 0.95125 0.218333 0.0308333 0.035
0 0.373333 0.765417 0.04 0.0425
0 0.595 0.452083 0.0433333 0.0475
0 0.420417 0.065 0.0325 0.035
0 0.99125 0.12 0.0158333 0.0333333
0 0.52375 0.986667 0.0291667 0.0266667
0 0.952917 0.665417 0.0358333 0.0391667
0 0.045 0.992083 0.0316667 0.0158333
0 0.3025 0.69125 0.045 0.0491667
0 0.0104167 0.845 0.0208333 0.0366667
0 0.738333 0.600833 0.0416667 0.0416667
0 0.282917 0.974583 0.0325 0.0375
0 0.795833 0.980833 0.0283333 0.0283333
0 0.907917 0.50125 0.0358333 0.0375
0 0.718333 0.682917 0.0316667 0.0341667
0 0.296667 0.61375 0.035 0.0375
0 0.36625 0.44125 0.0358333 0.0391667
0 0.442917 0.934167 0.0341667 0.0366667
0 0.08375 0.12875 0.0425 0.0491667
0 0.668333 0.828333 0.0366667 0.04
0 0.917083 0.762917 0.0391667 0.0408333
0 0.332917 0.826667 0.0375 0.045
0 0.643333 0.53625 0.04 0.0458333
0 0.256667 0.87125 0.0416667 0.0475
0 0.865 0.225 0.0433333 0.0533333
0 0.49625 0.46625 0.0441667 0.0525
0 0.552917 0.895833 0.0391667 0.0416667
0 0.78125 0.964167 0.0341667 0.035
0 0.4375 0.817917 0.0333333 0.0358333
0 0.71625 0.319167 0.0408333 0.0433333
0 0.0433333 0.0929167 0.0383333 0.0408333
0 0.177917 0.765833 0.0358333 0.0383333
0 0.260417 0.631667 0.0408333 0.045
0 0.572917 0.3175 0.0325 0.0366667
0 0.0879167 0.18125 0.0375 0.0441667
0 0.555833 0.505417 0.04 0.0475
0 0.09125 0.951667 0.0358333 0.0416667
0 0.648333 0.589583 0.035 0.0375
0 0.670417 0.97625 0.0358333 0.0408333
0 0.607917 0.396667 0.0341667 0.035
0 0.430417 0.595833 0.0408333 0.0466667
0 0.107917 0.2175 0.0408333 0.0433333
0 0.299583 0.740417 0.0425 0.0491667
0 0.790417 0.07 0.0308333 0.0316667
0 0.42875 0.908333 0.0341667 0.035
0 0.751667 0.665417 0.0283333 0.0308333
0 0.689583 0.269583 0.0358333 0.0391667
0 0.399167 0.842917 0.0383333 0.0425
0 0.627917 0.938333 0.0308333 0.03
0 0.751667 0.419167 0.035 0.035
0 0.850417 0.890833 0.0358333 0.04
0 0.14625 0.905 0.0341667 0.0366667
0 0.985833 0.90875 0.0283333 0.0375
0 0.574583 0.630833 0.0375 0.0383333
0 0.480833 0.56625 0.0366667 0.0375
0 0.0275 0.2325 0.035 0.04
0 0.601667 0.2875 0.0366667 0.04
0 0.339583 0.9875 0.0308333 0.0233333
0 0.78875 0.620833 0.0308333 0.0333333
0 0.212083 0.54125 0.0341667 0.0358333
0 0.190833 0.805 0.0316667 0.0333333
0 0.27875 0.907083 0.0341667 0.0391667
0 0.2575 0.135 0.035 0.0383333
0 0.11875 0.6325 0.0341667 0.0366667
0 0.984167 0.03625 0.03 0.0325
0 0.0458333 0.6925 0.0366667 0.045
0 0.472917 0.527917 0.0391667 0.0441667
0 0.675 0.678333 0.035 0.0383333
0 0.532083 0.40375 0.0375 0.0441667
0 0.569167 0.2125 0.0316667 0.0333333
0 0.83375 0.755417 0.0341667 0.0375
0 0.1475 0.65875 0.035 0.0391667
0 0.704583 0.55625 0.0375 0.0425
0 0.81625 0.911667 0.0291667 0.03
0 0.493333 0.933333 0.035 0.04
0 0.815417 0.553333 0.0358333 0.04
0 0.897083 0.357083 0.0325 0.0358333
0 0.802083 0.319167 0.0325 0.0366667
0 0.21375 0.735833 0.0375 0.04
0 0.685417 0.936667 0.0375 0.04
0 0.343333 0.881667 0.03 0.0333333
0 0.9825 0.53625 0.0333333 0.0375
0 0.55375 0.800833 0.0358333 0.04
0 0.42625 0.714583 0.0358333 0.0391667
0 0.738333 0.930417 0.035 0.0391667
0 0.185 0.24375 0.0366667 0.0408333
0 0.953333 0.633333 0.035 0.0366667
0 0.877083 0.3875 0.0308333 0.035
0 0.7275 0.2425 0.03 0.0333333
0 0.51625 0.547083 0.0341667 0.0375
0 0.3075 0.450417 0.0333333 0.0358333
0 0.989583 0.739583 0.0191667 0.0375
0 0.0425 0.350417 0.035 0.0358333
0 0.0304167 0.96375 0.0308333 0.0341667
0 0.915417 0.574167 0.0358333 0.04
0 0.125833 0.790417 0.0366667 0.0391667
0 0.265 0.0266667 0.0333333 0.035
0 0.832917 0.255 0.0358333 0.0383333
0 0.0666667 0.253333 0.0316667 0.0333333
0 0.646667 0.907083 0.0333333 0.0341667
0 0.657917 0.489583 0.0358333 0.0391667
0 0.620417 0.469583 0.0341667 0.0375
0 0.863333 0.694167 0.035 0.0383333
0 0.185 0.971667 0.0333333 0.0366667
0 0.152083 0.32875 0.0291667 0.0308333
0 0.42375 0.779583 0.0358333 0.0375
0 0.65125 0.27375 0.0358333 0.0391667
0 0.48375 0.7925 0.0325 0.0366667
0 0.219167 0.07125 0.0366667 0.0408333
0 0.299167 0.0795833 0.0366667 0.0391667
0 0.886667 0.27 0.035 0.0383333
0 0.784167 0.82125 0.035 0.0375
0 0.025 0.865 0.035 0.0383333
0 0.589583 0.922917 0.0391667 0.0408333
0 0.800833 0.212083 0.0316667 0.0358333
0 0.517917 0.849167 0.0358333 0.0383333
0 0.695417 0.759583 0.0341667 0.0358333
0 0.929583 0.204583 0.0325 0.0358333
0 0.610417 0.567917 0.0325 0.0358333
0 0.731667 0.875833 0.035 0.0383333
0 0.97625 0.153333 0.0325 0.035
0 0.410833 0.42875 0.0316667 0.0358333
0 0.7375 0.370417 0.035 0.0391667
0 0.948333 0.345417 0.0333333 0.0358333
0 0.615833 0.665833 0.0333333 0.0366667
0 0.324583 0.544167 0.0358333 0.0383333
0 0.329583 0.152917 0.0325 0.0358333
0 0.956667 0.29375 0.0366667 0.0391667
0 0.730417 0.990417 0.0358333 0.0175
0 0.915417 0.836667 0.0358333 0.0383333
0 0.82625 0.38875 0.0391667 0.0425
0 0.103333 0.263333 0.0333333 0.0366667
0 0.354583 0.58625 0.0375 0.0391667
0 0.287083 0.227917 0.0308333 0.0341667
0 0.229583 0.69625 0.0341667 0.0358333
0 0.730833 0.150833 0.03 0.0333333
0 0.37375 0.69375 0.0375 0.0425
0 0.7675 0.511667 0.035 0.0383333
0 0.35375 0.50125 0.0358333 0.0375
0 0.185833 0.12375 0.0333333 0.0358333
0 0.739583 0.45875 0.0358333 0.0358333
0 0.81375 0.154167 0.0341667 0.0383333
0 0.9275 0.152917 0.035 0.0375
0 0.884583 0.65375 0.0358333 0.0358333
0 0.697083 0.475833 0.0341667 0.0383333
0 0.07625 0.34875 0.0325 0.0358333
0 0.365417 0.630833 0.0375 0.0433333
0 0.0670833 0.888333 0.0325 0.035
0 0.65 0.380833 0.0333333 0.035
0 0.04625 0.775417 0.0358333 0.0375
0 0.396667 0.8975 0.03 0.0333333
0 0.90125 0.984167 0.0325 0.0316667
0 0.6775 0.6075 0.0333333 0.0366667
0 0.47125 0.851667 0.0341667 0.0366667
0 0.477917 0.0229167 0.0308333 0.0325
0 0.55 0.554167 0.0366667 0.04
0 0.88 0.123333 0.035 0.0366667
0 0.840833 0.457083 0.0333333 0.0358333
0 0.07 0.0525 0.0316667 0.035
0 0.9 0.0804167 0.0333333 0.0358333
0 0.292917 0.783333 0.0325 0.0366667
0 0.870417 0.591667 0.0358333 0.0366667
0 0.925417 0.0375 0.0291667 0.0316667
0 0.0741667 0.809583 0.0333333 0.0358333
0 0.400417 0.52125 0.0341667 0.0391667
0 0.364583 0.917917 0.0325 0.0358333
0 0.44875 0.463333 0.0325 0.0383333
