0 0.75875 0.1125 0.0341667 0.0366667
0 0.982083 0.270417 0.0241667 0.0225
0 0.493333 0.416667 0.04 0.045
0 0.829167 0.16125 0.0366667 0.0408333
0 0.96875 0.712083 0.0358333 0.0358333
0 0.04875 0.377083 0.0275 0.0291667
0 0.805833 0.466667 0.04 0.045
0 0.822083 0.51875 0.0358333 0.0391667
0 0.497917 0.367083 0.0391667 0.0391667
0 0.0470833 0.138333 0.0375 0.045
0 0.219167 0.92 0.035 0.0366667
0 0.0583333 0.79 0.035 0.0366667
0 0.827083 0.0104167 0.0291667 0.0208333
0 0.005 0.905833 0.01 0.0283333
0 0.00875 0.424583 0.0175 0.0325
0 0.650833 0.2875 0.035 0.0383333
0 0.328333 0.7675 0.03 0.0316667
0 0.13625 0.555417 0.0358333 0.0375
0 0.4225 0.965 0.0366667 0.0416667
0 0.36875 0.475 0.0341667 0.035
0 0.552083 0.883333 0.0308333 0.0333333
0 0.76375 0.815 0.0441667 0.0483333
0 0.319583 0.344167 0.0358333 0.0383333
0 0.00666667 0.0479167 0.0133333 0.0275
0 0.1675 0.932917 0.0283333 0.0308333
0 0.78875 0.71625 0.0375 0.0408333
0 0.43875 0.990417 0.0291667 0.0191667
0 0.8925 0.626667 0.035 0.04
0 0.96625 0.60125 0.0341667 0.0391667
0 0.01125 0.31125 0.0225 0.0425
0 0.307083 0.373333 0.0325 0.0333333
0 0.675 0.13375 0.035 0.0391667
0 0.315417 0.140417 0.0358333 0.0408333
0 0.47375 0.607083 0.0325 0.0358333
0 0.992083 0.855 0.0158333 0.035
0 0.135417 0.90375 0.0341667 0.0375
0 0.0925 0.837917 0.035 0.0391667
0 0.885 0.22625 0.04 0.0441667
0 0.100833 0.984167 0.0316667 0.03
0 0.364583 0.349167 0.0408333 0.0466667
0 0.26 0.52125 0.0333333 0.0341667
0 0.00791667 0.745 0.0158333 0.0333333
0 0.135 0.6275 0.0316667 0.0333333
0 0.124167 0.690417 0.0383333 0.0391667
0 0.0470833 0.525833 0.0375 0.045
0 0.6325 0.0358333 0.035 0.0383333
0 0.791667 0.242083 0.04 0.0441667
0 0.793333 0.822917 0.0383333 0.0425
0 0.685833 0.919583 0.0416667 0.0441667
0 0.8 0.379167 0.0366667 0.04
0 0.66375 0.87375 0.0391667 0.0475
0 0.0508333 0.237917 0.0333333 0.0375
0 0.115417 0.173333 0.0391667 0.0433333
0 0.97 0.791667 0.03 0.0316667
0 0.90875 0.69375 0.0358333 0.0375
0 0.722917 0.08625 0.0408333 0.0441667
0 0.662083 0.443333 0.0341667 0.0366667
0 0.105833 0.477083 0.0366667 0.0375
0 0.903333 0.879167 0.03 0.0316667
0 0.0179167 0.198333 0.0358333 0.04
0 0.87125 0.125833 0.0325 0.035
0 0.840833 0.964583 0.0383333 0.0391667
0 0.184583 0.309583 0.0375 0.0391667
0 0.685833 0.290417 0.0316667 0.0375
0 0.04375 0.175417 0.0358333 0.0391667
0 0.352917 0.0770833 0.0325 0.0375
0 0.762083 0.015 0.0358333 0.03
0 0.560833 0.535 0.0383333 0.045
0 0.205417 0.699167 0.0375 0.0383333
0 0.312083 0.270833 0.0275 0.0283333
0 0.64125 0.1575 0.0375 0.04
0 0.825417 0.277083 0.0408333 0.0458333
0 0.422083 0.417083 0.0358333 0.0391667
0 0.38625 0.569583 0.0358333 0.0391667
0 0.0608333 0.570417 0.0366667 0.0375
0 0.632917 0.772083 0.0325 0.0341667
0 0.258333 0.437083 0.0333333 0.0375
0 0.305 0.515417 0.035 0.0358333
0 0.142083 0.428333 0.0341667 0.035
0 0.40875 0.30375 0.0341667 0.0375
0 0.177917 0.37875 0.0375 0.0425
0 0.305417 0.20375 0.0408333 0.0458333
0 0.184583 0.43 0.0375 0.0383333
0 0.489167 0.127083 0.035 0.0391667
0 0.237083 0.105417 0.0341667 0.0375
0 0.5725 0.42 0.0316667 0.0333333
0 0.49 0.580833 0.0366667 0.04
0 0.32125 0.574583 0.0275 0.0291667
0 0.975417 0.7475 0.0325 0.0366667
0 0.331667 0.0141667 0.0383333 0.0283333
0 0.912917 0.795417 0.0325 0.0341667
0 0.194167 0.06125 0.0383333 0.0458333
0 0.778333 0.86875 0.035 0.0358333
0 0.144167 0.100417 0.0366667 0.0408333
0 0.955833 0.270833 0.03 0.0316667
0 0.6875 0.17125 0.0333333 0.0358333
0 0.874167 0.811667 0.0366667 0.0433333
0 0.3425 0.681667 0.03 0.0316667
0 0.0129167 0.876667 0.0258333 0.0416667
0 0.0708333 0.870417 0.0383333 0.0425
0 0.0916667 0.913333 0.0366667 0.04
0 0.952917 0.299583 0.0358333 0.0391667
0 0.986667 0.0158333 0.0266667 0.0316667
0 0.56625 0.09875 0.0375 0.0408333
0 0.107083 0.334583 0.0358333 0.0375
0 0.615417 0.2075 0.0375 0.04
0 0.48625 0.50125 0.0341667 0.0391667
0 0.608333 0.38125 0.0366667 0.0391667
0 0.544167 0.154583 0.0333333 0.0375
0 0.279167 0.3975 0.0366667 0.04
0 0.6275 0.53875 0.0383333 0.0391667
0 0.5675 0.463333 0.0316667 0.035
0 0.904167 0.0125 0.0316667 0.025
0 0.207083 0.0145833 0.0391667 0.0291667
0 0.587917 0.35375 0.0375 0.0408333
0 0.17375 0.14625 0.0375 0.0408333
0 0.977083 0.97625 0.0358333 0.0391667
0 0.100417 0.015 0.0358333 0.03
0 0.495417 0.938333 0.0341667 0.035
0 0.93875 0.0841667 0.0341667 0.035
0 0.455 0.269583 0.0383333 0.0458333
0 0.58625 0.307917 0.0325 0.0358333
0 0.423333 0.732917 0.0366667 0.0375
0 0.396667 0.0658333 0.0366667 0.04
0 0.71875 0.23 0.0375 0.04
0 0.965833 0.902917 0.0333333 0.0341667
0 0.959583 0.185833 0.0358333 0.04
0 0.51625 0.462917 0.0325 0.0375
0 0.78 0.16125 0.0316667 0.0358333
0 0.08375 0.72625 0.0391667 0.0425
0 0.725417 0.137917 0.0341667 0.0358333
0 0.214167 0.612083 0.03 0.0308333
0 0.468333 0.365417 0.035 0.0391667
0 0.365833 0.714167 0.0383333 0.0433333
0 0.218333 0.48875 0.035 0.0358333
0 0.544167 0.213333 0.0333333 0.035
0 0.217083 0.7475 0.0358333 0.0366667
0 0.331667 0.612917 0.0316667 0.0341667
0 0.26125 0.13625 0.0358333 0.0391667
0 0.682083 0.3725 0.0325 0.035
0 0.209583 0.864583 0.0341667 0.0358333
0 0.432083 0.1725 0.0358333 0.0383333
0 0.425833 0.685833 0.0333333 0.0366667
0 0.259583 0.583333 0.0325 0.0333333
0 0.45 0.0925 0.0366667 0.04
0 0.509583 0.0408333 0.0325 0.035
0 0.752083 0.23875 0.0325 0.0341667
0 0.95625 0.829583 0.0325 0.0358333
0 0.12875 0.0308333 0.0375 0.04
0 0.260833 0.662083 0.03 0.0325
0 0.142083 0.7725 0.0358333 0.04
0 0.900417 0.962917 0.0308333 0.0325
0 0.401667 0.519583 0.0333333 0.0358333
0 0.615 0.94625 0.035 0.0358333
0 0.92625 0.917083 0.0325 0.0375
0 0.331667 0.103333 0.035 0.0366667
0 0.330833 0.05625 0.0316667 0.0341667
0 0.84625 0.834583 0.0325 0.0358333
0 0.285417 0.634167 0.0291667 0.03
0 0.4225 0.347083 0.035 0.0375
0 0.344167 0.302083 0.0316667 0.0341667
0 0.228333 0.154167 0.0333333 0.0366667
0 0.0170833 0.3475 0.0341667 0.0366667
0 0.161667 0.251667 0.0316667 0.035
0 0.805417 0.950417 0.0358333 0.0375
0 0.717083 0.34375 0.0358333 0.0375
0 0.0941667 0.58625 0.0333333 0.0341667
0 0.970833 0.055 0.0366667 0.0383333
0 0.545417 0.97 0.0291667 0.03
0 0.749583 0.914583 0.0341667 0.0375
0 0.43875 0.529583 0.0308333 0.0325
0 0.260417 0.01625 0.0341667 0.0325
0 0.259167 0.0716667 0.0383333 0.0416667
0 0.0991667 0.09375 0.0316667 0.0358333
0 0.8 0.0783333 0.035 0.04
0 0.152083 0.326667 0.0358333 0.04
0 0.194583 0.206667 0.0341667 0.0383333
0 0.401667 0.21375 0.035 0.0391667
0 0.0616667 0.0625 0.035 0.0383333
0 0.112083 0.284583 0.0341667 0.0375
0 0.04375 0.959167 0.0308333 0.0316667
0 0.417083 0.0133333 0.0358333 0.025
0 0.171667 0.0333333 0.0333333 0.0383333
0 0.02 0.11125 0.0333333 0.0375
