0 0.878333 0.595 0.0266667 0.0316667
0 0.979167 0.100417 0.0283333 0.0341667
0 0.641667 0.177083 0.0366667 0.0425
0 0.98625 0.365417 0.0275 0.0375
0 0.950833 0.325 0.035 0.0366667
0 0.109167 0.898333 0.0316667 0.0333333
0 0.83125 0.882917 0.0325 0.0341667
0 0.165833 0.79375 0.04 0.0408333
0 0.99375 0.788333 0.0125 0.0316667
0 0.01625 0.627917 0.0291667 0.0375
0 0.26625 0.985833 0.0375 0.0283333
0 0.445417 0.459583 0.0341667 0.0358333
0 0.92 0.91 0.0316667 0.035
0 0.697083 0.105833 0.0408333 0.0466667
0 0.55375 0.212083 0.0375 0.0391667
0 0.99375 0.595417 0.0125 0.0308333
0 0.424167 0.51 0.035 0.0366667
0 0.579583 0.226667 0.0391667 0.045
0 0.900417 0.830833 0.0341667 0.0366667
0 0.815 0.642083 0.035 0.0391667
0 0.99 0.274583 0.02 0.0408333
0 0.197917 0.562917 0.0375 0.0391667
0 0.115833 0.00958333 0.0366667 0.0191667
0 0.729583 0.0116667 0.0375 0.0233333
0 0.57875 0.652917 0.0391667 0.0475
0 0.69 0.514583 0.0333333 0.0375
0 0.0433333 0.838333 0.0333333 0.0383333
0 0.81375 0.00916667 0.0325 0.0183333
0 0.0120833 0.160833 0.0241667 0.0316667
0 0.00583333 0.0154167 0.0116667 0.0291667
0 0.948333 0.639583 0.04 0.0425
0 0.555833 0.30875 0.045 0.0475
0 0.0408333 0.5625 0.0383333 0.0416667
0 0.434167 0.538333 0.0316667 0.0333333
0 0.04 0.754167 0.0433333 0.0466667
0 0.321667 0.372917 0.0383333 0.0425
0 0.815417 0.160833 0.0358333 0.0366667
0 0.823333 0.0379167 0.035 0.0425
0 0.35 0.978333 0.035 0.0366667
0 0.995 0.517083 0.01 0.0308333
0 0.0533333 0.937917 0.0316667 0.0325
0 0.877083 0.695 0.0341667 0.0366667
0 0.399167 0.957917 0.04 0.0425
0 0.519167 0.904583 0.0283333 0.0341667
0 0.7075 0.643333 0.0333333 0.035
0 0.580833 0.935417 0.035 0.0408333
0 0.785833 0.10125 0.0366667 0.0425
0 0.6225 0.345417 0.0316667 0.0325
0 0.176667 0.398333 0.0383333 0.0433333
0 0.355417 0.631667 0.0375 0.04
0 0.300833 0.94625 0.0316667 0.0341667
0 0.696667 0.746667 0.04 0.0433333
0 0.622083 0.450833 0.0425 0.0483333
0 0.308333 0.840833 0.0383333 0.0416667
0 0.519583 0.649583 0.0358333 0.0441667
0 0.390833 0.530417 0.0316667 0.0341667
0 0.47375 0.47375 0.0375 0.0441667
0 0.34875 0.489167 0.0375 0.04
0 0.801667 0.93125 0.0333333 0.0358333
0 0.592083 0.80875 0.0425 0.0441667
0 0.604583 0.53875 0.0391667 0.0475
0 0.59 0.400833 0.0366667 0.04
0 0.8525 0.654583 0.0383333 0.0458333
0 0.7925 0.465 0.0416667 0.045
0 0.904583 0.515417 0.0275 0.0291667
0 0.829583 0.34375 0.0391667 0.0441667
0 0.0941667 0.72375 0.0433333 0.0441667
0 0.908333 0.793333 0.0416667 0.0433333
0 0.525833 0.482083 0.035 0.0375
0 0.86125 0.18 0.0325 0.0366667
0 0.602917 0.278333 0.0375 0.0416667
0 0.304583 0.710833 0.0308333 0.0333333
0 0.64875 0.788333 0.0391667 0.0433333
0 0.514167 0.981667 0.025 0.0283333
0 0.752917 0.95125 0.0325 0.0391667
0 0.223333 0.462083 0.04 0.0441667
0 0.39625 0.771667 0.0308333 0.0316667
0 0.484583 0.329583 0.0341667 0.0375
0 0.619583 0.755 0.0308333 0.0333333
0 0.672083 0.813333 0.0358333 0.0366667
0 0.454167 0.70125 0.0333333 0.0358333
0 0.49625 0.385417 0.0375 0.0425
0 0.627083 0.992083 0.0275 0.0158333
0 0.50375 0.797083 0.0375 0.0425
0 0.451667 0.6425 0.03 0.0316667
0 0.855417 0.557917 0.0391667 0.0425
0 0.274167 0.430417 0.0383333 0.0408333
0 0.0195833 0.81875 0.0375 0.0425
0 0.0741667 0.0341667 0.0366667 0.04
0 0.8425 0.7775 0.0366667 0.04
0 0.55875 0.730417 0.0375 0.0425
0 0.452917 0.262083 0.0358333 0.0391667
0 0.41875 0.365 0.0391667 0.0433333
0 0.892917 0.927083 0.0408333 0.0475
0 0.434167 0.68625 0.0266667 0.0275
0 0.130417 0.559583 0.0391667 0.0408333
0 0.44 0.395833 0.0383333 0.04
0 0.963333 0.140417 0.0316667 0.0325
0 0.6875 0.352083 0.0366667 0.0375
0 0.424583 0.586667 0.0291667 0.0333333
0 0.631667 0.372083 0.035 0.0408333
0 0.24125 0.868333 0.0358333 0.04
0 0.489167 0.55125 0.0366667 0.0375
0 0.191667 0.433333 0.0333333 0.0366667
0 0.82375 0.96875 0.0358333 0.0391667
0 0.58 0.764167 0.03 0.0316667
0 0.62625 0.707917 0.0358333 0.0391667
0 0.715833 0.427083 0.035 0.0375
0 0.1575 0.632917 0.0366667 0.0391667
0 0.489583 0.63375 0.0308333 0.0341667
0 0.21375 0.06 0.0375 0.0433333
0 0.23875 0.52 0.0391667 0.0433333
0 0.947083 0.875833 0.0375 0.0416667
0 0.975 0.460417 0.03 0.0325
0 0.149167 0.85875 0.04 0.0425
0 0.841667 0.26875 0.0416667 0.0441667
0 0.56875 0.511667 0.0375 0.0416667
0 0.045 0.6975 0.0383333 0.04
0 0.281667 0.74625 0.0366667 0.0441667
0 0.118333 0.085 0.035 0.0383333
0 0.172083 0.705 0.0375 0.04
0 0.467083 0.531667 0.0341667 0.0366667
0 0.0733333 0.784167 0.0316667 0.035
0 0.0516667 0.119167 0.035 0.0383333
0 0.457083 0.74125 0.0308333 0.0325
0 0.969583 0.73125 0.0358333 0.0391667
0 0.77875 0.318333 0.0358333 0.0383333
0 0.67125 0.442083 0.0341667 0.0375
0 0.727083 0.285 0.0291667 0.0316667
0 0.394583 0.61 0.0375 0.04
0 0.727917 0.52 0.0375 0.0416667
0 0.42125 0.750833 0.0325 0.035
0 0.93125 0.47875 0.0325 0.0358333
0 0.275833 0.905417 0.0366667 0.0391667
0 0.10625 0.18 0.0308333 0.0333333
0 0.89375 0.75125 0.0375 0.0408333
0 0.640833 0.299167 0.035 0.0383333
0 0.665 0.600417 0.035 0.0408333
0 0.669583 0.660417 0.0341667 0.0358333
0 0.747917 0.85 0.0341667 0.0366667
0 0.750417 0.161667 0.0308333 0.0333333
0 0.571667 0.446667 0.0383333 0.0416667
0 0.25875 0.790417 0.0391667 0.0425
0 0.498333 0.295833 0.035 0.04
0 0.720417 0.154167 0.0341667 0.0366667
0 0.675417 0.90375 0.0341667 0.0358333
0 0.735417 0.368333 0.0325 0.035
0 0.1375 0.0541667 0.0333333 0.0366667
0 0.175417 0.75875 0.0341667 0.0358333
0 0.385417 0.8075 0.0375 0.0383333
0 0.46875 0.943333 0.0341667 0.0366667
0 0.937917 0.420417 0.0408333 0.0425
0 0.28 0.524583 0.035 0.0375
0 0.460417 0.869167 0.0341667 0.035
0 0.75875 0.752083 0.0375 0.0408333
0 0.01625 0.235 0.0308333 0.035
0 0.339167 0.783333 0.0366667 0.0416667
0 0.954167 0.54375 0.0333333 0.0391667
0 0.790417 0.20625 0.0375 0.0408333
0 0.09125 0.921667 0.0358333 0.0366667
0 0.389167 0.46125 0.035 0.0375
0 0.01625 0.93375 0.0325 0.0358333
0 0.952917 0.075 0.0325 0.035
0 0.854167 0.23125 0.0366667 0.0375
0 0.899167 0.285 0.0366667 0.045
0 0.641667 0.850417 0.0333333 0.0358333
0 0.382917 0.687083 0.0341667 0.0341667
0 0.529583 0.749167 0.0325 0.0366667
0 0.2825 0.0120833 0.0333333 0.0225
0 0.850417 0.944167 0.0325 0.0366667
0 0.709583 0.305833 0.0341667 0.0366667
0 0.405833 0.913333 0.0333333 0.035
0 0.930417 0.0154167 0.0325 0.0308333
0 0.220417 0.829583 0.0375 0.0408333
0 0.201667 0.916667 0.0316667 0.0333333
0 0.804167 0.82125 0.0283333 0.0308333
0 0.669167 0.234583 0.035 0.0391667
0 0.200417 0.962917 0.0325 0.0375
0 0.105 0.985 0.035 0.03
0 0.877917 0.139583 0.0358333 0.0391667
0 0.0583333 0.599583 0.0316667 0.0358333
0 0.820833 0.423333 0.0316667 0.0333333
0 0.556667 0.893333 0.035 0.0366667
0 0.167083 0.015 0.0358333 0.0283333
0 0.906667 0.59 0.035 0.0366667
0 0.764167 0.28 0.0366667 0.04
0 0.4675 0.77 0.0316667 0.035
0 0.2325 0.9075 0.0333333 0.0366667
0 0.7975 0.52875 0.0366667 0.0408333
0 0.510417 0.420417 0.0341667 0.0358333
0 0.81125 0.7025 0.0358333 0.0416667
0 0.734583 0.900417 0.0341667 0.0358333
0 0.742083 0.606667 0.0341667 0.0366667
0 0.92125 0.215833 0.0308333 0.0333333
0 0.72 0.236667 0.0366667 0.0383333
0 0.1375 0.4925 0.0316667 0.035
0 0.562917 0.572083 0.0358333 0.0391667
0 0.10375 0.84 0.0341667 0.0366667
0 0.719583 0.78 0.0325 0.035
0 0.839583 0.604167 0.0358333 0.0383333
0 0.625833 0.893333 0.0316667 0.0333333
0 0.929583 0.680833 0.0341667 0.0383333
0 0.977917 0.835833 0.0341667 0.035
0 0.8725 0.437083 0.0366667 0.0391667
0 0.701667 0.58625 0.035 0.0391667
0 0.175417 0.54 0.0308333 0.0333333
0 0.6875 0.707083 0.03 0.0308333
0 0.760833 0.65375 0.035 0.0391667
0 0.37 0.718333 0.0333333 0.035
0 0.695833 0.40125 0.0333333 0.0358333
0 0.744583 0.469583 0.0341667 0.0375
0 0.514583 0.69125 0.0325 0.0341667
0 0.298333 0.627917 0.0316667 0.0341667
0 0.70375 0.055 0.0325 0.0366667
0 0.8925 0.0720833 0.035 0.0375
