0 0.610417 0.211667 0.0325 0.035
0 0.00458333 0.186667 0.00916667 0.0333333
0 0.94375 0.993333 0.0341667 0.0133333
0 0.00583333 0.0166667 0.0116667 0.0316667
0 0.949583 0.719583 0.0441667 0.0475
0 0.390833 0.00833333 0.0383333 0.0166667
0 0.624167 0.9375 0.0333333 0.0383333
0 0.37625 0.639583 0.0425 0.0541667
0 0.0883333 0.422917 0.03 0.0325
0 0.725 0.180833 0.0316667 0.035
0 0.668333 0.180417 0.0433333 0.0525
0 0.09125 0.204583 0.0291667 0.0341667
0 0.916667 0.03875 0.0316667 0.0325
0 0.9825 0.06625 0.0283333 0.0308333
0 0.973333 0.835 0.045 0.0466667
0 0.5125 0.0783333 0.0416667 0.045
0 0.26375 0.135833 0.0391667 0.045
0 0.669583 0.0283333 0.0441667 0.0533333
0 0.827083 0.785417 0.0391667 0.0491667
0 0.649583 0.12875 0.0325 0.0375
0 0.872917 0.700833 0.0425 0.045
0 0.329167 0.73875 0.0416667 0.0491667
0 0.43375 0.0379167 0.0358333 0.0391667
0 0.84875 0.651667 0.0358333 0.0416667
0 0.8625 0.0383333 0.04 0.0433333
0 0.13875 0.201667 0.0291667 0.0316667
0 0.594167 0.95875 0.0433333 0.0441667
0 0.6625 0.404583 0.0383333 0.0475
0 0.79875 0.869583 0.0391667 0.0441667
0 0.87875 0.764583 0.0291667 0.0341667
0 0.268333 0.0833333 0.03 0.0333333
0 0.902917 0.547917 0.0375 0.0408333
0 0.784583 0.91125 0.0425 0.0491667
0 0.261667 0.01 0.035 0.02
0 0.567917 0.1775 0.0358333 0.0366667
0 0.889167 0.142917 0.0366667 0.0441667
0 0.298333 0.05625 0.0466667 0.0541667
0 0.16625 0.3725 0.0425 0.05
0 0.93375 0.933333 0.0375 0.0416667
0 0.728333 0.897917 0.0416667 0.0475
0 0.659167 0.223333 0.03 0.0316667
0 0.788333 0.00958333 0.035 0.0191667
0 0.977083 0.479167 0.0391667 0.0433333
0 0.111667 0.05375 0.035 0.0391667
0 0.886667 0.96125 0.035 0.0391667
0 0.953333 0.178333 0.035 0.04
0 0.05625 0.2075 0.0391667 0.04
0 0.19875 0.05375 0.0358333 0.0441667
0 0.51375 0.35625 0.0325 0.0375
0 0.24625 0.671667 0.0375 0.04
0 0.545417 0.216667 0.0341667 0.0383333
0 0.232083 0.361667 0.0391667 0.0466667
0 0.0270833 0.1025 0.0358333 0.0416667
0 0.3325 0.639167 0.035 0.0416667
0 0.325417 0.522917 0.0375 0.0458333
0 0.605 0.0195833 0.04 0.0391667
0 0.53 0.396667 0.0383333 0.0433333
0 0.358333 0.585 0.0383333 0.0433333
0 0.569167 0.349583 0.035 0.0391667
0 0.155 0.479167 0.0383333 0.0416667
0 0.703333 0.0891667 0.0366667 0.045
0 0.440417 0.326667 0.0375 0.045
0 0.457083 0.482083 0.0375 0.0441667
0 0.779583 0.79625 0.0358333 0.0408333
0 0.517083 0.889167 0.0391667 0.0433333
0 0.512083 0.23375 0.0375 0.0425
0 0.290417 0.276667 0.0375 0.0416667
0 0.18875 0.58375 0.0341667 0.0408333
0 0.774583 0.1475 0.0391667 0.04
0 0.831667 0.197917 0.0333333 0.0375
0 0.9825 0.750833 0.035 0.0366667
0 0.626667 0.09625 0.04 0.0425
0 0.3175 0.0154167 0.0366667 0.0308333
0 0.792083 0.05625 0.0358333 0.0408333
0 0.97125 0.64625 0.0358333 0.0425
0 0.563333 0.957917 0.0333333 0.0358333
0 0.740833 0.0183333 0.035 0.0366667
0 0.5775 0.851667 0.035 0.0383333
0 0.894167 0.805 0.0383333 0.0416667
0 0.320833 0.36375 0.0316667 0.0375
0 0.143333 0.528333 0.0333333 0.0366667
0 0.296667 0.349583 0.03 0.0341667
0 0.298333 0.6175 0.0383333 0.0433333
0 0.602917 0.873333 0.0408333 0.0466667
0 0.0291667 0.259583 0.035 0.0391667
0 0.442083 0.385833 0.0375 0.04
0 0.487917 0.315 0.0325 0.035
0 0.960417 0.548333 0.0308333 0.035
0 0.8175 0.11875 0.0316667 0.0341667
0 0.807917 0.224167 0.0375 0.0383333
0 0.6275 0.168333 0.0333333 0.0366667
0 0.572083 0.110417 0.0358333 0.0408333
0 0.78875 0.265833 0.0358333 0.0383333
0 0.670417 0.260417 0.0358333 0.0391667
0 0.327083 0.4 0.0375 0.0416667
0 0.405417 0.55625 0.0358333 0.0391667
0 0.02625 0.292917 0.0325 0.0375
0 0.92 0.877917 0.0366667 0.0391667
0 0.724583 0.987083 0.0375 0.0258333
0 0.400417 0.725417 0.0358333 0.0375
0 0.600417 0.413333 0.0375 0.0416667
0 0.647917 0.312083 0.0375 0.0408333
0 0.910833 0.105417 0.035 0.0375
0 0.585833 0.375417 0.0383333 0.0425
0 0.134167 0.250833 0.0383333 0.0416667
0 0.7375 0.1125 0.035 0.0383333
0 0.0629167 0.285 0.0341667 0.0366667
0 0.861667 0.177917 0.035 0.0375
0 0.589583 0.23125 0.0391667 0.0425
0 0.660833 0.909167 0.0383333 0.0416667
0 0.255833 0.180833 0.0366667 0.0383333
0 0.256667 0.296667 0.0383333 0.0416667
0 0.825833 0.85625 0.035 0.0391667
0 0.190833 0.01125 0.0366667 0.0225
0 0.638333 0.351667 0.0366667 0.0433333
0 0.314167 0.187917 0.035 0.0391667
0 0.484167 0.936667 0.04 0.045
0 0.520833 0.595417 0.0316667 0.0341667
0 0.605 0.281667 0.0333333 0.035
0 0.38625 0.0979167 0.0375 0.0441667
0 0.2425 0.503333 0.03 0.0333333
0 0.4625 0.190833 0.0333333 0.0366667
0 0.475 0.432917 0.0366667 0.0391667
0 0.576667 0.455417 0.0366667 0.0425
0 0.198333 0.245417 0.04 0.0441667
0 0.930833 0.810417 0.0366667 0.0425
0 0.38375 0.454583 0.0358333 0.0375
0 0.33125 0.48125 0.0375 0.0425
0 0.124167 0.356667 0.0333333 0.0366667
0 0.7175 0.3825 0.0366667 0.0383333
0 0.377917 0.405417 0.0375 0.0408333
0 0.85 0.263333 0.0333333 0.0366667
0 0.7325 0.24375 0.035 0.0408333
0 0.176667 0.12125 0.0316667 0.0341667
0 0.480833 0.525833 0.03 0.0316667
0 0.693333 0.966667 0.0316667 0.0333333
0 0.357083 0.210417 0.0325 0.0391667
0 0.201667 0.181667 0.0333333 0.0366667
0 0.213333 0.119167 0.0366667 0.0416667
0 0.164167 0.283333 0.035 0.04
0 0.545 0.5525 0.0333333 0.035
0 0.0591667 0.0354167 0.035 0.0408333
0 0.247083 0.556667 0.0325 0.0366667
0 0.852917 0.07375 0.0375 0.0391667
0 0.385833 0.23375 0.0366667 0.0425
0 0.165417 0.167917 0.0358333 0.0408333
0 0.179167 0.32125 0.0366667 0.0391667
0 0.240833 0.0483333 0.035 0.0383333
0 0.347917 0.358333 0.0325 0.0366667
0 0.31 0.11 0.0366667 0.0416667
0 0.230833 0.446667 0.0366667 0.04
0 0.0875 0.126667 0.035 0.0383333
0 0.437083 0.274167 0.0341667 0.0383333
