0 0.00541667 0.945417 0.0108333 0.0341667
0 0.2925 0.574167 0.0483333 0.0466667
0 0.117917 0.35125 0.0408333 0.0491667
0 0.377917 0.172917 0.0291667 0.0308333
0 0.131667 0.764583 0.035 0.0391667
0 0.19 0.307083 0.0333333 0.0375
0 0.49875 0.4925 0.0375 0.04
0 0.5575 0.704167 0.0466667 0.0433333
0 0.384167 0.615833 0.0416667 0.0483333
0 0.4275 0.79125 0.0416667 0.0525
0 0.289167 0.348333 0.035 0.0433333
0 0.195833 0.543333 0.0333333 0.0366667
0 0.7375 0.00916667 0.0416667 0.0166667
0 0.99125 0.1375 0.0175 0.0416667
0 0.0979167 0.670417 0.0408333 0.0475
0 0.31375 0.857083 0.0341667 0.0391667
0 0.0279167 0.475833 0.0458333 0.0483333
0 0.92375 0.610417 0.0458333 0.0525
0 0.309167 0.967083 0.04 0.0508333
0 0.270833 0.990417 0.0316667 0.0191667
0 0.490833 0.171667 0.0416667 0.0416667
0 0.737083 0.61125 0.0325 0.0375
0 0.99375 0.01625 0.0125 0.0325
0 0.177083 0.5725 0.0408333 0.0516667
0 0.727917 0.711667 0.0441667 0.045
0 0.332083 0.609167 0.0441667 0.05
0 0.932917 0.914167 0.0391667 0.0416667
0 0.555 0.234583 0.0316667 0.0341667
0 0.240833 0.885417 0.0383333 0.0441667
0 0.2775 0.289167 0.0333333 0.035
0 0.903333 0.675417 0.0333333 0.0358333
0 0.722917 0.269167 0.0408333 0.0433333
0 0.159167 0.34375 0.0416667 0.0425
0 0.259583 0.947917 0.0341667 0.0375
0 0.725833 0.75875 0.04 0.0441667
0 0.695833 0.303333 0.0416667 0.0416667
0 0.77375 0.0870833 0.0275 0.0308333
0 0.0758333 0.59375 0.04 0.0458333
0 0.760833 0.8425 0.0416667 0.045
0 0.0641667 0.792083 0.0433333 0.0491667
0 0.734167 0.45375 0.04 0.0408333
0 0.2125 0.964167 0.0416667 0.0433333
0 0.890417 0.455417 0.0375 0.0458333
0 0.87875 0.0120833 0.0358333 0.0225
0 0.9725 0.344167 0.0333333 0.04
0 0.84125 0.336667 0.0441667 0.0466667
0 0.156667 0.44875 0.0416667 0.0475
0 0.892083 0.0458333 0.0408333 0.045
0 0.795417 0.754167 0.0408333 0.0433333
0 0.682083 0.458333 0.0275 0.03
0 0.254167 0.410833 0.0416667 0.045
0 0.562917 0.125833 0.0375 0.0433333
0 0.8025 0.899167 0.0433333 0.0433333
0 0.522083 0.08 0.0341667 0.0366667
0 0.879583 0.644583 0.0408333 0.0458333
0 0.489583 0.7575 0.0341667 0.0383333
0 0.749167 0.94125 0.035 0.0391667
0 0.287917 0.8775 0.0341667 0.0383333
0 0.0291667 0.81625 0.0416667 0.0425
0 0.857917 0.865417 0.0391667 0.0425
0 0.585833 0.36125 0.0366667 0.0425
0 0.848333 0.407917 0.0383333 0.0425
0 0.708333 0.0491667 0.0383333 0.045
0 0.0529167 0.974583 0.0358333 0.0408333
0 0.6 0.243333 0.0383333 0.0433333
0 0.5775 0.17125 0.035 0.0391667
0 0.902917 0.160833 0.0408333 0.0433333
0 0.538333 0.58 0.035 0.0383333
0 0.0758333 0.32125 0.0383333 0.0425
0 0.22625 0.593333 0.0375 0.0416667
0 0.542083 0.453333 0.0375 0.0433333
0 0.8875 0.307917 0.04 0.0441667
0 0.64875 0.77125 0.0425 0.0425
0 0.0241667 0.909583 0.04 0.0441667
0 0.615833 0.564167 0.0366667 0.04
0 0.884167 0.42 0.035 0.0383333
0 0.785833 0.3625 0.0333333 0.035
0 0.852083 0.171667 0.0391667 0.0416667
0 0.454167 0.135833 0.035 0.0366667
0 0.3025 0.420417 0.0383333 0.0458333
0 0.450417 0.9525 0.0391667 0.045
0 0.760417 0.575833 0.0358333 0.0433333
0 0.648333 0.42125 0.0383333 0.0391667
0 0.582083 0.8325 0.0358333 0.0416667
0 0.74 0.14625 0.04 0.0408333
0 0.1975 0.690833 0.04 0.0416667
0 0.41 0.412083 0.0383333 0.0425
0 0.09125 0.00916667 0.0341667 0.0183333
0 0.825833 0.0633333 0.035 0.0433333
0 0.388333 0.564583 0.0333333 0.0375
0 0.562917 0.633333 0.0325 0.035
0 0.966667 0.567917 0.0283333 0.0308333
0 0.362083 0.888333 0.0358333 0.045
0 0.653333 0.65625 0.0366667 0.0391667
0 0.78125 0.45625 0.0358333 0.0425
0 0.473333 0.36875 0.0366667 0.0391667
0 0.477917 0.5575 0.0391667 0.0416667
0 0.75625 0.403333 0.0358333 0.0383333
0 0.452083 0.42 0.0375 0.0416667
0 0.863333 0.790833 0.0366667 0.0383333
0 0.497083 0.125833 0.0341667 0.0366667
0 0.480417 0.303333 0.0308333 0.0316667
0 0.354167 0.711667 0.0366667 0.04
0 0.7275 0.866667 0.0383333 0.0416667
0 0.927083 0.5375 0.0325 0.0366667
0 0.26375 0.685833 0.0358333 0.0366667
0 0.274583 0.801667 0.0308333 0.0333333
0 0.973333 0.38625 0.035 0.0375
0 0.944583 0.700833 0.0408333 0.0466667
0 0.38 0.74625 0.035 0.0375
0 0.399167 0.365 0.0366667 0.04
0 0.28625 0.489167 0.0408333 0.0433333
0 0.113333 0.887083 0.0366667 0.0408333
0 0.105 0.799167 0.035 0.0383333
0 0.290417 0.737917 0.0341667 0.0391667
0 0.24125 0.497917 0.0375 0.0408333
0 0.173333 0.855833 0.0366667 0.04
0 0.199583 0.0216667 0.0325 0.0333333
0 0.0358333 0.38125 0.035 0.0375
0 0.409167 0.5025 0.035 0.0366667
0 0.5775 0.521667 0.035 0.0366667
0 0.79875 0.807917 0.0375 0.0425
0 0.170417 0.893333 0.0341667 0.0366667
0 0.0658333 0.935833 0.0366667 0.04
0 0.144167 0.92875 0.035 0.0391667
0 0.0158333 0.605417 0.0316667 0.0358333
0 0.0895833 0.72375 0.0341667 0.0375
0 0.35375 0.435 0.0341667 0.0383333
0 0.0441667 0.0620833 0.0333333 0.0375
0 0.624583 0.8925 0.0358333 0.04
0 0.184167 0.804583 0.035 0.0391667
0 0.62625 0.82875 0.0291667 0.0308333
0 0.645417 0.9325 0.0291667 0.0316667
0 0.849583 0.23125 0.0358333 0.0375
0 0.98875 0.0870833 0.0225 0.0358333
0 0.657917 0.527917 0.0325 0.0358333
0 0.558333 0.86 0.0316667 0.035
0 0.0458333 0.446667 0.0383333 0.0416667
0 0.64375 0.691667 0.0358333 0.0383333
0 0.6225 0.0245833 0.0333333 0.0341667
0 0.05 0.0291667 0.0383333 0.0416667
0 0.563333 0.940833 0.0333333 0.0366667
0 0.897917 0.19625 0.0358333 0.0391667
0 0.12375 0.4025 0.0341667 0.04
0 0.235 0.447917 0.035 0.0375
0 0.93 0.07875 0.0366667 0.0408333
0 0.567917 0.985 0.0341667 0.0283333
0 0.515417 0.206667 0.0375 0.0416667
0 0.509583 0.951667 0.0375 0.0383333
0 0.979583 0.74875 0.0341667 0.0375
0 0.7325 0.207083 0.0333333 0.0375
0 0.405 0.922083 0.0366667 0.0391667
0 0.228333 0.7875 0.035 0.0366667
0 0.705 0.388333 0.035 0.0366667
0 0.931667 0.65875 0.03 0.0341667
0 0.64375 0.0741667 0.0341667 0.035
0 0.1525 0.619583 0.0366667 0.0391667
0 0.803333 0.195833 0.0366667 0.0366667
0 0.8 0.60125 0.0366667 0.0408333
0 0.599583 0.614583 0.0341667 0.0358333
0 0.786667 0.116667 0.035 0.0383333
0 0.579583 0.7575 0.0308333 0.035
0 0.140417 0.535417 0.0341667 0.0375
0 0.4975 0.87 0.0366667 0.0383333
0 0.95625 0.532917 0.0308333 0.0341667
0 0.950833 0.865 0.0316667 0.035
0 0.2425 0.64375 0.0333333 0.0341667
0 0.524167 0.812083 0.0333333 0.0375
0 0.0529167 0.88375 0.0375 0.0391667
0 0.940417 0.417917 0.0358333 0.0375
0 0.639167 0.475417 0.03 0.0325
0 0.656667 0.851667 0.0283333 0.03
0 0.57125 0.794583 0.0325 0.0358333
0 0.322917 0.680417 0.0341667 0.0375
0 0.470833 0.706667 0.0333333 0.0366667
0 0.9375 0.260833 0.035 0.0366667
0 0.795 0.25875 0.035 0.0375
0 0.47 0.795833 0.0383333 0.0433333
0 0.9525 0.1625 0.0283333 0.03
0 0.415833 0.32 0.035 0.0366667
0 0.214583 0.40625 0.0341667 0.0391667
0 0.79875 0.679583 0.0325 0.0358333
