0 0.564167 0.713333 0.0383333 0.045
0 0.1275 0.667917 0.0416667 0.0525
0 0.965833 0.994167 0.0283333 0.0116667
0 0.43375 0.449167 0.0458333 0.0483333
0 0.712917 0.882083 0.0325 0.0341667
0 0.3025 0.955833 0.0416667 0.0433333
0 0.994583 0.8975 0.0108333 0.0333333
0 0.53625 0.354167 0.0325 0.035
0 0.751667 0.99375 0.025 0.0125
0 0.0966667 0.33875 0.04 0.0525
0 0.398333 0.475 0.0266667 0.03
0 0.439167 0.397083 0.0366667 0.0425
0 0.487083 0.00958333 0.0358333 0.0191667
0 0.696667 0.09875 0.0466667 0.0541667
0 0.619583 0.905417 0.0391667 0.0408333
0 0.984583 0.936667 0.0308333 0.0383333
0 0.740833 0.7275 0.0466667 0.0533333
0 0.23625 0.31625 0.0425 0.0458333
0 0.119167 0.52125 0.045 0.0475
0 0.866667 0.00833333 0.04 0.0166667
0 0.0525 0.385417 0.0333333 0.0358333
0 0.183333 0.03875 0.035 0.0375
0 0.0691667 0.27 0.0483333 0.0533333
0 0.1575 0.09125 0.0383333 0.0408333
0 0.367083 0.867083 0.0358333 0.0391667
0 0.496667 0.424583 0.0333333 0.0375
0 0.979583 0.54 0.0375 0.0416667
0 0.79375 0.487083 0.0375 0.0408333
0 0.260833 0.362083 0.0416667 0.0491667
0 0.297917 0.5375 0.0291667 0.03
0 0.89375 0.94875 0.0325 0.0358333
0 0.565417 0.06625 0.0375 0.0441667
0 0.937083 0.98 0.0241667 0.0266667
0 0.23375 0.17375 0.0325 0.0375
0 0.619583 0.333333 0.0358333 0.04
0 0.849167 0.58625 0.04 0.0508333
0 0.7225 0.94125 0.03 0.0308333
0 0.0483333 0.737917 0.0416667 0.0475
0 0.71 0.794167 0.0383333 0.045
0 0.847083 0.147917 0.0425 0.0475
0 0.0216667 0.32 0.035 0.0383333
0 0.59125 0.107083 0.0325 0.0358333
0 0.0075 0.09 0.015 0.035
0 0.842917 0.8025 0.0375 0.04
0 0.601667 0.65 0.0383333 0.0416667
0 0.85 0.885 0.0383333 0.045
0 0.495 0.9775 0.0366667 0.0366667
0 0.220417 0.552917 0.0391667 0.0475
0 0.129167 0.174583 0.0383333 0.0408333
0 0.17 0.523333 0.0416667 0.045
0 0.385833 0.1425 0.0366667 0.0433333
0 0.540417 0.2275 0.0391667 0.0433333
0 0.0604167 0.642917 0.0308333 0.0358333
0 0.00958333 0.136667 0.0191667 0.0383333
0 0.987083 0.6325 0.0258333 0.0383333
0 0.710417 0.675833 0.0391667 0.04
0 0.81625 0.225417 0.0375 0.0458333
0 0.563333 0.2825 0.04 0.045
0 0.616667 0.232917 0.0316667 0.0358333
0 0.792917 0.16125 0.0391667 0.0425
0 0.0154167 0.0216667 0.0308333 0.0366667
0 0.509583 0.800833 0.0358333 0.04
0 0.350833 0.0966667 0.0333333 0.0383333
0 0.300417 0.454167 0.0391667 0.0483333
0 0.510417 0.32125 0.0408333 0.0458333
0 0.6725 0.275833 0.0416667 0.0433333
0 0.0241667 0.437083 0.04 0.0425
0 0.725833 0.0575 0.04 0.0433333
0 0.55 0.404167 0.0366667 0.045
0 0.724167 0.172083 0.035 0.0391667
0 0.644167 0.846667 0.0283333 0.0316667
0 0.35625 0.0308333 0.0358333 0.0416667
0 0.477083 0.930417 0.0375 0.0375
0 0.629583 0.1475 0.0408333 0.0433333
0 0.51375 0.732917 0.0341667 0.0375
0 0.322917 0.16125 0.0358333 0.0391667
0 0.355833 0.500833 0.0333333 0.0383333
0 0.422917 0.315833 0.0391667 0.0416667
0 0.09625 0.192083 0.0341667 0.0408333
0 0.43625 0.839583 0.0325 0.0358333
0 0.570833 0.1625 0.0316667 0.0366667
0 0.915 0.475417 0.0333333 0.0358333
0 0.891667 0.986667 0.0316667 0.025
0 0.91 0.89875 0.0383333 0.0408333
0 0.60375 0.97375 0.0325 0.0375
0 0.0208333 0.244167 0.035 0.04
0 0.0720833 0.467083 0.0391667 0.0458333
0 0.381667 0.280833 0.0383333 0.0416667
0 0.0841667 0.617083 0.04 0.0458333
0 0.782917 0.02125 0.0358333 0.0375
0 0.129583 0.135 0.0375 0.0416667
0 0.1075 0.410833 0.04 0.0433333
0 0.587083 0.695417 0.0358333 0.0391667
0 0.242083 0.0770833 0.0308333 0.0341667
0 0.04875 0.134167 0.0391667 0.0466667
0 0.0583333 0.5075 0.035 0.04
0 0.112917 0.227917 0.0375 0.0408333
0 0.320417 0.329167 0.0375 0.04
0 0.168333 0.367083 0.035 0.0391667
0 0.60875 0.817083 0.0341667 0.0375
0 0.161667 0.297083 0.0383333 0.0425
0 0.927083 0.0870833 0.0358333 0.0408333
0 0.543333 0.02625 0.035 0.0375
0 0.782083 0.745417 0.0325 0.0341667
0 0.33125 0.0125 0.0341667 0.025
0 0.669167 0.93625 0.0333333 0.0358333
0 0.6925 0.981667 0.03 0.0316667
0 0.5025 0.0533333 0.0316667 0.0333333
0 0.25375 0.221667 0.0375 0.04
0 0.410417 0.0208333 0.0358333 0.0416667
0 0.943333 0.69 0.0383333 0.0416667
0 0.24125 0.274583 0.0408333 0.0441667
0 0.95625 0.745417 0.0341667 0.0341667
0 0.03125 0.524583 0.0391667 0.0425
0 0.469583 0.31625 0.0375 0.0425
0 0.557917 0.913333 0.0358333 0.04
0 0.901667 0.548333 0.0366667 0.045
0 0.947917 0.179167 0.0325 0.035
0 0.319583 0.218333 0.0358333 0.04
0 0.65125 0.219167 0.0375 0.0433333
0 0.804167 0.964167 0.0333333 0.0366667
0 0.749583 0.143333 0.0358333 0.0383333
0 0.952083 0.035 0.0325 0.0366667
0 0.944583 0.847083 0.0375 0.0408333
0 0.380417 0.395833 0.0375 0.04
0 0.584583 0.245833 0.0375 0.045
0 0.748333 0.872917 0.035 0.0375
0 0.775 0.79125 0.0366667 0.0391667
0 0.01625 0.659167 0.0325 0.0383333
0 0.16625 0.23875 0.0375 0.0408333
0 0.05625 0.09125 0.0408333 0.0475
0 0.798333 0.631667 0.0366667 0.0383333
0 0.24625 0.475833 0.0358333 0.04
0 0.98 0.817917 0.0316667 0.0375
0 0.793333 0.906667 0.0383333 0.0383333
0 0.814583 0.860833 0.0375 0.04
0 0.465417 0.874167 0.0341667 0.0366667
0 0.661667 0.168333 0.0333333 0.0366667
0 0.159583 0.415833 0.0358333 0.0416667
0 0.345 0.986667 0.0366667 0.0266667
0 0.32125 0.419167 0.0391667 0.045
0 0.72375 0.272917 0.0341667 0.0358333
0 0.490417 0.251667 0.0375 0.0416667
0 0.644167 0.0695833 0.035 0.0375
0 0.0825 0.697917 0.0316667 0.0358333
0 0.424167 0.203333 0.03 0.0316667
0 0.781667 0.54375 0.0333333 0.0375
0 0.519583 0.130833 0.0341667 0.0366667
0 0.18 0.605833 0.035 0.0383333
0 0.1775 0.459167 0.0316667 0.035
0 0.666667 0.0129167 0.0383333 0.0258333
0 0.58625 0.792083 0.0325 0.0375
0 0.806667 0.0991667 0.0316667 0.035
0 0.0575 0.592917 0.035 0.0391667
0 0.274167 0.0170833 0.035 0.0341667
0 0.907083 0.635417 0.0341667 0.0375
0 0.4125 0.26 0.035 0.04
0 0.855 0.679583 0.035 0.0391667
0 0.275417 0.56375 0.0358333 0.0375
0 0.649167 0.77375 0.035 0.0375
0 0.481667 0.375 0.0366667 0.0383333
0 0.510833 0.0975 0.0333333 0.0366667
0 0.745417 0.637083 0.0325 0.0358333
0 0.454583 0.245417 0.0308333 0.0358333
0 0.917917 0.7075 0.0325 0.0366667
0 0.892917 0.775 0.0341667 0.0383333
0 0.455 0.140417 0.0333333 0.0375
0 0.569167 0.20125 0.0316667 0.0391667
