0 0.0141667 0.919583 0.0283333 0.0391667
0 0.824583 0.845 0.0358333 0.0366667
0 0.327083 0.99375 0.0308333 0.0125
0 0.718333 0.005 0.0266667 0.01
0 0.72625 0.480833 0.0275 0.0316667
0 0.805 0.805 0.045 0.0533333
0 0.155833 0.74125 0.045 0.0558333
0 0.579167 0.10625 0.0433333 0.0491667
0 0.620417 0.505833 0.0391667 0.0466667
0 0.117917 0.376667 0.0375 0.04
0 0.3775 0.733333 0.0383333 0.0466667
0 0.356667 0.4975 0.0316667 0.0383333
0 0.938333 0.472083 0.035 0.0375
0 0.235 0.434167 0.0383333 0.0416667
0 0.193333 0.699167 0.04 0.0433333
0 0.740833 0.192917 0.035 0.0391667
0 0.815417 0.932083 0.0308333 0.0341667
0 0.600833 0.225833 0.0533333 0.0633333
0 0.419167 0.850833 0.0316667 0.0333333
0 0.450833 0.3925 0.0383333 0.0433333
0 0.756667 0.433333 0.0383333 0.0416667
0 0.00791667 0.579583 0.0158333 0.0341667
0 0.415833 0.74625 0.035 0.0391667
0 0.662917 0.319167 0.0358333 0.0366667
0 0.075 0.94375 0.0316667 0.0375
0 0.904167 0.00875 0.0316667 0.0175
0 0.907917 0.375833 0.0358333 0.04
0 0.463333 0.665 0.0266667 0.03
0 0.177083 0.81875 0.0308333 0.0375
0 0.684167 0.344167 0.035 0.0366667
0 0.501667 0.213333 0.0483333 0.0533333
0 0.45125 0.9925 0.0325 0.015
0 0.49125 0.541667 0.0375 0.0383333
0 0.944167 0.180417 0.04 0.0475
0 0.0175 0.00958333 0.035 0.0191667
0 0.404167 0.774583 0.035 0.0375
0 0.580833 0.446667 0.035 0.0383333
0 0.135 0.7925 0.0333333 0.0383333
0 0.992917 0.40375 0.0141667 0.0341667
0 0.851667 0.35875 0.0366667 0.0425
0 0.516667 0.371667 0.04 0.0466667
0 0.280833 0.1925 0.0416667 0.04
0 0.737917 0.75 0.0358333 0.0383333
0 0.433333 0.1925 0.0383333 0.0466667
0 0.847917 0.418333 0.0341667 0.0366667
0 0.855 0.133333 0.04 0.0466667
0 0.32625 0.642083 0.0358333 0.0408333
0 0.96875 0.120833 0.0308333 0.0366667
0 0.639167 0.806667 0.0283333 0.03
0 0.166667 0.414167 0.0333333 0.04
0 0.463333 0.265833 0.0383333 0.045
0 0.832917 0.192083 0.0458333 0.0491667
0 0.0925 0.742083 0.035 0.0391667
0 0.0620833 0.64625 0.0341667 0.0391667
0 0.745 0.25 0.035 0.0383333
0 0.139583 0.555417 0.0291667 0.0325
0 0.34375 0.36875 0.0341667 0.0358333
0 0.813333 0.00916667 0.0333333 0.0183333
0 0.0766667 0.06625 0.035 0.0375
0 0.547083 0.641667 0.0358333 0.0383333
0 0.461667 0.45875 0.035 0.0375
0 0.135 0.6675 0.0366667 0.04
0 0.355 0.992917 0.0283333 0.0141667
0 0.103333 0.771667 0.0316667 0.0316667
0 0.594583 0.860417 0.0391667 0.0441667
0 0.845833 0.754583 0.04 0.0458333
0 0.27625 0.815 0.0325 0.035
0 0.983333 0.642917 0.0283333 0.0308333
0 0.00833333 0.637083 0.0166667 0.0341667
0 0.430417 0.59625 0.0291667 0.0308333
0 0.939583 0.0233333 0.0275 0.03
0 0.893333 0.480833 0.0283333 0.0333333
0 0.559167 0.811667 0.0316667 0.035
0 0.449167 0.726667 0.03 0.0316667
0 0.207917 0.938333 0.0408333 0.0466667
0 0.807917 0.115 0.0391667 0.0516667
0 0.91625 0.113333 0.0375 0.0433333
0 0.28 0.300417 0.0316667 0.0325
0 0.760417 0.330417 0.0341667 0.0375
0 0.535833 0.31125 0.0383333 0.0475
0 0.494167 0.617917 0.0333333 0.0341667
0 0.556667 0.49 0.035 0.0383333
0 0.48 0.918333 0.0366667 0.0433333
0 0.195 0.45625 0.04 0.0458333
0 0.59125 0.609167 0.0325 0.0366667
0 0.729167 0.510417 0.0366667 0.0441667
0 0.469583 0.304583 0.0325 0.0325
0 0.442083 0.53625 0.0325 0.0358333
0 0.785 0.250417 0.04 0.0441667
0 0.0425 0.890417 0.04 0.0441667
0 0.36875 0.22375 0.0358333 0.0425
0 0.369583 0.6175 0.0408333 0.0416667
0 0.962083 0.0104167 0.0358333 0.0208333
0 0.66 0.404167 0.03 0.03
0 0.289167 0.76375 0.04 0.0425
0 0.825 0.409583 0.035 0.0391667
0 0.733333 0.561667 0.0366667 0.0416667
0 0.340833 0.77625 0.0333333 0.0358333
0 0.57375 0.719167 0.0375 0.0466667
0 0.639167 0.632083 0.04 0.0441667
0 0.570833 0.0145833 0.035 0.0291667
0 0.2525 0.776667 0.0333333 0.0366667
0 0.549167 0.567083 0.04 0.0425
0 0.731667 0.644583 0.0383333 0.0425
0 0.2475 0.52625 0.0333333 0.0375
0 0.405833 0.885417 0.03 0.0341667
0 0.3075 0.685417 0.0333333 0.0391667
0 0.917083 0.302083 0.0341667 0.0375
0 0.275 0.949583 0.0266667 0.0291667
0 0.842083 0.0891667 0.0341667 0.0366667
0 0.25125 0.98625 0.0341667 0.0275
0 0.8025 0.385 0.0366667 0.0383333
0 0.317083 0.862083 0.0341667 0.0358333
0 0.886667 0.175417 0.0366667 0.0408333
0 0.98125 0.0795833 0.0358333 0.0375
0 0.924583 0.443333 0.0325 0.035
0 0.391667 0.321667 0.04 0.0466667
0 0.0929167 0.894583 0.0391667 0.0408333
0 0.76125 0.79375 0.0425 0.0475
0 0.264167 0.165833 0.03 0.03
0 0.723333 0.435 0.0333333 0.0366667
0 0.774167 0.740417 0.0433333 0.0475
0 0.435833 0.66375 0.03 0.0325
0 0.833333 0.484583 0.035 0.0375
0 0.846667 0.512917 0.0333333 0.0375
0 0.50375 0.42 0.0375 0.0416667
0 0.333333 0.92375 0.0283333 0.0308333
0 0.825833 0.557917 0.0366667 0.0391667
0 0.4475 0.784583 0.035 0.0375
0 0.924583 0.514583 0.0358333 0.0391667
0 0.672917 0.651667 0.0358333 0.04
0 0.12625 0.480417 0.0375 0.0408333
0 0.931667 0.0570833 0.0383333 0.0408333
0 0.870833 0.478333 0.0333333 0.035
0 0.524583 0.835417 0.0341667 0.0358333
0 0.988333 0.222083 0.0233333 0.0341667
0 0.36375 0.134167 0.0358333 0.0383333
0 0.0470833 0.436667 0.0325 0.035
0 0.235833 0.868333 0.0333333 0.0366667
0 0.02 0.557917 0.035 0.0375
0 0.577917 0.7925 0.0341667 0.0366667
0 0.320833 0.261667 0.035 0.0383333
0 0.252917 0.334583 0.0375 0.0408333
0 0.852083 0.225417 0.0341667 0.0358333
0 0.9425 0.69 0.0366667 0.0383333
0 0.770833 0.0395833 0.0366667 0.0408333
0 0.3725 0.882083 0.0383333 0.0391667
0 0.635833 0.0591667 0.03 0.0333333
0 0.615417 0.548333 0.0358333 0.0383333
0 0.321667 0.431667 0.0333333 0.035
0 0.16125 0.890417 0.0325 0.0341667
0 0.924583 0.616667 0.0358333 0.0383333
0 0.2175 0.288333 0.0333333 0.035
0 0.705 0.24 0.04 0.0466667
0 0.8975 0.692083 0.035 0.0375
0 0.152083 0.989583 0.0291667 0.0175
0 0.132083 0.84875 0.0341667 0.0358333
0 0.311667 0.714167 0.0366667 0.04
0 0.86625 0.72375 0.0341667 0.0375
0 0.112917 0.937083 0.0358333 0.0375
0 0.629167 0.100417 0.0383333 0.0441667
0 0.700417 0.1075 0.0358333 0.0416667
0 0.139583 0.70375 0.0325 0.0358333
0 0.180417 0.333333 0.0358333 0.0383333
0 0.517917 0.46875 0.0375 0.0458333
0 0.456667 0.868333 0.0333333 0.0366667
0 0.549167 0.3475 0.0383333 0.04
0 0.42375 0.907083 0.0325 0.0341667
0 0.286667 0.527083 0.0366667 0.0408333
0 0.985833 0.519167 0.0283333 0.0333333
0 0.200833 0.505 0.0383333 0.0416667
0 0.554583 0.16 0.0358333 0.0366667
0 0.60875 0.301667 0.0358333 0.0366667
0 0.665833 0.224167 0.0366667 0.04
0 0.365833 0.3975 0.04 0.0433333
0 0.957917 0.3875 0.0341667 0.0366667
0 0.795833 0.542083 0.0316667 0.0358333
0 0.0483333 0.97625 0.0366667 0.0375
0 0.549583 0.927917 0.0375 0.0408333
0 0.12875 0.604583 0.0308333 0.0341667
0 0.377917 0.95375 0.0341667 0.0341667
0 0.28125 0.370833 0.0308333 0.035
0 0.399167 0.189583 0.0333333 0.0391667
0 0.26375 0.907917 0.0308333 0.0341667
0 0.841667 0.595833 0.035 0.0383333
0 0.406667 0.290417 0.0366667 0.0391667
0 0.915417 0.198333 0.0325 0.035
0 0.614583 0.408333 0.0341667 0.0383333
0 0.27875 0.850833 0.0291667 0.0333333
0 0.165417 0.625 0.0341667 0.0366667
0 0.870417 0.27375 0.0325 0.0341667
0 0.411667 0.98375 0.035 0.0325
0 0.3025 0.97625 0.0316667 0.0341667
0 0.503333 0.144167 0.0366667 0.0416667
0 0.636667 0.455 0.0333333 0.035
0 0.944167 0.25125 0.0366667 0.0391667
0 0.602083 0.17375 0.0375 0.0425
0 0.0258333 0.692917 0.0333333 0.0391667
0 0.719583 0.83375 0.0308333 0.0325
0 0.830833 0.640833 0.0333333 0.0333333
0 0.0733333 0.601667 0.035 0.0366667
0 0.649167 0.8975 0.035 0.0383333
0 0.202083 0.613333 0.0341667 0.04
0 0.247083 0.695833 0.0358333 0.0383333
0 0.50625 0.691667 0.0325 0.0366667
0 0.7475 0.707917 0.0333333 0.0358333
0 0.69125 0.167083 0.0325 0.0358333
0 0.492083 0.493333 0.0358333 0.04
0 0.98625 0.3125 0.0275 0.035
0 0.859167 0.0225 0.0333333 0.0366667
0 0.639167 0.840833 0.0333333 0.035
0 0.0754167 0.814583 0.0358333 0.0391667
0 0.454583 0.5775 0.0325 0.035
0 0.692917 0.559167 0.0358333 0.04
0 0.39 0.537083 0.035 0.0391667
0 0.403333 0.443333 0.035 0.0416667
