0 0.154167 0.655833 0.0383333 0.0433333
0 0.00583333 0.23875 0.0116667 0.0325
0 0.99125 0.232917 0.0175 0.0325
0 0.61375 0.199583 0.0358333 0.0358333
0 0.025 0.0508333 0.0316667 0.035
0 0.551667 0.995833 0.0266667 0.00833333
0 0.462917 0.71375 0.0375 0.0408333
0 0.140833 0.554583 0.0283333 0.0308333
0 0.571667 0.597917 0.03 0.0325
0 0.607917 0.34125 0.0375 0.0408333
0 0.00916667 0.290833 0.0183333 0.0316667
0 0.909167 0.0854167 0.0316667 0.0375
0 0.338333 0.02375 0.03 0.0308333
0 0.525417 0.191667 0.0291667 0.03
0 0.380417 0.0125 0.0308333 0.025
0 0.724167 0.0116667 0.0366667 0.0233333
0 0.685417 0.01 0.0325 0.02
0 0.0191667 0.9925 0.0266667 0.015
0 0.258333 0.0683333 0.0383333 0.04
0 0.78625 0.100417 0.0391667 0.0458333
0 0.752917 0.495833 0.0425 0.0416667
0 0.675 0.680417 0.0383333 0.0408333
0 0.0408333 0.526667 0.04 0.0433333
0 0.0808333 0.681667 0.035 0.04
0 0.0104167 0.835833 0.0208333 0.0383333
0 0.895417 0.559167 0.0425 0.045
0 0.780417 0.63 0.0325 0.035
0 0.8875 0.93375 0.0316667 0.0341667
0 0.314583 0.863333 0.0408333 0.05
0 0.451667 0.354167 0.0383333 0.0433333
0 0.208333 0.815417 0.0366667 0.0391667
0 0.519583 0.0425 0.0325 0.0366667
0 0.17375 0.130833 0.0375 0.0416667
0 0.444167 0.140833 0.0316667 0.0333333
0 0.941667 0.979167 0.0383333 0.0416667
0 0.43 0.765 0.035 0.0383333
0 0.362917 0.879583 0.0375 0.0425
0 0.51125 0.992917 0.0291667 0.0141667
0 0.692917 0.186667 0.0358333 0.0383333
0 0.7475 0.57375 0.035 0.0375
0 0.185 0.01875 0.0366667 0.0375
0 0.17375 0.528333 0.0408333 0.0433333
0 0.915417 0.440417 0.0325 0.0375
0 0.62 0.6475 0.04 0.045
0 0.23375 0.135417 0.0341667 0.0408333
0 0.10875 0.37375 0.0425 0.0475
0 0.642083 0.0745833 0.0308333 0.0341667
0 0.537083 0.595 0.0308333 0.0333333
0 0.0433333 0.67125 0.0366667 0.0408333
0 0.331667 0.00708333 0.0266667 0.0141667
0 0.7 0.984583 0.0316667 0.0291667
0 0.855417 0.830417 0.0375 0.0441667
0 0.518333 0.7325 0.0383333 0.0466667
0 0.819167 0.84875 0.0283333 0.0341667
0 0.815 0.642083 0.0283333 0.0308333
0 0.870833 0.0166667 0.04 0.0333333
0 0.0375 0.381667 0.0383333 0.0416667
0 0.609583 0.975 0.0325 0.0316667
0 0.0741667 0.488333 0.035 0.04
0 0.975833 0.0608333 0.0416667 0.0433333
0 0.81 0.05625 0.0416667 0.0458333
0 0.04 0.00916667 0.0333333 0.0183333
0 0.958333 0.39875 0.035 0.0358333
0 0.992083 0.700417 0.0158333 0.0325
0 0.476667 0.982917 0.0333333 0.0325
0 0.5375 0.2775 0.0333333 0.0383333
0 0.69875 0.61375 0.0425 0.0425
0 0.559583 0.239583 0.0358333 0.0391667
0 0.920833 0.768333 0.0416667 0.0433333
0 0.7875 0.950417 0.03 0.0341667
0 0.50375 0.0816667 0.0341667 0.035
0 0.12125 0.41125 0.0358333 0.0391667
0 0.76625 0.789583 0.0341667 0.0375
0 0.44125 0.190417 0.0275 0.0291667
0 0.490833 0.8875 0.0366667 0.0366667
0 0.185833 0.9025 0.035 0.0383333
0 0.73375 0.145833 0.0441667 0.0466667
0 0.6 0.932917 0.035 0.0375
0 0.225833 0.939583 0.0383333 0.0408333
0 0.0366667 0.453333 0.0383333 0.0433333
0 0.5575 0.7525 0.0416667 0.0433333
0 0.6425 0.0183333 0.03 0.0316667
0 0.79125 0.745833 0.0375 0.0416667
0 0.969167 0.784167 0.035 0.0416667
0 0.984167 0.58375 0.0316667 0.0408333
0 0.118333 0.514583 0.035 0.0391667
0 0.12125 0.02875 0.0375 0.0408333
0 0.2275 0.0175 0.035 0.035
0 0.0725 0.587917 0.035 0.0391667
0 0.864167 0.98125 0.0366667 0.0358333
0 0.875833 0.803333 0.035 0.0366667
0 0.931667 0.609167 0.04 0.04
0 0.875 0.425417 0.0366667 0.0391667
0 0.240417 0.2325 0.0375 0.0433333
0 0.50375 0.124167 0.0325 0.035
0 0.429583 0.95625 0.0341667 0.0358333
0 0.376667 0.936667 0.0366667 0.0383333
0 0.45125 0.237083 0.0375 0.0391667
0 0.925 0.50375 0.0283333 0.0308333
0 0.48625 0.827083 0.0375 0.0391667
0 0.59125 0.0116667 0.0341667 0.0233333
0 0.920417 0.870417 0.0358333 0.0408333
0 0.3325 0.824583 0.0366667 0.0458333
0 0.257917 0.960833 0.0358333 0.0366667
0 0.0825 0.97625 0.0333333 0.0375
0 0.142083 0.09125 0.0375 0.0425
0 0.292083 0.369583 0.0341667 0.0391667
0 0.590833 0.0825 0.0416667 0.0416667
0 0.0754167 0.3225 0.0375 0.04
0 0.419583 0.119583 0.0358333 0.0375
0 0.03625 0.22375 0.0308333 0.0341667
0 0.624167 0.82125 0.0366667 0.0408333
0 0.539583 0.93625 0.0308333 0.0325
0 0.6425 0.762917 0.0333333 0.0358333
0 0.589583 0.15875 0.0325 0.0358333
0 0.48125 0.212083 0.0291667 0.0291667
0 0.972917 0.87125 0.0308333 0.0341667
0 0.889167 0.649583 0.0333333 0.0358333
0 0.563333 0.869167 0.0383333 0.0416667
0 0.337083 0.20125 0.0358333 0.0391667
0 0.408333 0.830417 0.03 0.0308333
0 0.3425 0.5125 0.0366667 0.04
0 0.914583 0.826667 0.0358333 0.04
0 0.289167 0.485 0.0316667 0.0333333
0 0.720833 0.055 0.0383333 0.0383333
0 0.9825 0.7375 0.03 0.0316667
0 0.734583 0.80375 0.0391667 0.0408333
0 0.404167 0.865833 0.0333333 0.0366667
0 0.35875 0.985 0.0341667 0.03
0 0.02875 0.1325 0.0325 0.0366667
0 0.12375 0.598333 0.0325 0.035
0 0.2625 0.489167 0.035 0.0383333
0 0.641667 0.908333 0.0266667 0.03
0 0.824167 0.67 0.035 0.0383333
0 0.32625 0.4225 0.0375 0.04
0 0.270417 0.875417 0.0341667 0.0391667
0 0.72 0.0883333 0.035 0.0383333
0 0.292083 0.918333 0.0325 0.0366667
0 0.16375 0.500833 0.0341667 0.0383333
0 0.864167 0.89125 0.0333333 0.0341667
0 0.893333 0.730833 0.035 0.0366667
0 0.36375 0.1675 0.0341667 0.0383333
0 0.18875 0.981667 0.0358333 0.0366667
0 0.702083 0.860833 0.0358333 0.04
0 0.355417 0.298333 0.0341667 0.0366667
0 0.819167 0.414167 0.0333333 0.035
0 0.290417 0.335417 0.0358333 0.0375
0 0.85625 0.0775 0.0358333 0.0383333
0 0.951667 0.673333 0.0266667 0.0283333
0 0.966667 0.527917 0.0316667 0.0358333
0 0.960833 0.445833 0.0316667 0.0333333
0 0.74875 0.715 0.0358333 0.0383333
0 0.3475 0.265417 0.0333333 0.0358333
0 0.25125 0.425 0.0358333 0.0383333
0 0.318333 0.085 0.035 0.0383333
0 0.6625 0.137083 0.0333333 0.0341667
0 0.29875 0.209167 0.0358333 0.0383333
0 0.386667 0.47625 0.035 0.0375
0 0.495833 0.28125 0.0333333 0.0358333
0 0.2 0.484583 0.035 0.0375
0 0.837917 0.762083 0.0358333 0.0391667
0 0.285 0.416667 0.035 0.0383333
0 0.82375 0.602917 0.0325 0.0341667
0 0.243333 0.323333 0.0333333 0.0366667
0 0.219583 0.360417 0.0341667 0.0375
