0 0.821667 0.0158333 0.035 0.0316667
0 0.26125 0.0204167 0.0241667 0.0241667
0 0.662083 0.48625 0.0408333 0.0441667
0 0.31875 0.0358333 0.0275 0.0316667
0 0.534583 0.975 0.0375 0.04
0 0.336667 0.534167 0.03 0.0333333
0 0.7025 0.635 0.03 0.0333333
0 0.655833 0.440417 0.0416667 0.0458333
0 0.0670833 0.532083 0.0408333 0.0458333
0 0.31875 0.4225 0.0441667 0.0516667
0 0.537083 0.74375 0.0375 0.0391667
0 0.442083 0.00833333 0.0358333 0.0166667
0 0.340417 0.379583 0.0325 0.0341667
0 0.7625 0.356667 0.035 0.0366667
0 0.595417 0.120833 0.0325 0.0333333
0 0.992083 0.3875 0.0158333 0.0366667
0 0.975833 0.2025 0.0416667 0.0433333
0 0.890833 0.179583 0.0316667 0.0358333
0 0.49 0.958333 0.035 0.0366667
0 0.43 0.51625 0.0316667 0.0375
0 0.991667 0.540417 0.0166667 0.0291667
0 0.00833333 0.0658333 0.0166667 0.0316667
0 0.520417 0.01375 0.0375 0.0258333
0 0.134167 0.991667 0.03 0.0166667
0 0.233333 0.622917 0.0416667 0.0508333
0 0.950417 0.363333 0.0341667 0.0333333
0 0.107917 0.512917 0.0358333 0.0408333
0 0.693333 0.429583 0.0333333 0.0358333
0 0.891667 0.542917 0.035 0.0425
0 0.579167 0.47 0.03 0.035
0 0.025 0.864583 0.0366667 0.0408333
0 0.3575 0.25 0.0316667 0.0316667
0 0.19 0.517917 0.0383333 0.0408333
0 0.153333 0.836667 0.0366667 0.04
0 0.957917 0.035 0.0408333 0.045
0 0.04 0.227083 0.0383333 0.0441667
0 0.682917 0.619583 0.0308333 0.0375
0 0.86875 0.0283333 0.0275 0.03
0 0.178333 0.593333 0.04 0.045
0 0.80375 0.495 0.0375 0.0433333
0 0.599583 0.0295833 0.0375 0.0425
0 0.44 0.0579167 0.0266667 0.0291667
0 0.367083 0.430833 0.0308333 0.0333333
0 0.135 0.56125 0.0366667 0.0375
0 0.987917 0.287917 0.0241667 0.0358333
0 0.3925 0.62875 0.04 0.0458333
0 0.0566667 0.9925 0.0283333 0.015
0 0.266667 0.26125 0.0366667 0.0425
0 0.327917 0.77625 0.0291667 0.0325
0 0.88625 0.0916667 0.0341667 0.0383333
0 0.845417 0.692917 0.0341667 0.0375
0 0.196667 0.689583 0.0366667 0.0408333
0 0.957083 0.39875 0.0375 0.0408333
0 0.466667 0.149583 0.0383333 0.0408333
0 0.01125 0.69875 0.0225 0.0408333
0 0.814167 0.437083 0.03 0.0325
0 0.704167 0.34125 0.0366667 0.0391667
0 0.462083 0.915833 0.0358333 0.04
0 0.463333 0.437083 0.0333333 0.0341667
0 0.595833 0.860833 0.0283333 0.03
0 0.66625 0.0833333 0.0291667 0.0333333
0 0.76875 0.232917 0.0341667 0.0358333
0 0.835417 0.24125 0.0408333 0.0491667
0 0.180833 0.38375 0.035 0.0375
0 0.710833 0.1275 0.0433333 0.0466667
0 0.0883333 0.915833 0.0366667 0.045
0 0.757083 0.55375 0.0358333 0.0375
0 0.846667 0.04875 0.0316667 0.0325
0 0.94375 0.580833 0.0341667 0.0366667
0 0.153333 0.892083 0.0366667 0.0408333
0 0.424583 0.883333 0.0375 0.0383333
0 0.127917 0.415833 0.0358333 0.04
0 0.5725 0.0604167 0.0333333 0.0358333
0 0.314583 0.492083 0.0408333 0.0458333
0 0.287917 0.962083 0.0358333 0.0425
0 0.921667 0.465833 0.035 0.0383333
0 0.7025 0.16875 0.0383333 0.0425
0 0.31875 0.266667 0.0341667 0.0383333
0 0.574167 0.199167 0.0383333 0.0416667
0 0.604167 0.26875 0.0383333 0.0425
0 0.0579167 0.313333 0.0358333 0.0383333
0 0.176667 0.179167 0.035 0.0383333
0 0.812083 0.217083 0.0325 0.0358333
0 0.02625 0.76625 0.0341667 0.0358333
0 0.09875 0.362917 0.0375 0.0425
0 0.324583 0.0683333 0.0358333 0.0366667
0 0.719583 0.212917 0.0408333 0.0425
0 0.504583 0.16375 0.0375 0.0425
0 0.0170833 0.481667 0.0341667 0.04
0 0.871667 0.44 0.0316667 0.035
0 0.545 0.56 0.0366667 0.0433333
0 0.652083 0.045 0.0308333 0.0333333
0 0.78875 0.438333 0.0308333 0.0333333
0 0.684583 0.774167 0.0308333 0.03
0 0.183333 0.44 0.0366667 0.0383333
0 0.810833 0.529167 0.0283333 0.03
0 0.513333 0.514583 0.0366667 0.0391667
0 0.814167 0.316667 0.035 0.045
0 0.9625 0.297083 0.03 0.0325
0 0.374167 0.302083 0.0383333 0.0425
0 0.4025 0.157083 0.0366667 0.0391667
0 0.306667 0.204167 0.0366667 0.0383333
0 0.105 0.79875 0.035 0.0375
0 0.49875 0.565417 0.0341667 0.0375
0 0.290833 0.124167 0.035 0.0366667
0 0.441667 0.770417 0.0283333 0.0308333
0 0.764167 0.112083 0.0366667 0.0408333
0 0.587083 0.390417 0.0375 0.0425
0 0.377917 0.792917 0.0275 0.0291667
0 0.0354167 0.407083 0.0358333 0.0375
0 0.487917 0.463333 0.0341667 0.0366667
0 0.341667 0.699167 0.04 0.0416667
0 0.332083 0.733333 0.0325 0.0333333
0 0.304583 0.860417 0.0308333 0.0325
0 0.548333 0.635833 0.0383333 0.0433333
0 0.055 0.377917 0.0333333 0.0358333
0 0.0479167 0.469583 0.0308333 0.0341667
0 0.826667 0.587917 0.035 0.0391667
0 0.234167 0.379167 0.035 0.0383333
0 0.151667 0.738333 0.0333333 0.0366667
0 0.760833 0.684167 0.0316667 0.0333333
0 0.127917 0.653333 0.0375 0.0433333
0 0.685833 0.374167 0.03 0.035
0 0.855417 0.627083 0.0358333 0.0391667
0 0.545417 0.317917 0.0325 0.0358333
0 0.384167 0.1075 0.0366667 0.0383333
0 0.305833 0.63875 0.035 0.0375
0 0.859583 0.49625 0.0308333 0.0308333
0 0.109167 0.720833 0.0316667 0.035
0 0.446667 0.55 0.0416667 0.045
0 0.983333 0.594167 0.0316667 0.035
0 0.46625 0.396667 0.0408333 0.0416667
0 0.6675 0.32125 0.0333333 0.0358333
0 0.624583 0.60875 0.0341667 0.0375
0 0.10375 0.285 0.0358333 0.04
0 0.733333 0.264583 0.04 0.0425
0 0.4025 0.0570833 0.0316667 0.0341667
0 0.216667 0.22 0.0333333 0.035
0 0.24375 0.897083 0.0341667 0.0358333
0 0.19125 0.0970833 0.0341667 0.0358333
0 0.531667 0.714583 0.0283333 0.0308333
0 0.603333 0.534583 0.035 0.0391667
0 0.03 0.955833 0.035 0.0366667
0 0.279583 0.567917 0.0341667 0.0358333
0 0.0354167 0.57125 0.0375 0.0391667
0 0.87375 0.344583 0.0358333 0.0391667
0 0.773333 0.295417 0.035 0.0375
0 0.76 0.39875 0.0383333 0.0425
0 0.32875 0.14 0.0291667 0.0316667
0 0.0366667 0.92375 0.03 0.0325
0 0.0458333 0.662083 0.035 0.0375
0 0.479583 0.600833 0.0341667 0.0366667
0 0.737917 0.714583 0.0325 0.0341667
0 0.238333 0.52625 0.035 0.0358333
0 0.1075 0.9575 0.03 0.0316667
0 0.176667 0.812917 0.0316667 0.0325
0 0.887083 0.27625 0.0358333 0.0391667
0 0.68125 0.565833 0.0358333 0.0383333
0 0.654167 0.806667 0.035 0.0383333
0 0.297083 0.337083 0.0325 0.0358333
0 0.0529167 0.82125 0.0325 0.0341667
0 0.485417 0.735417 0.0341667 0.0358333
0 0.454583 0.672917 0.0341667 0.0358333
0 0.18875 0.3 0.0341667 0.0366667
0 0.940417 0.155833 0.0308333 0.0333333
0 0.934167 0.12 0.0333333 0.035
0 0.161667 0.244583 0.035 0.0375
0 0.807917 0.270833 0.0325 0.0366667
0 0.47 0.28125 0.035 0.0375
0 0.143333 0.94125 0.0333333 0.0358333
0 0.74375 0.455833 0.0341667 0.0366667
0 0.465 0.622083 0.0333333 0.0358333
0 0.921667 0.295417 0.035 0.0391667
0 0.262083 0.42875 0.0341667 0.0375
0 0.547083 0.823333 0.0375 0.0433333
0 0.639583 0.115833 0.0358333 0.0383333
0 0.818333 0.18 0.035 0.0383333
0 0.41375 0.209167 0.0325 0.035
0 0.81125 0.085 0.0358333 0.0366667
0 0.04875 0.615 0.0358333 0.0383333
0 0.771667 0.0775 0.035 0.0383333
0 0.429167 0.799167 0.0333333 0.035
0 0.255833 0.338333 0.035 0.0383333
0 0.220417 0.736667 0.0341667 0.0366667
0 0.515 0.0741667 0.0316667 0.035
0 0.230833 0.177083 0.0333333 0.0341667
0 0.424167 0.485 0.035 0.0383333
0 0.253333 0.7875 0.0316667 0.0316667
0 0.575 0.692917 0.0333333 0.0358333
0 0.692917 0.0145833 0.0325 0.0275
0 0.553333 0.112917 0.0366667 0.0408333
0 0.35875 0.632917 0.0325 0.0375
