0 0.550417 0.209583 0.0341667 0.0275
0 0.992917 0.8475 0.0141667 0.0333333
0 0.944583 0.364583 0.0325 0.0375
0 0.90125 0.905833 0.0258333 0.0283333
0 0.201667 0.881667 0.0433333 0.05
0 0.00791667 0.192083 0.0158333 0.0341667
0 0.92375 0.686667 0.0325 0.0366667
0 0.17125 0.07375 0.0358333 0.0408333
0 0.845417 0.922083 0.0275 0.0325
0 0.610417 0.75375 0.0308333 0.0391667
0 0.274583 0.00666667 0.0291667 0.0133333
0 0.72375 0.757083 0.0308333 0.0325
0 0.0504167 0.0120833 0.0325 0.0241667
0 0.634167 0.571667 0.045 0.0466667
0 0.758333 0.442083 0.0366667 0.0375
0 0.410833 0.663333 0.0433333 0.0466667
0 0.33 0.58875 0.035 0.0358333
0 0.147083 0.445417 0.0358333 0.0391667
0 0.542917 0.485417 0.0408333 0.0441667
0 0.62375 0.4275 0.0441667 0.0533333
0 0.747917 0.795833 0.0441667 0.045
0 0.302917 0.657917 0.0391667 0.0491667
0 0.924167 0.958333 0.0283333 0.03
0 0.174167 0.946667 0.04 0.045
0 0.749167 0.29375 0.0366667 0.0441667
0 0.863333 0.218333 0.035 0.04
0 0.257917 0.813333 0.0225 0.025
0 0.705417 0.940417 0.0391667 0.0475
0 0.849583 0.520417 0.0358333 0.0441667
0 0.91375 0.992083 0.0308333 0.0158333
0 0.426667 0.106667 0.04 0.0416667
0 0.232917 0.26 0.0375 0.045
0 0.87375 0.59 0.0358333 0.0383333
0 0.507917 0.81875 0.0391667 0.0408333
0 0.19125 0.81625 0.0391667 0.0441667
0 0.391667 0.990833 0.03 0.0183333
0 0.75875 0.8725 0.0391667 0.0466667
0 0.62875 0.850833 0.0391667 0.0433333
0 0.667083 0.714167 0.0408333 0.045
0 0.512083 0.700833 0.0408333 0.0416667
0 0.0408333 0.3925 0.0316667 0.0366667
0 0.904167 0.467083 0.0266667 0.0291667
0 0.864583 0.875833 0.0375 0.045
0 0.992917 0.345 0.0141667 0.0316667
0 0.52125 0.907083 0.0341667 0.0375
0 0.035 0.101667 0.0383333 0.0483333
0 0.877917 0.29125 0.0325 0.0375
0 0.979167 0.583333 0.0333333 0.035
0 0.752083 0.634167 0.0341667 0.04
0 0.640833 0.933333 0.0366667 0.04
0 0.248333 0.969583 0.0366667 0.0425
0 0.66375 0.773333 0.0375 0.0483333
0 0.61375 0.462083 0.0341667 0.0391667
0 0.195417 0.345417 0.0425 0.0408333
0 0.555 0.81625 0.04 0.0425
0 0.217083 0.12375 0.0375 0.0441667
0 0.187917 0.025 0.0391667 0.04
0 0.18 0.306667 0.0316667 0.0366667
0 0.3 0.0779167 0.0366667 0.0391667
0 0.673333 0.463333 0.0366667 0.0416667
0 0.292917 0.139167 0.0358333 0.0416667
0 0.757917 0.35875 0.0358333 0.0408333
0 0.1625 0.397083 0.04 0.0425
0 0.704583 0.376667 0.0325 0.035
0 0.335 0.793333 0.035 0.04
0 0.72375 0.627917 0.0291667 0.0308333
0 0.304583 0.88875 0.0408333 0.0441667
0 0.669167 0.959583 0.0283333 0.0308333
0 0.786667 0.63375 0.0316667 0.0341667
0 0.5275 0.745833 0.0316667 0.035
0 0.883333 0.354167 0.035 0.0366667
0 0.368333 0.82375 0.0383333 0.0425
0 0.940417 0.939167 0.0341667 0.0366667
0 0.975833 0.720417 0.0366667 0.0391667
0 0.197083 0.738333 0.0375 0.0416667
0 0.920833 0.896667 0.0316667 0.0333333
0 0.224583 0.782917 0.0375 0.0425
0 0.85125 0.414583 0.0325 0.0358333
0 0.0841667 0.373333 0.0366667 0.0416667
0 0.829167 0.99125 0.0316667 0.0158333
0 0.567917 0.74125 0.0341667 0.0375
0 0.409583 0.5925 0.0341667 0.0383333
0 0.345 0.67625 0.0383333 0.0408333
0 0.734583 0.697917 0.0408333 0.0425
0 0.96125 0.548333 0.0275 0.0283333
0 0.453333 0.634167 0.04 0.045
0 0.28 0.334583 0.0333333 0.0358333
0 0.4475 0.747917 0.04 0.0408333
0 0.85625 0.960833 0.0375 0.04
0 0.49125 0.586667 0.0341667 0.0383333
0 0.137917 0.345 0.0375 0.0416667
0 0.97375 0.423333 0.0358333 0.04
0 0.326667 0.0408333 0.035 0.0366667
0 0.285417 0.22 0.0358333 0.04
0 0.614583 0.522917 0.0358333 0.0408333
0 0.113333 0.824583 0.0366667 0.0391667
0 0.725417 0.450833 0.0341667 0.0366667
0 0.26125 0.12 0.0358333 0.0383333
0 0.835 0.726667 0.04 0.0466667
0 0.1225 0.49625 0.0316667 0.0325
0 0.304167 0.76625 0.0366667 0.0408333
0 0.376667 0.747917 0.0366667 0.0425
0 0.136667 0.267083 0.0366667 0.0408333
0 0.0920833 0.305 0.0291667 0.0316667
0 0.989167 0.949583 0.0216667 0.0308333
0 0.418333 0.06875 0.0416667 0.0408333
0 0.557917 0.593333 0.0325 0.035
0 0.485417 0.125 0.0358333 0.04
0 0.28625 0.95125 0.0375 0.0391667
0 0.48625 0.544167 0.0325 0.0366667
0 0.904167 0.440417 0.0333333 0.0358333
0 0.425417 0.0270833 0.0375 0.0391667
0 0.562083 0.8875 0.0391667 0.0466667
0 0.133333 0.11625 0.0333333 0.0358333
0 0.904167 0.64875 0.0366667 0.0391667
0 0.775833 0.520417 0.035 0.0375
0 0.0420833 0.172917 0.0375 0.0425
0 0.336667 0.872083 0.0316667 0.0341667
0 0.260417 0.06375 0.0325 0.0358333
0 0.243333 0.880417 0.0383333 0.0425
0 0.840833 0.265833 0.0333333 0.0366667
0 0.777917 0.580417 0.0325 0.0358333
0 0.0895833 0.0725 0.0358333 0.04
0 0.559167 0.0820833 0.0316667 0.0341667
0 0.399167 0.959167 0.04 0.04
0 0.601667 0.685833 0.0383333 0.0433333
0 0.885 0.554583 0.03 0.0341667
0 0.988333 0.290417 0.02 0.0375
0 0.737083 0.967917 0.0341667 0.0341667
0 0.484583 0.877083 0.0358333 0.0391667
0 0.439583 0.902083 0.0341667 0.0375
0 0.562917 0.98625 0.0341667 0.0275
0 0.652083 0.00958333 0.0308333 0.0191667
0 0.690833 0.893333 0.035 0.0366667
0 0.277083 0.74875 0.0308333 0.0325
0 0.242083 0.724583 0.0375 0.0375
0 0.2725 0.642917 0.0333333 0.0375
0 0.702917 0.787917 0.0358333 0.0391667
0 0.0725 0.290417 0.0333333 0.0358333
0 0.242917 0.1625 0.0358333 0.0383333
0 0.96875 0.908333 0.0275 0.0283333
0 0.36625 0.0229167 0.0358333 0.0375
0 0.43625 0.948333 0.0325 0.035
0 0.444583 0.8225 0.0391667 0.0433333
0 0.950833 0.3325 0.0333333 0.035
0 0.82625 0.357083 0.0341667 0.0375
0 0.839583 0.469583 0.0358333 0.0391667
0 0.96375 0.63875 0.0341667 0.0408333
0 0.317917 0.119167 0.0341667 0.0366667
0 0.70625 0.548333 0.0341667 0.04
0 0.9725 0.98375 0.0266667 0.0291667
0 0.0566667 0.248333 0.0316667 0.035
0 0.365417 0.151667 0.0358333 0.0383333
0 0.121667 0.172083 0.0316667 0.0358333
0 0.821667 0.791667 0.035 0.0366667
0 0.582917 0.793333 0.0325 0.0366667
0 0.954167 0.51 0.0333333 0.0366667
0 0.531667 0.63375 0.0333333 0.0358333
0 0.22375 0.844167 0.0341667 0.0383333
0 0.91875 0.398333 0.0341667 0.0366667
0 0.0791667 0.2125 0.03 0.0316667
0 0.917083 0.274583 0.0341667 0.0391667
