0 0.62625 0.247917 0.0325 0.0375
0 0.467083 0.354167 0.0308333 0.0316667
0 0.98875 0.17125 0.0225 0.0341667
0 0.893333 0.00875 0.035 0.0175
0 0.65375 0.178333 0.0425 0.0516667
0 0.629167 0.0220833 0.035 0.0358333
0 0.0529167 0.970417 0.0291667 0.0308333
0 0.191667 0.8075 0.0266667 0.0283333
0 0.3275 0.3125 0.0316667 0.0383333
0 0.760417 0.386667 0.0258333 0.0216667
0 0.865417 0.98 0.0291667 0.0333333
0 0.140833 0.75375 0.0266667 0.0308333
0 0.369583 0.383333 0.0325 0.0366667
0 0.878333 0.0616667 0.0383333 0.045
0 0.19875 0.0541667 0.0358333 0.04
0 0.359583 0.652917 0.0408333 0.0425
0 0.15625 0.413333 0.0441667 0.0516667
0 0.0341667 0.644167 0.0366667 0.0416667
0 0.616667 0.947917 0.04 0.0425
0 0.0875 0.528333 0.0283333 0.0283333
0 0.2675 0.47375 0.0316667 0.0375
0 0.99375 0.255417 0.0125 0.0325
0 0.925417 0.992917 0.0325 0.0141667
0 0.47125 0.407917 0.0408333 0.0458333
0 0.0908333 0.9925 0.035 0.015
0 0.575833 0.25125 0.045 0.0508333
0 0.162083 0.13375 0.0358333 0.0358333
0 0.914583 0.224583 0.0358333 0.0375
0 0.929167 0.152917 0.0383333 0.0441667
0 0.005 0.290417 0.01 0.0325
0 0.62625 0.482083 0.0358333 0.0458333
0 0.143333 0.864167 0.0266667 0.03
0 0.99125 0.07 0.0158333 0.0383333
0 0.236667 0.647083 0.035 0.0391667
0 0.767083 0.0791667 0.0358333 0.04
0 0.609167 0.0433333 0.0383333 0.045
0 0.574167 0.120833 0.0366667 0.04
0 0.108333 0.677917 0.0366667 0.0408333
0 0.2325 0.240417 0.0416667 0.0441667
0 0.01625 0.683333 0.0325 0.0366667
0 0.694167 0.960417 0.03 0.0341667
0 0.26125 0.0608333 0.0425 0.0516667
0 0.594167 0.567917 0.0366667 0.0391667
0 0.359167 0.07375 0.0283333 0.0358333
0 0.437083 0.0145833 0.0341667 0.0291667
0 0.085 0.614167 0.0366667 0.0466667
0 0.0720833 0.23625 0.0375 0.0408333
0 0.827083 0.514583 0.0341667 0.0375
0 0.80625 0.06875 0.0341667 0.0358333
0 0.47 0.556667 0.025 0.025
0 0.697083 0.305417 0.0391667 0.0458333
0 0.385833 0.407083 0.0333333 0.0358333
0 0.0358333 0.9125 0.0366667 0.0416667
0 0.788333 0.941667 0.04 0.0433333
0 0.736667 0.5475 0.035 0.0383333
0 0.503333 0.204583 0.0366667 0.0408333
0 0.402917 0.329167 0.0375 0.0416667
0 0.124167 0.80875 0.035 0.0441667
0 0.364583 0.240417 0.0341667 0.0408333
0 0.346667 0.00958333 0.04 0.0191667
0 0.942083 0.898333 0.0358333 0.0383333
0 0.94375 0.33625 0.0341667 0.0391667
0 0.9125 0.871667 0.035 0.0383333
0 0.566667 0.209167 0.0333333 0.035
0 0.736667 0.235417 0.0316667 0.0325
0 0.823333 0.296667 0.0283333 0.0283333
0 0.169583 0.250833 0.0358333 0.04
0 0.239583 0.580417 0.0358333 0.0408333
0 0.774583 0.334167 0.0291667 0.0316667
0 0.882917 0.16 0.0358333 0.0383333
0 0.127083 0.884167 0.0358333 0.04
0 0.01375 0.173333 0.0275 0.035
0 0.848333 0.79625 0.0333333 0.0375
0 0.396667 0.454167 0.0333333 0.0366667
0 0.310833 0.720417 0.035 0.0408333
0 0.37375 0.137083 0.0375 0.0458333
0 0.235417 0.370417 0.0291667 0.0308333
0 0.990833 0.2125 0.0183333 0.0316667
0 0.6575 0.10375 0.0366667 0.0391667
0 0.114583 0.935833 0.0341667 0.04
0 0.255 0.440417 0.0316667 0.0358333
0 0.127917 0.475 0.0325 0.0333333
0 0.589583 0.346667 0.0341667 0.0366667
0 0.745833 0.0254167 0.0333333 0.0358333
0 0.410417 0.555 0.0341667 0.0366667
0 0.519583 0.49875 0.0358333 0.0375
0 0.23 0.804583 0.0333333 0.0341667
0 0.68125 0.41125 0.0308333 0.0325
0 0.434167 0.480417 0.0316667 0.0325
0 0.609167 0.169167 0.0366667 0.04
0 0.187917 0.373333 0.0325 0.0366667
0 0.18125 0.89125 0.0308333 0.0341667
0 0.461667 0.0920833 0.0316667 0.0341667
0 0.312917 0.838333 0.0358333 0.0416667
0 0.18375 0.689167 0.0358333 0.0383333
0 0.77875 0.41375 0.0325 0.0358333
0 0.505417 0.345 0.0375 0.04
0 0.0783333 0.140417 0.0366667 0.0375
0 0.804167 0.985 0.035 0.03
0 0.0404167 0.202083 0.0391667 0.0458333
0 0.610417 0.407917 0.0325 0.0341667
0 0.318333 0.638333 0.0316667 0.0366667
0 0.161667 0.79375 0.0333333 0.0341667
0 0.125417 0.378333 0.0308333 0.0333333
0 0.710417 0.38875 0.0325 0.0325
0 0.22125 0.747917 0.0341667 0.0375
0 0.258333 0.895417 0.0366667 0.0425
0 0.170417 0.356667 0.0275 0.03
0 0.0933333 0.745417 0.0366667 0.0391667
0 0.71125 0.09 0.0341667 0.0383333
0 0.776667 0.233333 0.0366667 0.04
0 0.59625 0.672917 0.0375 0.0391667
0 0.21375 0.30375 0.0391667 0.0441667
0 0.544583 0.5825 0.0358333 0.0383333
0 0.78 0.5175 0.0366667 0.04
0 0.247917 0.692917 0.0308333 0.0325
0 0.37 0.5925 0.0366667 0.04
0 0.202083 0.83625 0.0308333 0.0341667
0 0.80125 0.131667 0.0375 0.04
0 0.670833 0.444167 0.0366667 0.0416667
0 0.105833 0.4575 0.035 0.0383333
0 0.409167 0.68625 0.0366667 0.0408333
0 0.632917 0.327083 0.0308333 0.0358333
0 0.292083 0.633333 0.0358333 0.0383333
0 0.277083 0.158333 0.0375 0.04
0 0.100833 0.06875 0.0366667 0.0391667
0 0.16875 0.0820833 0.0358333 0.0408333
0 0.394583 0.1925 0.0358333 0.0383333
0 0.239583 0.503333 0.0308333 0.0333333
0 0.291667 0.772917 0.035 0.0375
0 0.469583 0.700417 0.0391667 0.0408333
0 0.696667 0.534583 0.035 0.0375
0 0.98875 0.845417 0.0225 0.0408333
0 0.727917 0.354167 0.0308333 0.0333333
0 0.275 0.292083 0.0383333 0.0425
0 0.296667 0.41875 0.0316667 0.0341667
0 0.942917 0.0345833 0.0308333 0.0341667
0 0.39125 0.0241667 0.0358333 0.0416667
0 0.812917 0.425417 0.0308333 0.0325
0 0.302917 0.59125 0.0341667 0.0358333
0 0.535 0.65875 0.0333333 0.0358333
0 0.035 0.8075 0.0316667 0.0333333
0 0.464583 0.598333 0.0291667 0.0316667
0 0.862083 0.257083 0.0308333 0.0325
0 0.722083 0.469167 0.0325 0.035
0 0.257083 0.557083 0.0325 0.0358333
0 0.809583 0.3675 0.0325 0.0333333
0 0.635417 0.553333 0.0341667 0.0366667
0 0.860417 0.0158333 0.0325 0.0316667
0 0.82 0.0179167 0.0316667 0.0341667
0 0.90375 0.41 0.0358333 0.035
0 0.0770833 0.837917 0.0291667 0.0308333
0 0.172083 0.55 0.0325 0.035
0 0.620417 0.111667 0.0341667 0.035
0 0.8975 0.2025 0.0333333 0.0383333
0 0.204167 0.460833 0.0366667 0.0383333
0 0.548333 0.170417 0.0316667 0.0325
0 0.907917 0.293333 0.0308333 0.0333333
0 0.0679167 0.320833 0.0358333 0.0383333
0 0.484167 0.269583 0.0366667 0.0391667
0 0.480417 0.455 0.0341667 0.0366667
0 0.0354167 0.505833 0.0308333 0.0333333
0 0.758333 0.15875 0.035 0.0375
0 0.509167 0.717083 0.035 0.0375
0 0.455833 0.16625 0.035 0.0391667
0 0.85125 0.447917 0.0358333 0.0391667
0 0.665833 0.6275 0.035 0.0383333
0 0.232917 0.151667 0.0375 0.0416667
0 0.510833 0.62875 0.0333333 0.0358333
0 0.520417 0.0208333 0.0325 0.0333333
0 0.814583 0.2525 0.0291667 0.0316667
0 0.865833 0.32375 0.03 0.0325
0 0.207083 0.892083 0.0308333 0.0325
0 0.44625 0.28625 0.0341667 0.0375
0 0.5125 0.58125 0.0333333 0.0341667
0 0.819167 0.204583 0.0316667 0.0341667
0 0.375 0.787917 0.0333333 0.0325
0 0.0195833 0.400417 0.0341667 0.0375
0 0.375833 0.50625 0.0316667 0.0325
0 0.285 0.223333 0.035 0.0366667
0 0.135833 0.21375 0.035 0.0375
0 0.949583 0.441667 0.0308333 0.0333333
0 0.272083 0.353333 0.0325 0.0366667
0 0.5625 0.494583 0.0333333 0.0358333
0 0.0695833 0.5825 0.0325 0.0366667
0 0.942917 0.837083 0.0358333 0.0425
0 0.9675 0.982083 0.0333333 0.0325
0 0.194167 0.3425 0.035 0.0383333
