0 0.447083 0.01625 0.0425 0.0325
0 0.02 0.992917 0.0283333 0.0141667
0 0.947083 0.04 0.0425 0.0466667
0 0.984583 0.785 0.0308333 0.035
0 0.821667 0.465417 0.0333333 0.0358333
0 0.09 0.902917 0.0366667 0.0391667
0 0.302917 0.99 0.0391667 0.02
0 0.975833 0.403333 0.0316667 0.035
0 0.125 0.705 0.04 0.055
0 0.12 0.752083 0.0466667 0.0491667
0 0.0741667 0.704167 0.04 0.05
0 0.5925 0.836667 0.0433333 0.045
0 0.436667 0.8425 0.0333333 0.0366667
0 0.0191667 0.335833 0.0383333 0.0533333
0 0.964167 0.65 0.0466667 0.0516667
0 0.15625 0.0104167 0.0341667 0.0208333
0 0.36625 0.171667 0.0341667 0.0366667
0 0.135 0.992083 0.0333333 0.0158333
0 0.492917 0.64 0.0291667 0.0333333
0 0.94125 0.245417 0.0375 0.0425
0 0.375833 0.0695833 0.0283333 0.0308333
0 0.270833 0.0733333 0.0266667 0.03
0 0.738333 0.959583 0.03 0.0325
0 0.250417 0.6725 0.0408333 0.0483333
0 0.98375 0.257917 0.0291667 0.0308333
0 0.355 0.125 0.0433333 0.045
0 0.52625 0.333333 0.0308333 0.03
0 0.23375 0.0420833 0.0425 0.0475
0 0.0745833 0.0175 0.0358333 0.035
0 0.0941667 0.8125 0.0416667 0.0516667
0 0.0166667 0.48875 0.0333333 0.0425
0 0.304167 0.72 0.0433333 0.0433333
0 0.419583 0.725 0.0325 0.035
0 0.434583 0.869583 0.0291667 0.0308333
0 0.985417 0.575833 0.0275 0.0366667
0 0.837083 0.328333 0.0358333 0.04
0 0.27375 0.960833 0.0408333 0.0433333
0 0.64375 0.31 0.0375 0.04
0 0.900833 0.3775 0.04 0.0516667
0 0.1675 0.55375 0.0383333 0.0391667
0 0.47375 0.567083 0.0375 0.0408333
0 0.0991667 0.100417 0.0366667 0.0441667
0 0.73625 0.991667 0.0291667 0.0166667
0 0.945833 0.7025 0.0333333 0.0383333
0 0.51375 0.439167 0.0441667 0.0433333
0 0.862083 0.187917 0.0425 0.0458333
0 0.763333 0.762083 0.0383333 0.0441667
0 0.762917 0.435833 0.0325 0.0366667
0 0.432083 0.05375 0.0358333 0.0391667
0 0.219167 0.977083 0.0283333 0.0325
0 0.0125 0.07 0.025 0.04
0 0.0470833 0.275417 0.0341667 0.0375
0 0.43 0.58875 0.035 0.0375
0 0.638333 0.390833 0.0366667 0.0466667
0 0.0804167 0.930833 0.0425 0.045
0 0.188333 0.734583 0.0433333 0.0425
0 0.82625 0.427917 0.0291667 0.0341667
0 0.5225 0.49875 0.0383333 0.0441667
0 0.58625 0.7575 0.0358333 0.0433333
0 0.654583 0.7425 0.0375 0.045
0 0.6975 0.598333 0.0416667 0.045
0 0.230417 0.640833 0.0375 0.0466667
0 0.858333 0.867917 0.0316667 0.0341667
0 0.247917 0.164583 0.0275 0.0291667
0 0.48625 0.885417 0.0391667 0.0441667
0 0.150833 0.870833 0.0383333 0.0416667
0 0.7425 0.884167 0.04 0.0433333
0 0.214583 0.295417 0.0341667 0.0358333
0 0.5975 0.71375 0.0416667 0.0441667
0 0.314167 0.940417 0.0366667 0.0408333
0 0.112083 0.223333 0.0308333 0.0333333
0 0.6675 0.436667 0.0316667 0.03
0 0.360833 0.95375 0.0333333 0.0358333
0 0.220833 0.82125 0.04 0.0458333
0 0.245 0.554583 0.0366667 0.0408333
0 0.802917 0.394167 0.0308333 0.0333333
0 0.40375 0.800417 0.0375 0.0425
0 0.38375 0.761667 0.0341667 0.0366667
0 0.955 0.451667 0.0316667 0.0366667
0 0.699583 0.779583 0.0375 0.0408333
0 0.36125 0.85625 0.0408333 0.0425
0 0.755417 0.713333 0.0325 0.0366667
0 0.924583 0.863333 0.0325 0.035
0 0.902083 0.299583 0.0375 0.0441667
0 0.14875 0.957083 0.0341667 0.0341667
0 0.9875 0.935417 0.025 0.0275
0 0.67 0.555 0.0383333 0.04
0 0.217917 0.88 0.0391667 0.045
0 0.634167 0.493333 0.0333333 0.0383333
0 0.315417 0.77375 0.0341667 0.0358333
0 0.73875 0.459583 0.0408333 0.0425
0 0.6525 0.262917 0.0366667 0.0375
0 0.00875 0.393333 0.0175 0.0316667
0 0.767917 0.8175 0.0358333 0.0366667
0 0.735417 0.33375 0.0358333 0.0375
0 0.947083 0.608333 0.0308333 0.0316667
0 0.984167 0.702917 0.0316667 0.0408333
0 0.82125 0.78625 0.0358333 0.0408333
0 0.869583 0.909583 0.0341667 0.0341667
0 0.529583 0.662083 0.0358333 0.0391667
0 0.909167 0.661667 0.035 0.0383333
0 0.46625 0.8175 0.0375 0.0416667
0 0.706667 0.257083 0.0383333 0.0441667
0 0.477917 0.780417 0.0275 0.0291667
0 0.789167 0.611667 0.0366667 0.0433333
0 0.746667 0.5325 0.03 0.0316667
0 0.429583 0.922917 0.0391667 0.0425
0 0.48375 0.524583 0.0375 0.0408333
0 0.682917 0.505833 0.0358333 0.0383333
0 0.218333 0.186667 0.0316667 0.035
0 0.755 0.285417 0.0366667 0.0458333
0 0.90875 0.1775 0.0408333 0.045
0 0.32125 0.668333 0.0358333 0.0416667
0 0.00958333 0.256667 0.0191667 0.0333333
0 0.972917 0.326667 0.0275 0.0316667
0 0.604167 0.64125 0.0333333 0.0341667
0 0.51125 0.350833 0.0358333 0.0383333
0 0.985 0.163333 0.03 0.04
0 0.31375 0.873333 0.0408333 0.0483333
0 0.79625 0.906667 0.0358333 0.0383333
0 0.95 0.8925 0.0333333 0.0366667
0 0.0108333 0.231667 0.0216667 0.035
0 0.0491667 0.194583 0.0333333 0.0341667
0 0.57125 0.898333 0.0341667 0.035
0 0.93875 0.80875 0.0358333 0.0375
0 0.0370833 0.132083 0.0375 0.0391667
0 0.304583 0.620833 0.0341667 0.0366667
0 0.24875 0.92375 0.0375 0.0408333
0 0.892083 0.738333 0.0391667 0.0416667
0 0.508333 0.3925 0.0366667 0.0383333
0 0.931667 0.755 0.0316667 0.0333333
0 0.3275 0.0120833 0.0333333 0.0241667
0 0.779167 0.472083 0.0366667 0.0375
0 0.272917 0.797083 0.0375 0.0425
0 0.0320833 0.0225 0.0341667 0.0383333
0 0.121667 0.0616667 0.03 0.0316667
0 0.50875 0.134583 0.0341667 0.0375
0 0.529167 0.940417 0.035 0.0408333
0 0.787083 0.85375 0.0308333 0.0325
0 0.5025 0.0995833 0.035 0.0375
0 0.90625 0.1325 0.0375 0.04
0 0.295 0.105417 0.0316667 0.0341667
0 0.779583 0.580833 0.0308333 0.035
0 0.562083 0.535833 0.0358333 0.0433333
0 0.795417 0.68375 0.0375 0.0408333
0 0.345 0.607083 0.0333333 0.0358333
0 0.808333 0.273333 0.0333333 0.0366667
0 0.665833 0.874583 0.035 0.0375
0 0.574167 0.96 0.0333333 0.0333333
0 0.579583 0.607917 0.0325 0.0341667
0 0.522083 0.98375 0.0325 0.0308333
0 0.0875 0.0670833 0.0383333 0.0391667
0 0.486667 0.939583 0.035 0.0358333
0 0.245417 0.109167 0.0375 0.04
0 0.0370833 0.972917 0.0291667 0.0325
0 0.435417 0.516667 0.0358333 0.0366667
0 0.184583 0.10375 0.0308333 0.0325
0 0.12125 0.292083 0.0325 0.0341667
0 0.79125 0.532917 0.0358333 0.0391667
0 0.285 0.135417 0.035 0.0391667
0 0.977083 0.28875 0.0308333 0.0325
0 0.70125 0.653333 0.0358333 0.0383333
0 0.574167 0.400417 0.0366667 0.0408333
0 0.55125 0.812083 0.0308333 0.0325
0 0.5025 0.6025 0.0333333 0.0333333
0 0.861667 0.657083 0.0366667 0.0391667
0 0.702083 0.685417 0.0341667 0.0375
0 0.54625 0.569583 0.0308333 0.0325
0 0.384583 0.5125 0.0358333 0.0383333
0 0.0983333 0.151667 0.0333333 0.035
0 0.970417 0.103333 0.0341667 0.0366667
0 0.152083 0.150417 0.0325 0.0358333
0 0.675 0.985833 0.0316667 0.0266667
0 0.402083 0.679167 0.0341667 0.0366667
0 0.71875 0.40625 0.0358333 0.0391667
0 0.517917 0.76625 0.0325 0.0358333
0 0.336667 0.5225 0.035 0.0383333
0 0.90625 0.442917 0.0308333 0.0325
0 0.405833 0.63 0.035 0.0366667
0 0.874167 0.497917 0.0333333 0.0358333
0 0.625 0.0254167 0.0333333 0.0358333
0 0.176667 0.221667 0.0333333 0.035
0 0.15 0.834167 0.035 0.04
0 0.17875 0.802083 0.0341667 0.0375
0 0.0579167 0.864167 0.0341667 0.0383333
