0 0.359583 0.005 0.0308333 0.01
0 0.562917 0.435833 0.0375 0.0383333
0 0.19875 0.29375 0.0241667 0.0258333
0 0.4525 0.673333 0.0416667 0.0483333
0 0.0254167 0.91625 0.0391667 0.0458333
0 0.0983333 0.380833 0.0383333 0.0433333
0 0.287083 0.362917 0.0291667 0.0325
0 0.490417 0.2 0.0208333 0.0233333
0 0.512917 0.417083 0.0291667 0.0308333
0 0.173333 0.494167 0.035 0.0383333
0 0.0258333 0.270833 0.0283333 0.0316667
0 0.130833 0.733333 0.04 0.0483333
0 0.243333 0.749167 0.035 0.0383333
0 0.524167 0.652083 0.04 0.0441667
0 0.00583333 0.162083 0.0116667 0.0325
0 0.902917 0.0208333 0.0325 0.035
0 0.06875 0.347917 0.0425 0.0458333
0 0.104583 0.635417 0.0358333 0.0408333
0 0.344583 0.455417 0.0358333 0.0391667
0 0.242917 0.57375 0.0341667 0.0358333
0 0.2275 0.63 0.035 0.0366667
0 0.988333 0.194167 0.0216667 0.045
0 0.0595833 0.726667 0.0241667 0.025
0 0.556667 0.296667 0.0333333 0.0383333
0 0.506667 0.230833 0.0366667 0.0466667
0 0.6225 0.334167 0.0316667 0.0333333
0 0.313333 0.572917 0.04 0.0491667
0 0.0395833 0.756667 0.0408333 0.045
0 0.416667 0.240833 0.0433333 0.0516667
0 0.510833 0.0104167 0.0316667 0.0208333
0 0.365417 0.41625 0.0308333 0.0341667
0 0.768333 0.365 0.0383333 0.04
0 0.72 0.0758333 0.0366667 0.045
0 0.592917 0.0229167 0.0325 0.0325
0 0.460833 0.170833 0.0383333 0.045
0 0.145 0.856667 0.0333333 0.0366667
0 0.692917 0.505417 0.0358333 0.0391667
0 0.375833 0.297917 0.0283333 0.0308333
0 0.903333 0.256667 0.0366667 0.0433333
0 0.22125 0.265833 0.0375 0.04
0 0.0225 0.0129167 0.0366667 0.0258333
0 0.559167 0.1775 0.0366667 0.0416667
0 0.0870833 0.03875 0.0325 0.0341667
0 0.9025 0.182083 0.0366667 0.0425
0 0.112917 0.575833 0.0358333 0.0383333
0 0.0933333 0.519167 0.04 0.0416667
0 0.673333 0.213333 0.0383333 0.0433333
0 0.900833 0.359583 0.0366667 0.0425
0 0.68625 0.29125 0.0375 0.0425
0 0.0116667 0.33125 0.0233333 0.0375
0 0.138333 0.0179167 0.035 0.0358333
0 0.03 0.452083 0.04 0.0441667
0 0.19625 0.429583 0.0391667 0.0475
0 0.906667 0.0654167 0.0333333 0.0375
0 0.386667 0.586667 0.0333333 0.0366667
0 0.0375 0.53125 0.04 0.0408333
0 0.523333 0.09375 0.0383333 0.0425
0 0.0441667 0.805 0.0383333 0.0416667
0 0.165417 0.212917 0.0241667 0.0241667
0 0.0125 0.394167 0.025 0.0366667
0 0.278333 0.254167 0.0316667 0.0333333
0 0.937917 0.12625 0.0341667 0.0375
0 0.549167 0.396667 0.0383333 0.04
0 0.737083 0.43625 0.0358333 0.0391667
0 0.279167 0.465833 0.04 0.0433333
0 0.272083 0.202083 0.0358333 0.0391667
0 0.87625 0.116667 0.0325 0.035
0 0.37 0.34375 0.0333333 0.0375
0 0.381667 0.0416667 0.035 0.0366667
0 0.859167 0.199167 0.0366667 0.04
0 0.925 0.280417 0.0316667 0.0358333
0 0.06125 0.171667 0.0308333 0.035
0 0.14375 0.432083 0.0308333 0.0341667
0 0.982917 0.0216667 0.0325 0.035
0 0.740833 0.142083 0.035 0.0358333
0 0.48 0.0570833 0.0333333 0.0358333
0 0.3725 0.490417 0.03 0.0341667
0 0.249583 0.0179167 0.0358333 0.0358333
0 0.19125 0.139167 0.0325 0.0333333
0 0.23 0.139167 0.03 0.0333333
0 0.234583 0.0933333 0.0391667 0.0416667
0 0.27125 0.732083 0.0325 0.0325
0 0.19125 0.529583 0.0375 0.0408333
0 0.362083 0.155833 0.0291667 0.0316667
0 0.02625 0.856667 0.0258333 0.0283333
0 0.794583 0.137083 0.0341667 0.0358333
0 0.734583 0.381667 0.0358333 0.0383333
0 0.487917 0.500833 0.0308333 0.0316667
0 0.404583 0.359167 0.0325 0.035
0 0.987917 0.0741667 0.0241667 0.0366667
0 0.189167 0.24 0.0316667 0.035
0 0.355833 0.0729167 0.0333333 0.0341667
0 0.381667 0.629583 0.0366667 0.0375
0 0.409583 0.0816667 0.0325 0.0333333
0 0.151667 0.38625 0.0383333 0.0425
0 0.156667 0.1 0.0366667 0.0416667
0 0.54625 0.241667 0.0308333 0.0333333
0 0.477917 0.121667 0.0375 0.0383333
0 0.23 0.207083 0.035 0.0391667
0 0.08625 0.712083 0.0241667 0.0258333
0 0.316667 0.28625 0.0333333 0.0358333
0 0.152917 0.60125 0.0358333 0.0408333
0 0.0425 0.107917 0.0316667 0.0341667
0 0.174583 0.0395833 0.0341667 0.0358333
0 0.17 0.732917 0.0333333 0.0375
0 0.847917 0.0833333 0.0341667 0.0383333
0 0.277917 0.6175 0.0341667 0.035
0 0.270417 0.678333 0.0341667 0.035
0 0.762917 0.2425 0.0308333 0.0333333
0 0.372083 0.21875 0.0341667 0.0391667
0 0.551667 0.0141667 0.035 0.0283333
0 0.0145833 0.640833 0.0291667 0.0333333
0 0.530833 0.05875 0.0333333 0.0375
0 0.621667 0.432083 0.0283333 0.0308333
0 0.40375 0.484167 0.0325 0.035
0 0.577083 0.0825 0.0325 0.0333333
0 0.806667 0.19875 0.0316667 0.0341667
0 0.33375 0.364583 0.0341667 0.0358333
0 0.796667 0.0254167 0.035 0.0375
0 0.710417 0.234167 0.0325 0.0333333
0 0.240417 0.304583 0.0308333 0.0325
0 0.294583 0.16125 0.0358333 0.0391667
0 0.477083 0.289167 0.0325 0.0333333
0 0.467917 0.44375 0.0275 0.0291667
0 0.202083 0.810833 0.0341667 0.0366667
0 0.585 0.195833 0.035 0.0366667
0 0.758333 0.300833 0.0283333 0.0283333
0 0.42875 0.51625 0.0275 0.0291667
0 0.439167 0.035 0.035 0.0383333
0 0.6175 0.298333 0.0316667 0.035
0 0.0495833 0.602917 0.0325 0.0341667
0 0.08 0.31 0.0333333 0.0366667
0 0.54125 0.484167 0.0325 0.0316667
0 0.687083 0.394167 0.0308333 0.0333333
0 0.295833 0.03 0.035 0.0383333
0 0.336667 0.115417 0.0333333 0.0358333
0 0.590417 0.232083 0.0325 0.0341667
0 0.180417 0.578333 0.0341667 0.0366667
0 0.0504167 0.233333 0.0358333 0.04
0 0.02375 0.489167 0.0358333 0.0366667
0 0.444167 0.354583 0.0333333 0.0358333
0 0.219583 0.670417 0.0325 0.0358333
0 0.134583 0.506667 0.0325 0.035
0 0.64875 0.152917 0.0325 0.0358333
