0 0.01 0.839583 0.02 0.0341667
0 0.76 0.382083 0.0383333 0.0408333
0 0.848333 0.352083 0.045 0.0558333
0 0.839167 0.0179167 0.0366667 0.0358333
0 0.1375 0.556667 0.03 0.0316667
0 0.194167 0.907917 0.0433333 0.0508333
0 0.993333 0.0145833 0.0133333 0.0291667
0 0.28375 0.99125 0.0258333 0.0158333
0 0.800833 0.00583333 0.0316667 0.0116667
0 0.674167 0.685833 0.0383333 0.035
0 0.365417 0.75125 0.0408333 0.0458333
0 0.92375 0.4925 0.0441667 0.05
0 0.412083 0.514583 0.0425 0.0491667
0 0.115417 0.414167 0.0325 0.04
0 0.891667 0.566667 0.0366667 0.04
0 0.623333 0.0266667 0.0366667 0.0433333
0 0.557083 0.250417 0.0291667 0.0308333
0 0.49625 0.542083 0.0358333 0.0375
0 0.754167 0.34125 0.0366667 0.0408333
0 0.559167 0.116667 0.0316667 0.0316667
0 0.87125 0.625833 0.0241667 0.025
0 0.015 0.420833 0.03 0.0383333
0 0.812083 0.162083 0.0341667 0.0358333
0 0.5875 0.477917 0.0466667 0.0541667
0 0.830833 0.690417 0.0333333 0.0391667
0 0.520833 0.0554167 0.0283333 0.0308333
0 0.441667 0.355833 0.0383333 0.0433333
0 0.3875 0.7925 0.0433333 0.0466667
0 0.717917 0.547083 0.0325 0.0341667
0 0.615833 0.172083 0.0333333 0.0358333
0 0.63875 0.60625 0.0375 0.0391667
0 0.130833 0.99125 0.0333333 0.0158333
0 0.0291667 0.644583 0.0433333 0.0458333
0 0.64 0.824583 0.0366667 0.0408333
0 0.67625 0.178333 0.0208333 0.0233333
0 0.977917 0.0966667 0.0408333 0.0433333
0 0.720833 0.387083 0.0366667 0.0391667
0 0.112083 0.9725 0.0258333 0.0266667
0 0.727083 0.0420833 0.0358333 0.0408333
0 0.769583 0.575417 0.0391667 0.0425
0 0.00833333 0.773333 0.0166667 0.035
0 0.854583 0.43625 0.0375 0.0441667
0 0.0745833 0.530833 0.0441667 0.0533333
0 0.05 0.882083 0.025 0.0258333
0 0.0575 0.61625 0.04 0.0458333
0 0.2975 0.740417 0.0383333 0.0441667
0 0.891667 0.269583 0.0383333 0.0458333
0 0.385417 0.36375 0.0341667 0.0375
0 0.990833 0.20625 0.0166667 0.0391667
0 0.753333 0.289167 0.0283333 0.03
0 0.514167 0.38 0.0316667 0.035
0 0.835417 0.48 0.0341667 0.0366667
0 0.770417 0.511667 0.0358333 0.0433333
0 0.31375 0.3225 0.0375 0.045
0 0.317917 0.823333 0.0425 0.0466667
0 0.672917 0.882083 0.0391667 0.0425
0 0.0279167 0.805833 0.0325 0.0366667
0 0.600417 0.210833 0.0341667 0.0366667
0 0.140417 0.328333 0.0375 0.0416667
0 0.59 0.143333 0.0366667 0.04
0 0.545833 0.198333 0.035 0.0366667
0 0.737917 0.425 0.0325 0.0333333
0 0.800417 0.0754167 0.0391667 0.0408333
0 0.850833 0.5675 0.0383333 0.0416667
0 0.596667 0.815833 0.04 0.0416667
0 0.6775 0.739167 0.04 0.0416667
0 0.548333 0.0708333 0.0366667 0.04
0 0.74875 0.45375 0.0358333 0.0358333
0 0.273333 0.663333 0.0416667 0.05
0 0.97375 0.316667 0.0308333 0.0333333
0 0.397083 0.47 0.0341667 0.0383333
0 0.47375 0.275417 0.0341667 0.0375
0 0.254583 0.989583 0.0258333 0.0191667
0 0.112917 0.855 0.0375 0.0416667
0 0.513333 0.83375 0.0383333 0.0408333
0 0.200833 0.55875 0.04 0.0458333
0 0.59125 0.329583 0.0308333 0.0325
0 0.810833 0.595 0.035 0.0383333
0 0.92625 0.156667 0.0408333 0.0416667
0 0.732917 0.850833 0.0325 0.035
0 0.54375 0.357083 0.0408333 0.0458333
0 0.430417 0.757083 0.0375 0.0425
0 0.035 0.0195833 0.0366667 0.0391667
0 0.162083 0.642917 0.0391667 0.0425
0 0.870417 0.5225 0.0291667 0.03
0 0.265417 0.433333 0.0358333 0.0366667
0 0.0341667 0.488333 0.04 0.045
0 0.990417 0.65875 0.0175 0.0358333
0 0.68625 0.8025 0.0325 0.0366667
0 0.0141667 0.876667 0.0283333 0.0383333
0 0.299167 0.7875 0.0383333 0.0433333
0 0.407917 0.326667 0.0341667 0.0366667
0 0.809583 0.1225 0.0325 0.0333333
0 0.374167 0.95125 0.04 0.0425
0 0.367083 0.816667 0.0358333 0.0383333
0 0.124583 0.795833 0.0291667 0.0316667
0 0.74125 0.1325 0.0358333 0.04
0 0.9225 0.0108333 0.0333333 0.0216667
0 0.66125 0.212083 0.0341667 0.0358333
0 0.631667 0.0783333 0.0383333 0.0383333
0 0.7575 0.69625 0.0366667 0.0408333
0 0.315833 0.883333 0.035 0.0383333
0 0.511667 0.965 0.035 0.0383333
0 0.17875 0.82 0.0375 0.0433333
0 0.7075 0.0125 0.035 0.0233333
0 0.480417 0.2225 0.0375 0.04
0 0.447917 0.62375 0.0358333 0.0391667
0 0.415833 0.280417 0.0383333 0.0391667
0 0.380417 0.30875 0.0341667 0.0375
0 0.500833 0.1625 0.03 0.0316667
0 0.443333 0.5725 0.0316667 0.0333333
0 0.829167 0.287917 0.035 0.0375
0 0.734583 0.61375 0.0291667 0.0308333
0 0.541667 0.284167 0.0383333 0.0416667
0 0.905 0.384167 0.0383333 0.0383333
0 0.06625 0.700417 0.0375 0.0391667
0 0.17375 0.607917 0.0358333 0.0375
0 0.0420833 0.942917 0.0358333 0.0375
0 0.68875 0.61 0.0341667 0.04
0 0.642083 0.117083 0.0275 0.0291667
0 0.36125 0.3875 0.0341667 0.0366667
0 0.432917 0.948333 0.0325 0.0366667
0 0.986667 0.39875 0.0266667 0.0391667
0 0.516667 0.482083 0.03 0.0358333
0 0.418333 0.81625 0.0316667 0.0341667
0 0.60875 0.705417 0.0358333 0.0391667
0 0.86 0.160417 0.0316667 0.0341667
0 0.8175 0.402083 0.0333333 0.0341667
0 0.09 0.0116667 0.0366667 0.0233333
0 0.9875 0.517917 0.025 0.0391667
0 0.246667 0.91875 0.035 0.0375
0 0.574583 0.424167 0.0358333 0.0383333
0 0.0766667 0.738333 0.03 0.0333333
0 0.778333 0.312083 0.0333333 0.0341667
0 0.685833 0.284167 0.035 0.0383333
0 0.5075 0.689167 0.0366667 0.0383333
0 0.876667 0.194167 0.035 0.04
0 0.71625 0.777917 0.0358333 0.0375
0 0.905833 0.35 0.0316667 0.0333333
0 0.57625 0.379583 0.0341667 0.0358333
0 0.32375 0.533333 0.0341667 0.035
0 0.439583 0.989583 0.0341667 0.0191667
0 0.551667 0.765833 0.0333333 0.035
0 0.745 0.0879167 0.035 0.0391667
0 0.391667 0.593333 0.03 0.0316667
0 0.659167 0.450833 0.03 0.0316667
0 0.48125 0.79625 0.0308333 0.0325
0 0.6325 0.567917 0.0366667 0.0391667
0 0.264167 0.8475 0.035 0.0383333
0 0.707917 0.1725 0.0341667 0.035
0 0.280833 0.912917 0.0316667 0.0341667
0 0.782917 0.353333 0.0358333 0.0383333
0 0.197917 0.7475 0.0325 0.035
0 0.2575 0.725 0.0383333 0.04
0 0.609167 0.294167 0.0283333 0.0316667
0 0.894583 0.111667 0.0358333 0.04
0 0.0933333 0.4825 0.035 0.0383333
0 0.428333 0.87375 0.0316667 0.0358333
0 0.479583 0.575 0.0325 0.0366667
0 0.545 0.667083 0.0316667 0.0325
0 0.109583 0.717917 0.0358333 0.0391667
0 0.405 0.57 0.0383333 0.04
0 0.14875 0.749167 0.0375 0.0416667
0 0.961667 0.34625 0.0333333 0.0375
0 0.0179167 0.143333 0.0308333 0.0333333
0 0.6675 0.397917 0.03 0.0308333
0 0.4575 0.412083 0.0383333 0.0425
0 0.650833 0.332917 0.0316667 0.0341667
0 0.76 0.239167 0.03 0.0333333
0 0.352917 0.413333 0.0358333 0.0383333
0 0.349167 0.474167 0.0366667 0.0383333
0 0.298333 0.4025 0.0333333 0.0366667
0 0.142083 0.824583 0.0358333 0.0391667
0 0.875417 0.0808333 0.0308333 0.0333333
0 0.158333 0.861667 0.035 0.0366667
0 0.577083 0.879167 0.0358333 0.0366667
0 0.961667 0.0475 0.0333333 0.0366667
0 0.450417 0.517083 0.0325 0.0341667
0 0.958333 0.465 0.03 0.0316667
0 0.215833 0.648333 0.0366667 0.04
0 0.05375 0.77125 0.0325 0.0341667
0 0.985833 0.26 0.0283333 0.0333333
0 0.274167 0.371667 0.035 0.0366667
0 0.475 0.650417 0.0333333 0.0358333
0 0.545417 0.464167 0.0358333 0.0416667
0 0.194167 0.507083 0.03 0.0325
0 0.562917 0.53375 0.0375 0.0408333
0 0.829167 0.2325 0.035 0.0383333
0 0.215 0.94875 0.0316667 0.0341667
0 0.42625 0.43875 0.0341667 0.0391667
0 0.08625 0.907083 0.0341667 0.0358333
0 0.0620833 0.8225 0.0291667 0.0316667
0 0.0558333 0.98625 0.0316667 0.0258333
0 0.79625 0.549583 0.0341667 0.0375
0 0.260833 0.485833 0.0333333 0.0366667
0 0.625417 0.405 0.0325 0.0333333
0 0.43125 0.7175 0.0358333 0.0383333
0 0.36375 0.890833 0.0358333 0.0383333
0 0.205833 0.45 0.0316667 0.035
0 0.889583 0.670833 0.0341667 0.0366667
0 0.1625 0.684583 0.035 0.0391667
0 0.95125 0.20875 0.0341667 0.0358333
0 0.299583 0.482917 0.0341667 0.0358333
0 0.505833 0.894583 0.0333333 0.0358333
0 0.13875 0.481667 0.0325 0.035
0 0.930833 0.0654167 0.035 0.0391667
0 0.856667 0.04875 0.0316667 0.0341667
0 0.360833 0.640417 0.03 0.0325
0 0.602917 0.63625 0.0325 0.0358333
0 0.106667 0.614583 0.0333333 0.0375
